1701364176559, 2023-11-30T17:09:36.559Z, 214.192142, 415.015267
1701364176572, 2023-11-30T17:09:36.572Z, 224.30444849999998, 416.9921865
1701364176594, 2023-11-30T17:09:36.594Z, 211.13282666666666, 427.9123193333333
1701364176619, 2023-11-30T17:09:36.619Z, 195.34231375, 436.94474449999996
1701364176635, 2023-11-30T17:09:36.635Z, 190.30128679999999, 440.2924706
1701364176651, 2023-11-30T17:09:36.651Z, 174.1139042, 452.413403
1701364176665, 2023-11-30T17:09:36.665Z, 152.8106764, 465.5259876
1701364176681, 2023-11-30T17:09:36.681Z, 143.15182000000001, 471.7393857999999
1701364176701, 2023-11-30T17:09:36.701Z, 150.00755160000003, 467.7415075999999
1701364176729, 2023-11-30T17:09:36.729Z, 152.3880086, 465.6105326
1701364176746, 2023-11-30T17:09:36.746Z, 160.86118259999998, 458.0558666
1701364176760, 2023-11-30T17:09:36.760Z, 170.1719818, 449.41584780000005
1701364176776, 2023-11-30T17:09:36.776Z, 175.1995934, 443.43461360000003
1701364176791, 2023-11-30T17:09:36.791Z, 168.8441984, 446.89940340000004
1701364176806, 2023-11-30T17:09:36.806Z, 165.45271639999999, 450.17885419999993
1701364176823, 2023-11-30T17:09:36.823Z, 164.49943159999998, 453.0910593999999
1701364176838, 2023-11-30T17:09:36.838Z, 171.72895239999997, 452.31487960000004
1701364176854, 2023-11-30T17:09:36.854Z, 185.54188019999998, 448.5718124
1701364176870, 2023-11-30T17:09:36.870Z, 204.6115796, 441.645746
1701364176896, 2023-11-30T17:09:36.896Z, 227.20784280000004, 432.5209806
1701364176917, 2023-11-30T17:09:36.917Z, 247.2256238, 424.0305198
1701364176933, 2023-11-30T17:09:36.933Z, 260.6064258, 418.329879
1701364176948, 2023-11-30T17:09:36.948Z, 275.3368766, 412.9203828000001
1701364176964, 2023-11-30T17:09:36.964Z, 283.08631239999994, 409.13676619999995
1701364176979, 2023-11-30T17:09:36.979Z, 284.8166338, 407.85565499999996
1701364176995, 2023-11-30T17:09:36.995Z, 289.4445684, 406.01620579999997
1701364177011, 2023-11-30T17:09:37.011Z, 290.15911480000005, 406.29502060000004
1701364177027, 2023-11-30T17:09:37.027Z, 286.6152542, 407.1842189999999
1701364177044, 2023-11-30T17:09:37.044Z, 285.84035439999997, 409.1454364
1701364177075, 2023-11-30T17:09:37.075Z, 266.255625, 419.88858200000004
1701364177091, 2023-11-30T17:09:37.091Z, 250.99027099999995, 430.43948579999994
1701364177105, 2023-11-30T17:09:37.105Z, 241.0944332, 436.8063422
1701364177120, 2023-11-30T17:09:37.120Z, 235.4263966, 439.63866640000003
1701364177135, 2023-11-30T17:09:37.135Z, 236.95192640000005, 436.11020040000005
1701364177151, 2023-11-30T17:09:37.151Z, 264.0714002, 425.01296139999994
1701364177167, 2023-11-30T17:09:37.167Z, 286.243982, 415.88278499999996
1701364177196, 2023-11-30T17:09:37.196Z, 308.1551068, 407.87021139999996
1701364177214, 2023-11-30T17:09:37.214Z, 329.2211792, 403.8709186
1701364177230, 2023-11-30T17:09:37.230Z, 344.80254, 404.6025796
1701364177245, 2023-11-30T17:09:37.245Z, 353.472843, 403.07331439999996
1701364177261, 2023-11-30T17:09:37.261Z, 360.55282320000003, 400.9452004
1701364177277, 2023-11-30T17:09:37.277Z, 361.03731619999996, 400.4956164
1701364177293, 2023-11-30T17:09:37.293Z, 359.1609644, 398.90363220000006
1701364177308, 2023-11-30T17:09:37.308Z, 357.41004919999995, 396.39862299999993
1701364177322, 2023-11-30T17:09:37.322Z, 354.56443, 394.5008801999999
1701364177345, 2023-11-30T17:09:37.345Z, 350.86524080000004, 392.96376899999996
1701364177356, 2023-11-30T17:09:37.356Z, 350.3424552, 391.2929684
1701364177402, 2023-11-30T17:09:37.402Z, 345.90128519999996, 390.681286
1701364177448, 2023-11-30T17:09:37.448Z, 333.83328919999997, 391.9545794
1701364177495, 2023-11-30T17:09:37.495Z, 304.1356714, 403.6548314
1701364177511, 2023-11-30T17:09:37.511Z, 295.4847466, 435.7211037999999
1701364177526, 2023-11-30T17:09:37.526Z, 263.87710300000003, 462.63590480000005
1701364177542, 2023-11-30T17:09:37.542Z, 218.9094686, 494.2450156000001
1701364177557, 2023-11-30T17:09:37.557Z, 181.18980900000003, 523.7866236
1701364177572, 2023-11-30T17:09:37.572Z, 155.95325359999998, 544.0600622
1701364177589, 2023-11-30T17:09:37.589Z, 107.7980892, 551.0827568000001
1701364177603, 2023-11-30T17:09:37.603Z, 89.6853318, 552.3477241999999
1701364177621, 2023-11-30T17:09:37.621Z, 88.9207434, 545.7386214
1701364177646, 2023-11-30T17:09:37.646Z, 95.0362788, 535.6973124
1701364177666, 2023-11-30T17:09:37.666Z, 101.4164846, 527.8571126
1701364177682, 2023-11-30T17:09:37.682Z, 108.65467879999999, 513.5166162
1701364177697, 2023-11-30T17:09:37.697Z, 109.6037648, 509.96547979999997
1701364177713, 2023-11-30T17:09:37.713Z, 111.0469382, 509.473443
1701364177729, 2023-11-30T17:09:37.729Z, 101.96232760000001, 513.1904692
1701364177744, 2023-11-30T17:09:37.744Z, 101.41747740000001, 513.8998836000001
1701364177759, 2023-11-30T17:09:37.759Z, 104.44345419999999, 513.2120562
1701364177776, 2023-11-30T17:09:37.776Z, 103.5857594, 513.6594034000001
1701364177795, 2023-11-30T17:09:37.795Z, 101.24378499999999, 513.3725406
1701364177806, 2023-11-30T17:09:37.806Z, 99.6434986, 511.44906019999996
1701364177837, 2023-11-30T17:09:37.837Z, 86.93770099999999, 511.7924661999999
1701364177853, 2023-11-30T17:09:37.853Z, 73.05301060000001, 514.1242524
1701364177869, 2023-11-30T17:09:37.869Z, 61.8325512, 519.4651633999999
1701364177884, 2023-11-30T17:09:37.884Z, 49.5544262, 525.8709965999999
1701364177900, 2023-11-30T17:09:37.900Z, 41.9151568, 535.9662576
1701364177914, 2023-11-30T17:09:37.914Z, 42.763320799999995, 544.6729244
1701364177942, 2023-11-30T17:09:37.942Z, 44.4979862, 557.973666
1701364177960, 2023-11-30T17:09:37.960Z, 51.59217099999999, 566.8791494
1701364177976, 2023-11-30T17:09:37.976Z, 65.3976856, 576.8634088000001
1701364177993, 2023-11-30T17:09:37.993Z, 80.3758408, 584.1707233999999
1701364178007, 2023-11-30T17:09:38.007Z, 101.4616168, 589.9451208
1701364178022, 2023-11-30T17:09:38.022Z, 123.7731272, 590.1282002
1701364178039, 2023-11-30T17:09:38.039Z, 142.4336706, 589.676815
1701364178053, 2023-11-30T17:09:38.053Z, 155.852589, 586.578565
1701364178069, 2023-11-30T17:09:38.069Z, 167.6730406, 583.5882406
1701364178096, 2023-11-30T17:09:38.096Z, 172.4702662, 582.6224259999999
1701364178118, 2023-11-30T17:09:38.118Z, 178.7094028, 581.427109
1701364178132, 2023-11-30T17:09:38.132Z, 185.10079739999998, 580.5953939999999
1701364178147, 2023-11-30T17:09:38.147Z, 188.147583, 582.0307812
1701364178162, 2023-11-30T17:09:38.162Z, 192.8798172, 584.5991367999999
1701364178177, 2023-11-30T17:09:38.177Z, 200.9705716, 586.769192
1701364178193, 2023-11-30T17:09:38.193Z, 206.786765, 587.7076992
1701364178209, 2023-11-30T17:09:38.209Z, 214.4505584, 588.6732828
1701364178224, 2023-11-30T17:09:38.224Z, 222.6224904, 588.8099718000001
1701364178246, 2023-11-30T17:09:38.246Z, 227.6312672, 590.27113
1701364178271, 2023-11-30T17:09:38.271Z, 227.98953619999997, 591.8081508
1701364178286, 2023-11-30T17:09:38.286Z, 224.7704914, 595.6335728
1701364178302, 2023-11-30T17:09:38.302Z, 219.1848136, 599.590673
1701364178320, 2023-11-30T17:09:38.320Z, 216.97770819999997, 603.681008
1701364178349, 2023-11-30T17:09:38.349Z, 215.80106299999997, 607.3962112
1701364178364, 2023-11-30T17:09:38.364Z, 219.91627439999996, 613.6421736
1701364178391, 2023-11-30T17:09:38.391Z, 236.5671796, 620.6874682
1701364178411, 2023-11-30T17:09:38.411Z, 257.5243474, 628.78568
1701364178426, 2023-11-30T17:09:38.426Z, 283.1339236, 630.5775616
1701364178443, 2023-11-30T17:09:38.443Z, 307.4725738, 630.8449039999999
1701364178458, 2023-11-30T17:09:38.458Z, 330.67667500000005, 625.622125
1701364178475, 2023-11-30T17:09:38.475Z, 344.28652420000003, 618.5732494
1701364178489, 2023-11-30T17:09:38.489Z, 352.10438740000006, 610.9648881999999
1701364178504, 2023-11-30T17:09:38.504Z, 353.915825, 610.1735146
1701364178519, 2023-11-30T17:09:38.519Z, 356.09598040000003, 609.7244736
1701364178547, 2023-11-30T17:09:38.547Z, 357.99063259999997, 610.8703972000001
1701364178565, 2023-11-30T17:09:38.565Z, 359.5743002, 611.6617060000001
1701364178581, 2023-11-30T17:09:38.581Z, 358.9328828, 615.0817824
1701364178597, 2023-11-30T17:09:38.597Z, 355.6728884, 619.4696356000001
1701364178611, 2023-11-30T17:09:38.611Z, 370.2369702, 619.8517956
1701364178628, 2023-11-30T17:09:38.628Z, 391.05118860000005, 617.2800542
1701364178643, 2023-11-30T17:09:38.643Z, 416.79100560000006, 613.7150804
1701364178659, 2023-11-30T17:09:38.659Z, 446.54868880000004, 607.3731494
1701364178676, 2023-11-30T17:09:38.676Z, 477.95403180000005, 599.0492598000001
1701364178697, 2023-11-30T17:09:38.697Z, 502.84870420000004, 591.4588994
1701364178707, 2023-11-30T17:09:38.707Z, 520.4393418, 586.6889209999999
1701364178753, 2023-11-30T17:09:38.753Z, 531.7929386, 582.6577856
1701364178769, 2023-11-30T17:09:38.769Z, 549.156508, 584.7673601999999
1701364178785, 2023-11-30T17:09:38.785Z, 565.8154656, 591.7350442
1701364178800, 2023-11-30T17:09:38.800Z, 571.0853682, 600.8139668
1701364178815, 2023-11-30T17:09:38.815Z, 577.2542218000001, 608.4679788000001
1701364178841, 2023-11-30T17:09:38.841Z, 585.0664554, 616.5176880000001
1701364178862, 2023-11-30T17:09:38.862Z, 598.3124802, 607.9691172
1701364178877, 2023-11-30T17:09:38.877Z, 614.6402738, 590.5299372000001
1701364178893, 2023-11-30T17:09:38.893Z, 629.1762778, 573.9181484000001
1701364178908, 2023-11-30T17:09:38.908Z, 642.249618, 558.4640054
1701364178923, 2023-11-30T17:09:38.923Z, 656.151307, 542.4565054000001
1701364178940, 2023-11-30T17:09:38.940Z, 660.0491634, 536.1260326
1701364178955, 2023-11-30T17:09:38.955Z, 660.9927374000001, 533.4355434
1701364178971, 2023-11-30T17:09:38.971Z, 660.3819072, 534.2912128
1701364178995, 2023-11-30T17:09:38.995Z, 659.236719, 535.7476383999999
1701364179019, 2023-11-30T17:09:39.019Z, 655.6958628, 538.3246558
1701364179032, 2023-11-30T17:09:39.032Z, 651.5657894, 539.698818
1701364179046, 2023-11-30T17:09:39.046Z, 648.3914566, 541.496461
1701364179062, 2023-11-30T17:09:39.062Z, 648.2657008, 539.7874498000001
1701364179078, 2023-11-30T17:09:39.078Z, 644.5990988, 542.2809118
1701364179093, 2023-11-30T17:09:39.093Z, 646.1444206, 543.4879084
1701364179109, 2023-11-30T17:09:39.109Z, 648.0131662, 547.0560267999999
1701364179124, 2023-11-30T17:09:39.124Z, 653.3680746, 550.947404
1701364179144, 2023-11-30T17:09:39.144Z, 659.2536905999999, 556.1447092000001
1701364179170, 2023-11-30T17:09:39.170Z, 668.9740178, 558.5699457999999
1701364179201, 2023-11-30T17:09:39.201Z, 674.6259561999999, 563.5127978
1701364179247, 2023-11-30T17:09:39.247Z, 683.0149101999999, 565.5550873999999
1701364179247, 2023-11-30T17:09:39.247Z, 690.1641655999999, 566.4574448000001
1701364179294, 2023-11-30T17:09:39.294Z, 700.2782012, 563.3305594
1701364179326, 2023-11-30T17:09:39.326Z, 709.7636556, 553.234018
1701364179342, 2023-11-30T17:09:39.342Z, 713.1909118000001, 540.4008986
1701364179358, 2023-11-30T17:09:39.358Z, 707.6112828000001, 530.4645892000001
1701364179374, 2023-11-30T17:09:39.374Z, 693.9808252, 522.8322718000001
1701364179388, 2023-11-30T17:09:39.388Z, 610.9356032, 535.8545848
1701364179404, 2023-11-30T17:09:39.404Z, 509.7834534, 555.0815714
1701364179420, 2023-11-30T17:09:39.420Z, 416.9048028, 568.676847
1701364179446, 2023-11-30T17:09:39.446Z, 320.5759004, 583.9348324
1701364179466, 2023-11-30T17:09:39.466Z, 229.3949126, 594.4638155999999
1701364179480, 2023-11-30T17:09:39.480Z, 201.5217882, 587.7351788000001
1701364179496, 2023-11-30T17:09:39.496Z, 193.2437438, 580.4985232
1701364179512, 2023-11-30T17:09:39.512Z, 176.29024299999998, 582.0369607999999
1701364179527, 2023-11-30T17:09:39.527Z, 166.3941482, 584.529912
1701364179543, 2023-11-30T17:09:39.543Z, 161.4137716, 585.068614
1701364179559, 2023-11-30T17:09:39.559Z, 159.9203608, 584.724688
1701364179576, 2023-11-30T17:09:39.576Z, 159.6973034, 585.8764724
1701364179598, 2023-11-30T17:09:39.598Z, 165.7440754, 587.3485094
1701364179622, 2023-11-30T17:09:39.622Z, 171.17255100000003, 585.5994158
1701364179637, 2023-11-30T17:09:39.637Z, 172.819543, 584.3577094
1701364179653, 2023-11-30T17:09:39.653Z, 171.48951160000001, 583.0042794
1701364179670, 2023-11-30T17:09:39.670Z, 161.54868340000002, 579.6373738
1701364179700, 2023-11-30T17:09:39.700Z, 151.1426712, 575.8294948
1701364179732, 2023-11-30T17:09:39.732Z, 143.9935256, 573.1913144
1701364179746, 2023-11-30T17:09:39.746Z, 131.1019854, 585.4052238
1701364179763, 2023-11-30T17:09:39.763Z, 121.4725842, 597.6909628
1701364179779, 2023-11-30T17:09:39.779Z, 119.37267159999999, 607.6284416
1701364179794, 2023-11-30T17:09:39.794Z, 116.90680979999999, 619.4525879999999
1701364179810, 2023-11-30T17:09:39.810Z, 115.31250559999998, 627.1388416
1701364179827, 2023-11-30T17:09:39.827Z, 121.0719024, 623.9494698000001
1701364179843, 2023-11-30T17:09:39.843Z, 125.96069459999998, 621.8418943999999
1701364179858, 2023-11-30T17:09:39.858Z, 136.1438512, 619.1911272
1701364179874, 2023-11-30T17:09:39.874Z, 148.6878164, 611.7770407999999
1701364179895, 2023-11-30T17:09:39.895Z, 166.1568052, 599.8723878
1701364179921, 2023-11-30T17:09:39.921Z, 181.332396, 590.618154
1701364179937, 2023-11-30T17:09:39.937Z, 195.0972088, 586.1480628
1701364179954, 2023-11-30T17:09:39.954Z, 203.26120780000002, 585.1106622
1701364179971, 2023-11-30T17:09:39.971Z, 212.162505, 582.9224722
1701364179985, 2023-11-30T17:09:39.985Z, 216.58803740000002, 587.9104886
1701364180000, 2023-11-30T17:09:40.000Z, 221.712369, 590.5247304000001
1701364180017, 2023-11-30T17:09:40.017Z, 224.6634806, 588.2711166
1701364180062, 2023-11-30T17:09:40.062Z, 231.37143959999997, 586.0563458
1701364180077, 2023-11-30T17:09:40.077Z, 241.575785, 586.7739426
1701364180092, 2023-11-30T17:09:40.092Z, 255.37767560000003, 585.8708554
1701364180108, 2023-11-30T17:09:40.108Z, 267.0776204, 585.6866329999999
1701364180124, 2023-11-30T17:09:40.124Z, 288.580532, 583.1592286
1701364180139, 2023-11-30T17:09:40.139Z, 306.21752879999997, 580.8785854
1701364180155, 2023-11-30T17:09:40.155Z, 316.42783, 575.942977
1701364180170, 2023-11-30T17:09:40.170Z, 323.59029499999997, 572.1900296
1701364180191, 2023-11-30T17:09:40.191Z, 329.78380039999996, 568.8537514000001
1701364180216, 2023-11-30T17:09:40.216Z, 330.1964536, 567.4186214
1701364180231, 2023-11-30T17:09:40.231Z, 328.5777098, 566.3872198
1701364180247, 2023-11-30T17:09:40.247Z, 327.46934799999997, 566.7203214
1701364180263, 2023-11-30T17:09:40.263Z, 324.65141099999994, 567.7845748
1701364180278, 2023-11-30T17:09:40.278Z, 325.03807559999996, 568.1069472
1701364180293, 2023-11-30T17:09:40.293Z, 332.23371380000003, 570.6060232
1701364180310, 2023-11-30T17:09:40.310Z, 344.7620898, 571.4536306
1701364180325, 2023-11-30T17:09:40.325Z, 362.0627366, 572.5842864
1701364180344, 2023-11-30T17:09:40.344Z, 384.9664132, 572.1350414
1701364180360, 2023-11-30T17:09:40.360Z, 406.775087, 572.4044318
1701364180372, 2023-11-30T17:09:40.372Z, 418.52204600000005, 572.7805759999999
1701364180390, 2023-11-30T17:09:40.390Z, 426.91568419999993, 574.8911166
1701364180418, 2023-11-30T17:09:40.418Z, 432.6257653999999, 577.1271532
1701364180436, 2023-11-30T17:09:40.436Z, 432.5570114, 576.0927954
1701364180449, 2023-11-30T17:09:40.449Z, 434.08403200000004, 574.2108486
1701364180466, 2023-11-30T17:09:40.466Z, 436.7362644, 568.8321238
1701364180498, 2023-11-30T17:09:40.498Z, 437.7365336, 561.0059793999999
1701364180512, 2023-11-30T17:09:40.512Z, 436.9727664, 552.7943306
1701364180528, 2023-11-30T17:09:40.528Z, 434.2587168, 549.3145724
1701364180543, 2023-11-30T17:09:40.543Z, 432.87530720000007, 546.6346036
1701364180559, 2023-11-30T17:09:40.559Z, 437.55321080000004, 544.9471732
1701364180575, 2023-11-30T17:09:40.575Z, 452.8754422, 548.5221238
1701364180590, 2023-11-30T17:09:40.590Z, 474.28118000000006, 551.857155
1701364180606, 2023-11-30T17:09:40.606Z, 497.15825400000006, 557.2406265999999
1701364180620, 2023-11-30T17:09:40.620Z, 520.5367766, 561.9055892
1701364180641, 2023-11-30T17:09:40.641Z, 540.2755522, 567.3902327999999
1701364180667, 2023-11-30T17:09:40.667Z, 555.3649831999999, 570.0458735999999
1701364180682, 2023-11-30T17:09:40.682Z, 566.7784634000001, 573.3192802
1701364180699, 2023-11-30T17:09:40.699Z, 575.5506002, 573.9175566
1701364180714, 2023-11-30T17:09:40.714Z, 580.7752052, 573.9449357999999
1701364180729, 2023-11-30T17:09:40.729Z, 582.2607908, 573.1343236
1701364180744, 2023-11-30T17:09:40.744Z, 573.6810084, 571.7920526
1701364180760, 2023-11-30T17:09:40.760Z, 561.3287532, 570.1763454
1701364180777, 2023-11-30T17:09:40.777Z, 553.8830682, 568.5877916
1701364180796, 2023-11-30T17:09:40.796Z, 550.5311148000001, 567.1155879999999
1701364180823, 2023-11-30T17:09:40.823Z, 550.8153408000001, 565.100108
1701364180840, 2023-11-30T17:09:40.840Z, 552.6575540000001, 564.4554476
1701364180868, 2023-11-30T17:09:40.868Z, 560.4625963999999, 563.7596018
1701364180900, 2023-11-30T17:09:40.900Z, 577.9785964, 563.466504
1701364180916, 2023-11-30T17:09:40.916Z, 592.4165859999999, 565.2592674
1701364180946, 2023-11-30T17:09:40.946Z, 607.0187362, 568.4505674
1701364180963, 2023-11-30T17:09:40.963Z, 623.7293652, 569.1845316
1701364180977, 2023-11-30T17:09:40.977Z, 638.7976836, 570.5984884
1701364180993, 2023-11-30T17:09:40.993Z, 642.1972096, 572.9802064000002
1701364181010, 2023-11-30T17:09:41.010Z, 642.1980575999999, 570.0012396
1701364181024, 2023-11-30T17:09:41.024Z, 646.561042, 565.1319973999999
1701364181040, 2023-11-30T17:09:41.040Z, 651.834866, 563.0489252
1701364181057, 2023-11-30T17:09:41.057Z, 650.845752, 560.5169907999999
1701364181071, 2023-11-30T17:09:41.071Z, 640.3710032000001, 556.5102117999999
1701364181092, 2023-11-30T17:09:41.092Z, 632.7707508, 555.6264776
1701364181118, 2023-11-30T17:09:41.118Z, 597.6216864, 555.0059951999999
1701364181134, 2023-11-30T17:09:41.134Z, 564.8418604, 554.3322856
1701364181150, 2023-11-30T17:09:41.150Z, 532.7368288, 555.8746048
1701364181165, 2023-11-30T17:09:41.165Z, 506.3113986, 559.1004612
1701364181180, 2023-11-30T17:09:41.180Z, 480.34490020000004, 563.3466518
1701364181198, 2023-11-30T17:09:41.198Z, 484.3933376, 568.2841478
1701364181213, 2023-11-30T17:09:41.213Z, 490.8475026, 571.1129800000001
1701364181228, 2023-11-30T17:09:41.228Z, 501.45684600000004, 571.0828180000001
1701364181247, 2023-11-30T17:09:41.247Z, 514.165222, 570.2989478000001
1701364181275, 2023-11-30T17:09:41.275Z, 521.7213908, 570.9505144000001
1701364181291, 2023-11-30T17:09:41.291Z, 458.1531739999999, 585.0846798
1701364181306, 2023-11-30T17:09:41.306Z, 385.25246699999997, 599.7083632
1701364181324, 2023-11-30T17:09:41.324Z, 304.1290406, 619.1904548
1701364181339, 2023-11-30T17:09:41.339Z, 220.2739552, 639.0511724
1701364181354, 2023-11-30T17:09:41.354Z, 141.3335672, 657.0649282
1701364181369, 2023-11-30T17:09:41.369Z, 124.0163542, 667.4904220000001
1701364181395, 2023-11-30T17:09:41.395Z, 114.82662459999999, 674.2145522
1701364181416, 2023-11-30T17:09:41.416Z, 111.16037759999999, 679.3037502
1701364181431, 2023-11-30T17:09:41.431Z, 109.5399774, 687.9589481999999
1701364181447, 2023-11-30T17:09:41.447Z, 111.944492, 693.231554
1701364181463, 2023-11-30T17:09:41.463Z, 111.46696319999998, 696.6892443999999
1701364181478, 2023-11-30T17:09:41.478Z, 108.98678939999999, 701.8352475999999
1701364181493, 2023-11-30T17:09:41.493Z, 108.789432, 704.1247224
1701364181509, 2023-11-30T17:09:41.509Z, 109.75290060000002, 702.2611142
1701364181524, 2023-11-30T17:09:41.524Z, 113.37089059999998, 698.5148333999999
1701364181542, 2023-11-30T17:09:41.542Z, 122.8871304, 689.3116213999999
1701364181570, 2023-11-30T17:09:41.570Z, 140.12234800000002, 677.204422
1701364181587, 2023-11-30T17:09:41.587Z, 153.73856419999998, 665.7031822
1701364181601, 2023-11-30T17:09:41.601Z, 168.6336092, 654.7476354
1701364181617, 2023-11-30T17:09:41.617Z, 177.67506039999998, 651.1034866
1701364181632, 2023-11-30T17:09:41.632Z, 185.9854914, 650.420564
1701364181651, 2023-11-30T17:09:41.651Z, 185.118763, 654.9950412000001
1701364181678, 2023-11-30T17:09:41.678Z, 188.17558379999997, 658.1854000000001
1701364181695, 2023-11-30T17:09:41.695Z, 188.72003879999997, 662.4199612
1701364181726, 2023-11-30T17:09:41.726Z, 187.9141024, 662.4060124
1701364181741, 2023-11-30T17:09:41.741Z, 186.83386159999998, 662.1028824000001
1701364181757, 2023-11-30T17:09:41.757Z, 187.4002516, 659.4367684000001
1701364181773, 2023-11-30T17:09:41.773Z, 184.35755020000002, 663.1693046
1701364181789, 2023-11-30T17:09:41.789Z, 183.2285096, 663.8904071999999
1701364181804, 2023-11-30T17:09:41.804Z, 181.69860160000002, 666.732437
1701364181822, 2023-11-30T17:09:41.822Z, 174.76379479999997, 670.5702072000001
1701364181844, 2023-11-30T17:09:41.844Z, 169.394431, 674.3135136000001
1701364181868, 2023-11-30T17:09:41.868Z, 166.3666952, 672.2101004
1701364181883, 2023-11-30T17:09:41.883Z, 160.9093058, 670.955361
1701364181898, 2023-11-30T17:09:41.898Z, 153.6266096, 671.6313774
1701364181914, 2023-11-30T17:09:41.914Z, 146.48654679999999, 675.2533328000002
1701364181929, 2023-11-30T17:09:41.929Z, 137.970083, 680.9599645999999
1701364181944, 2023-11-30T17:09:41.944Z, 130.78203639999998, 687.4796217999999
1701364181960, 2023-11-30T17:09:41.960Z, 124.7438352, 695.7115866
1701364181976, 2023-11-30T17:09:41.976Z, 123.29792660000001, 701.9024168000001
1701364181992, 2023-11-30T17:09:41.992Z, 125.9610314, 704.0489622
1701364182024, 2023-11-30T17:09:42.024Z, 125.47154, 707.3676
1701364182040, 2023-11-30T17:09:42.040Z, 122.43695399999999, 711.6073966
1701364182071, 2023-11-30T17:09:42.071Z, 117.96761620000002, 715.639756
1701364182086, 2023-11-30T17:09:42.086Z, 111.88668820000001, 719.791702
1701364182102, 2023-11-30T17:09:42.102Z, 106.493866, 719.1835994
1701364182118, 2023-11-30T17:09:42.118Z, 102.982632, 717.389776
1701364182149, 2023-11-30T17:09:42.149Z, 102.8072232, 714.6724032
1701364182163, 2023-11-30T17:09:42.163Z, 104.4786012, 710.8668524
1701364182179, 2023-11-30T17:09:42.179Z, 104.9779722, 706.8573458
1701364182195, 2023-11-30T17:09:42.195Z, 105.06391, 708.517032
1701364182211, 2023-11-30T17:09:42.211Z, 104.2413002, 711.3396716
1701364182228, 2023-11-30T17:09:42.228Z, 100.4236514, 717.7286834
1701364182243, 2023-11-30T17:09:42.243Z, 97.9561564, 726.1050934000001
1701364182259, 2023-11-30T17:09:42.259Z, 97.4800894, 733.4357886
1701364182275, 2023-11-30T17:09:42.275Z, 97.1009178, 738.6434714
1701364182297, 2023-11-30T17:09:42.297Z, 98.9175344, 740.8828036
1701364182322, 2023-11-30T17:09:42.322Z, 102.8151488, 740.6687644
1701364182338, 2023-11-30T17:09:42.338Z, 107.392093, 737.3911194
1701364182353, 2023-11-30T17:09:42.353Z, 111.01122560000002, 735.4018614
1701364182371, 2023-11-30T17:09:42.371Z, 116.40772980000001, 734.6416322
1701364182400, 2023-11-30T17:09:42.400Z, 120.34441260000001, 735.662452
1701364182416, 2023-11-30T17:09:42.416Z, 123.24227600000002, 736.4250098
1701364182441, 2023-11-30T17:09:42.441Z, 115.5044356, 746.6795169999999
1701364182459, 2023-11-30T17:09:42.459Z, 112.17168199999999, 754.9717589999999
1701364182479, 2023-11-30T17:09:42.479Z, 108.71427960000001, 763.1911348000001
1701364182495, 2023-11-30T17:09:42.495Z, 104.08720760000001, 771.7180794000001
1701364182511, 2023-11-30T17:09:42.511Z, 105.10161760000001, 781.6892076
1701364182526, 2023-11-30T17:09:42.526Z, 113.44282539999999, 784.0730430000001
1701364182541, 2023-11-30T17:09:42.541Z, 117.91438879999998, 787.6688822
1701364182557, 2023-11-30T17:09:42.557Z, 122.60363379999998, 792.0710348
1701364182572, 2023-11-30T17:09:42.572Z, 128.8977348, 796.432556
1701364182604, 2023-11-30T17:09:42.604Z, 132.01298839999998, 799.7677283999999
1701364182620, 2023-11-30T17:09:42.620Z, 137.1086612, 800.9393366
1701364182635, 2023-11-30T17:09:42.635Z, 138.90801319999997, 800.8789892
1701364182651, 2023-11-30T17:09:42.651Z, 140.0651022, 799.6885420000001
1701364182666, 2023-11-30T17:09:42.666Z, 139.82518399999998, 797.7218778
1701364182697, 2023-11-30T17:09:42.697Z, 135.2076378, 792.4040864
1701364182712, 2023-11-30T17:09:42.712Z, 130.97183639999997, 789.6670733999999
1701364182728, 2023-11-30T17:09:42.728Z, 125.55159179999998, 789.8535138
1701364182747, 2023-11-30T17:09:42.747Z, 119.0709898, 789.7618438
1701364182758, 2023-11-30T17:09:42.758Z, 116.69538280000002, 787.75319
1701364182775, 2023-11-30T17:09:42.775Z, 121.30443620000001, 789.9646522
1701364182806, 2023-11-30T17:09:42.806Z, 128.3714448, 790.0453254
1701364182821, 2023-11-30T17:09:42.821Z, 146.7609994, 785.0429142
1701364182838, 2023-11-30T17:09:42.838Z, 165.2329128, 779.472493
1701364182854, 2023-11-30T17:09:42.854Z, 180.57273279999998, 777.5662038
1701364182868, 2023-11-30T17:09:42.868Z, 196.74904759999998, 774.0235256
1701364182890, 2023-11-30T17:09:42.890Z, 209.83949700000002, 771.0714476
1701364182915, 2023-11-30T17:09:42.915Z, 208.8773638, 773.0526295999999
1701364182929, 2023-11-30T17:09:42.929Z, 205.146634, 776.050627
1701364182945, 2023-11-30T17:09:42.945Z, 201.2713434, 777.1503858
1701364182960, 2023-11-30T17:09:42.960Z, 193.1603862, 775.9376351999999
1701364182977, 2023-11-30T17:09:42.977Z, 185.6088118, 775.2547628
1701364182992, 2023-11-30T17:09:42.992Z, 180.31384659999998, 777.2565705999999
1701364183007, 2023-11-30T17:09:43.007Z, 178.71086899999997, 777.1198321999999
1701364183022, 2023-11-30T17:09:43.022Z, 176.7831196, 777.524169
1701364183045, 2023-11-30T17:09:43.045Z, 173.25861, 778.8903328
1701364183068, 2023-11-30T17:09:43.068Z, 167.82307459999998, 781.394675
1701364183084, 2023-11-30T17:09:43.084Z, 166.558532, 780.1311998
1701364183099, 2023-11-30T17:09:43.099Z, 167.91846959999998, 778.8718286000001
1701364183114, 2023-11-30T17:09:43.114Z, 168.7839358, 778.0327952
1701364183130, 2023-11-30T17:09:43.130Z, 170.2850478, 777.6353555999999
1701364183146, 2023-11-30T17:09:43.146Z, 172.61486, 774.2770534
1701364183161, 2023-11-30T17:09:43.161Z, 174.09475400000002, 772.0233294000001
1701364183177, 2023-11-30T17:09:43.177Z, 171.8510466, 772.4098540000001
1701364183197, 2023-11-30T17:09:43.197Z, 170.329169, 773.9436595999999
1701364183208, 2023-11-30T17:09:43.208Z, 168.60357119999998, 774.0545406000001
1701364183226, 2023-11-30T17:09:43.226Z, 169.10995799999998, 776.5889895999999
1701364183240, 2023-11-30T17:09:43.240Z, 170.9114234, 775.4328694
1701364183256, 2023-11-30T17:09:43.256Z, 202.6486628, 767.112386
1701364183272, 2023-11-30T17:09:43.272Z, 268.451006, 739.975683
1701364183288, 2023-11-30T17:09:43.288Z, 387.7022978, 683.9645326
1701364183305, 2023-11-30T17:09:43.305Z, 520.7088732, 619.1667153999999
1701364183320, 2023-11-30T17:09:43.320Z, 663.2676605999999, 550.687661
1701364183343, 2023-11-30T17:09:43.343Z, 802.2684232, 473.7711008
1701364183359, 2023-11-30T17:09:43.359Z, 920.55345, 403.15089700000004
1701364183382, 2023-11-30T17:09:43.382Z, 985.8153399999999, 352.52102199999996
1701364183400, 2023-11-30T17:09:43.400Z, 1030.3757264, 310.6530218
1701364183413, 2023-11-30T17:09:43.413Z, 1066.5820936, 276.17960800000003
1701364183429, 2023-11-30T17:09:43.429Z, 1078.379325, 254.4613338
1701364183445, 2023-11-30T17:09:43.445Z, 1075.8136242, 243.87763220000002
1701364183461, 2023-11-30T17:09:43.461Z, 1079.3549974000002, 244.4210712
1701364183477, 2023-11-30T17:09:43.477Z, 1088.5608548, 244.3224492
1701364183497, 2023-11-30T17:09:43.497Z, 1101.0816671999999, 242.2283766
1701364183523, 2023-11-30T17:09:43.523Z, 1115.7732488, 240.1431678
1701364183540, 2023-11-30T17:09:43.540Z, 1135.0106125999998, 236.7526022
1701364183556, 2023-11-30T17:09:43.556Z, 1163.8567686000001, 228.46914759999999
1701364183571, 2023-11-30T17:09:43.571Z, 1192.9847287999999, 220.9323706
1701364183587, 2023-11-30T17:09:43.587Z, 1219.9013196, 213.698987
1701364183603, 2023-11-30T17:09:43.603Z, 1245.0820104, 208.35370040000004
1701364183618, 2023-11-30T17:09:43.618Z, 1273.1099536000002, 203.74816600000003
1701364183646, 2023-11-30T17:09:43.646Z, 1286.9155547999999, 203.3406412
1701364183664, 2023-11-30T17:09:43.664Z, 1294.2006942, 207.457314
1701364183680, 2023-11-30T17:09:43.680Z, 1298.2469442, 217.31864919999998
1701364183695, 2023-11-30T17:09:43.695Z, 1297.7984462, 232.18392439999997
1701364183713, 2023-11-30T17:09:43.713Z, 1290.9478442, 247.5742012
1701364183727, 2023-11-30T17:09:43.727Z, 1282.7643822, 263.8798014
1701364183742, 2023-11-30T17:09:43.742Z, 1283.034864, 273.88417200000004
1701364183759, 2023-11-30T17:09:43.759Z, 1287.7373604, 277.9847062
1701364183773, 2023-11-30T17:09:43.773Z, 1300.4922186, 276.00337060000004
1701364183805, 2023-11-30T17:09:43.805Z, 1315.2688042, 273.66522100000003
1701364183821, 2023-11-30T17:09:43.821Z, 1330.2362767999998, 269.525594
1701364183837, 2023-11-30T17:09:43.837Z, 1343.7990076, 265.78129659999996
1701364183854, 2023-11-30T17:09:43.854Z, 1355.4369374, 261.9742268
1701364183866, 2023-11-30T17:09:43.866Z, 1365.4597766000002, 255.161589
1701364183882, 2023-11-30T17:09:43.882Z, 1374.0661986, 248.2842546
1701364183898, 2023-11-30T17:09:43.898Z, 1379.6984102000001, 244.1097064
1701364183914, 2023-11-30T17:09:43.914Z, 1383.81343, 240.6966734
1701364183929, 2023-11-30T17:09:43.929Z, 1386.9351451999999, 237.96560159999999
1701364183947, 2023-11-30T17:09:43.947Z, 1387.2815516, 239.003617
1701364183961, 2023-11-30T17:09:43.961Z, 1380.7037099999998, 245.31995980000002
1701364183993, 2023-11-30T17:09:43.993Z, 1385.2907098, 245.44465019999998
1701364184007, 2023-11-30T17:09:44.007Z, 1384.6851210000002, 248.4765582
1701364184023, 2023-11-30T17:09:44.023Z, 1406.6980420000002, 250.46368679999995
1701364184039, 2023-11-30T17:09:44.039Z, 1452.1030050000002, 247.0386802
1701364184055, 2023-11-30T17:09:44.055Z, 1504.882726, 238.43384859999998
1701364184072, 2023-11-30T17:09:44.072Z, 1548.5453616, 234.8883152
1701364184096, 2023-11-30T17:09:44.096Z, 1594.1825756, 230.63034520000002
1701364184118, 2023-11-30T17:09:44.118Z, 1614.7004167999999, 228.305249
1701364184133, 2023-11-30T17:09:44.133Z, 1612.790134, 229.27136959999999
1701364184166, 2023-11-30T17:09:44.166Z, 1606.8958168000001, 234.0410308
1701364184181, 2023-11-30T17:09:44.181Z, 1600.8453892, 238.5482074
1701364184211, 2023-11-30T17:09:44.211Z, 1597.2610597999999, 240.3236956
1701364184226, 2023-11-30T17:09:44.226Z, 1594.8429641999999, 241.14515820000003
1701364184245, 2023-11-30T17:09:44.245Z, 1589.9706267999998, 244.1965042
1701364184274, 2023-11-30T17:09:44.274Z, 1582.9980123999999, 245.78001220000002
1701364184290, 2023-11-30T17:09:44.290Z, 1576.9164942, 247.77297959999996
1701364184320, 2023-11-30T17:09:44.320Z, 1572.4863506, 249.69711420000004
1701364184321, 2023-11-30T17:09:44.321Z, 1571.8036364, 250.36797719999998
1701364184337, 2023-11-30T17:09:44.337Z, 1573.7808748, 250.23261739999998
1701364184354, 2023-11-30T17:09:44.354Z, 1580.5986454000001, 247.5206546
1701364184366, 2023-11-30T17:09:44.366Z, 1586.7227582, 244.28022959999998
1701364184397, 2023-11-30T17:09:44.397Z, 1597.4291678000002, 246.7328962
1701364184412, 2023-11-30T17:09:44.412Z, 1605.4650040000001, 250.3873138
1701364184428, 2023-11-30T17:09:44.428Z, 1609.872132, 254.255048
1701364184459, 2023-11-30T17:09:44.459Z, 1615.8275092, 259.7021016
1701364184474, 2023-11-30T17:09:44.474Z, 1622.7053578, 265.0084766
1701364184489, 2023-11-30T17:09:44.489Z, 1622.3455107999998, 267.5149692
1701364184507, 2023-11-30T17:09:44.507Z, 1621.7250087999998, 269.866834
1701364184521, 2023-11-30T17:09:44.521Z, 1621.6587577999999, 273.5737362
1701364184549, 2023-11-30T17:09:44.549Z, 1621.8529641999999, 274.6861936
1701364184582, 2023-11-30T17:09:44.582Z, 1623.0874655999999, 273.25513140000004
1701364184630, 2023-11-30T17:09:44.630Z, 1625.8723046, 269.6087756
1701364184662, 2023-11-30T17:09:44.662Z, 1633.4213968, 264.6388646
1701364184677, 2023-11-30T17:09:44.677Z, 1645.0645491999999, 258.2215346
1701364184692, 2023-11-30T17:09:44.692Z, 1645.3509576000001, 259.3992814
1701364184709, 2023-11-30T17:09:44.709Z, 1643.6851321999998, 262.6871418
1701364184740, 2023-11-30T17:09:44.740Z, 1644.1194415999998, 263.8185932
1701364184756, 2023-11-30T17:09:44.756Z, 1634.2717148, 270.79021299999994
1701364184805, 2023-11-30T17:09:44.805Z, 1621.4998209999999, 278.255507
1701364184854, 2023-11-30T17:09:44.854Z, 1618.039197, 280.5667654
1701364184868, 2023-11-30T17:09:44.868Z, 1621.0648588, 279.3759218
1701364184884, 2023-11-30T17:09:44.884Z, 1626.325405, 278.0714466
1701364184899, 2023-11-30T17:09:44.899Z, 1638.9582428, 270.8155314
1701364184933, 2023-11-30T17:09:44.933Z, 1649.0990218, 264.0144606
1701364184945, 2023-11-30T17:09:44.945Z, 1660.3806463999997, 255.8281532
1701364184977, 2023-11-30T17:09:44.977Z, 1671.2604748, 249.70199699999998
1701364185008, 2023-11-30T17:09:45.008Z, 1674.4610357999998, 248.291723
1701364185026, 2023-11-30T17:09:45.026Z, 1673.6865486000002, 252.09332899999998
1701364185054, 2023-11-30T17:09:45.054Z, 1673.7063682, 257.1686764
1701364185071, 2023-11-30T17:09:45.071Z, 1672.9626106, 259.5546672
1701364185118, 2023-11-30T17:09:45.118Z, 1667.3214811999999, 261.753429
1701364185145, 2023-11-30T17:09:45.145Z, 1665.1732533999998, 260.0299724
1701364185165, 2023-11-30T17:09:45.165Z, 1663.8843166, 255.71890100000002
1701364185181, 2023-11-30T17:09:45.181Z, 1663.7409056000001, 249.91682839999999
1701364185196, 2023-11-30T17:09:45.196Z, 1663.5323862, 246.73139260000002
1701364185211, 2023-11-30T17:09:45.211Z, 1662.6473654000001, 242.59349659999998
1701364185230, 2023-11-30T17:09:45.230Z, 1661.4449192, 239.72556179999998
1701364185258, 2023-11-30T17:09:45.258Z, 1661.681624, 234.8666396
1701364185273, 2023-11-30T17:09:45.273Z, 1662.4752868, 229.34404060000003
1701364185295, 2023-11-30T17:09:45.295Z, 1661.4138066, 226.03427600000003
1701364185320, 2023-11-30T17:09:45.320Z, 1660.1971053999998, 225.16082579999997
1701364185338, 2023-11-30T17:09:45.338Z, 1659.2667386, 224.15353579999996
1701364185352, 2023-11-30T17:09:45.352Z, 1657.3382164000002, 224.65591160000002
1701364185367, 2023-11-30T17:09:45.367Z, 1653.4617192, 226.97321620000002
1701364185385, 2023-11-30T17:09:45.385Z, 1649.8579287999996, 228.3711944
1701364185414, 2023-11-30T17:09:45.414Z, 1643.9965897999998, 233.14151099999998
1701364185461, 2023-11-30T17:09:45.461Z, 1634.6822758, 242.83863879999998
1701364185477, 2023-11-30T17:09:45.477Z, 1632.7941528000001, 265.73487140000003
1701364185495, 2023-11-30T17:09:45.495Z, 1630.7289488000001, 290.121151
1701364185508, 2023-11-30T17:09:45.508Z, 1631.5622672, 318.6848718
1701364185525, 2023-11-30T17:09:45.525Z, 1637.184665, 345.29007519999993
1701364185541, 2023-11-30T17:09:45.541Z, 1643.7692176, 369.55574399999995
1701364185557, 2023-11-30T17:09:45.557Z, 1643.2364502, 382.43316819999995
1701364185573, 2023-11-30T17:09:45.573Z, 1645.3892896000002, 393.9363522
1701364185605, 2023-11-30T17:09:45.605Z, 1644.7709169999998, 401.8739964
1701364185621, 2023-11-30T17:09:45.621Z, 1633.4381844, 414.96601059999995
1701364185637, 2023-11-30T17:09:45.637Z, 1625.1329448000001, 426.331758
1701364185653, 2023-11-30T17:09:45.653Z, 1617.7437748, 436.02816240000004
1701364185668, 2023-11-30T17:09:45.668Z, 1610.2830280000003, 443.7639484
1701364185683, 2023-11-30T17:09:45.683Z, 1604.3236892, 449.6800908
1701364185683, 2023-11-30T17:09:45.683Z, 1607.1843709999998, 449.23475119999995
1701364185714, 2023-11-30T17:09:45.714Z, 1610.6287828, 447.34057599999994
1701364185745, 2023-11-30T17:09:45.745Z, 1614.0610694, 445.1422742
1701364185761, 2023-11-30T17:09:45.761Z, 1628.1179832, 434.8094134000001
1701364185777, 2023-11-30T17:09:45.777Z, 1643.4952432000002, 424.30127819999996
1701364185792, 2023-11-30T17:09:45.792Z, 1658.9879336, 411.85660500000006
1701364185808, 2023-11-30T17:09:45.808Z, 1672.0563166, 401.66377520000003
1701364185824, 2023-11-30T17:09:45.824Z, 1682.0781058, 393.874079
1701364185839, 2023-11-30T17:09:45.839Z, 1680.3354987999999, 395.17043720000004
1701364185855, 2023-11-30T17:09:45.855Z, 1678.2626526, 396.63869359999995
1701364185871, 2023-11-30T17:09:45.871Z, 1676.1567953999997, 399.04887659999997
1701364185895, 2023-11-30T17:09:45.895Z, 1666.8370227999999, 405.1849476
1701364185919, 2023-11-30T17:09:45.919Z, 1662.0415404, 408.22550140000004
1701364185932, 2023-11-30T17:09:45.932Z, 1655.5238581999997, 411.1711111999999
1701364185948, 2023-11-30T17:09:45.948Z, 1648.963626, 413.0797546
1701364185963, 2023-11-30T17:09:45.963Z, 1641.8034496, 415.52203640000005
1701364185980, 2023-11-30T17:09:45.980Z, 1645.0010942000001, 411.61593359999995
1701364185995, 2023-11-30T17:09:45.995Z, 1648.9266452000004, 407.7054562
1701364186009, 2023-11-30T17:09:46.009Z, 1656.5536530000002, 402.80823599999997
1701364186026, 2023-11-30T17:09:46.026Z, 1672.9339248, 393.8063518
1701364186057, 2023-11-30T17:09:46.057Z, 1683.8067448000002, 388.8579988
1701364186073, 2023-11-30T17:09:46.073Z, 1684.8536594000002, 389.81112160000004
1701364186089, 2023-11-30T17:09:46.089Z, 1677.1073391999998, 395.8214332
1701364186120, 2023-11-30T17:09:46.120Z, 1665.3298012000002, 403.5332356
1701364186136, 2023-11-30T17:09:46.136Z, 1643.7471576, 416.96333940000005
1701364186153, 2023-11-30T17:09:46.153Z, 1625.9244658000002, 425.60243360000004
1701364186166, 2023-11-30T17:09:46.166Z, 1615.6874958, 429.3162394
1701364186194, 2023-11-30T17:09:46.194Z, 1610.7208268000002, 427.80171279999996
1701364186213, 2023-11-30T17:09:46.213Z, 1608.9332134, 425.06366259999993
1701364186230, 2023-11-30T17:09:46.230Z, 1616.0707817999998, 417.1373038
1701364186246, 2023-11-30T17:09:46.246Z, 1638.8734756000001, 403.2447562
1701364186260, 2023-11-30T17:09:46.260Z, 1665.4309312, 387.08470780000005
1701364186277, 2023-11-30T17:09:46.277Z, 1690.9757068, 373.2703766
1701364186291, 2023-11-30T17:09:46.291Z, 1714.9806758, 360.1424018
1701364186307, 2023-11-30T17:09:46.307Z, 1728.1359463999997, 354.036268
1701364186323, 2023-11-30T17:09:46.323Z, 1725.4366382, 356.5223284
1701364186346, 2023-11-30T17:09:46.346Z, 1715.1878970000002, 364.8255882
1701364186370, 2023-11-30T17:09:46.370Z, 1706.6479536000002, 371.1381914
1701364186385, 2023-11-30T17:09:46.385Z, 1698.5395882, 376.987655
1701364186402, 2023-11-30T17:09:46.402Z, 1693.030652, 379.536471
1701364186422, 2023-11-30T17:09:46.422Z, 1688.8691311999999, 380.769636
1701364186448, 2023-11-30T17:09:46.448Z, 1689.0426360000001, 379.0377536
1701364186466, 2023-11-30T17:09:46.466Z, 1688.4876256, 378.7285038
1701364186498, 2023-11-30T17:09:46.498Z, 1687.7846023999998, 378.0899162
1701364186511, 2023-11-30T17:09:46.511Z, 1671.8300750000003, 391.11865980000005
1701364186527, 2023-11-30T17:09:46.527Z, 1657.4829676000002, 403.22679
1701364186546, 2023-11-30T17:09:46.546Z, 1635.6320142, 417.2487182000001
1701364186558, 2023-11-30T17:09:46.558Z, 1581.7642022, 443.69309599999997
1701364186574, 2023-11-30T17:09:46.574Z, 1518.1585822000002, 476.3564058
1701364186589, 2023-11-30T17:09:46.589Z, 1467.5662336, 498.0028212
1701364186604, 2023-11-30T17:09:46.604Z, 1414.036519, 521.7319031999999
1701364186620, 2023-11-30T17:09:46.620Z, 1340.3268284, 558.1552634
1701364186648, 2023-11-30T17:09:46.648Z, 1300.2851702, 583.4558752
1701364186674, 2023-11-30T17:09:46.674Z, 1269.1561153999999, 601.804675
1701364186682, 2023-11-30T17:09:46.682Z, 1243.4540834, 619.6386623999999
1701364186698, 2023-11-30T17:09:46.698Z, 1226.8295448000001, 634.5416564
1701364186713, 2023-11-30T17:09:46.713Z, 1235.3296369999998, 634.2503955999999
1701364186729, 2023-11-30T17:09:46.729Z, 1246.0807717999999, 628.417696
1701364186745, 2023-11-30T17:09:46.745Z, 1258.6137284, 622.8108876
1701364186761, 2023-11-30T17:09:46.761Z, 1258.0215194, 622.1153557999999
1701364186777, 2023-11-30T17:09:46.777Z, 1250.9164311999998, 622.7391076
1701364186797, 2023-11-30T17:09:46.797Z, 1247.7149614, 620.9542162
1701364186824, 2023-11-30T17:09:46.824Z, 1242.6948296, 620.2933310000001
1701364186839, 2023-11-30T17:09:46.839Z, 1229.1180588, 620.8279906
1701364186855, 2023-11-30T17:09:46.855Z, 1223.1278535999998, 612.8124858
1701364186876, 2023-11-30T17:09:46.876Z, 1215.620162, 604.308089
1701364186902, 2023-11-30T17:09:46.902Z, 1207.7663188, 597.6467968000001
1701364186903, 2023-11-30T17:09:46.903Z, 1199.183612, 593.5037996
1701364186919, 2023-11-30T17:09:46.919Z, 1193.3648288, 591.1927662
1701364186952, 2023-11-30T17:09:46.952Z, 1189.3056772, 591.8201161999999
1701364186964, 2023-11-30T17:09:46.964Z, 1184.9937314000001, 592.5406403999999
1701364186982, 2023-11-30T17:09:46.982Z, 1179.1040114, 593.855884
1701364186996, 2023-11-30T17:09:46.996Z, 1172.1241332, 595.6303356000001
1701364187014, 2023-11-30T17:09:47.014Z, 1169.673855, 595.1050769999999
1701364187046, 2023-11-30T17:09:47.046Z, 1166.7117042, 593.494387
1701364187048, 2023-11-30T17:09:47.048Z, 1164.1675564, 592.3437177999999
1701364187059, 2023-11-30T17:09:47.059Z, 1160.2314382, 586.9752143999999
1701364187075, 2023-11-30T17:09:47.075Z, 1155.7118975999997, 579.7445049999999
1701364187098, 2023-11-30T17:09:47.098Z, 1152.0346462, 568.8803328
1701364187122, 2023-11-30T17:09:47.122Z, 1149.6479432, 557.2752822
1701364187137, 2023-11-30T17:09:47.137Z, 1147.8423387999999, 545.8439082
1701364187154, 2023-11-30T17:09:47.154Z, 1148.1377832, 537.981908
1701364187169, 2023-11-30T17:09:47.169Z, 1150.6725566, 530.6855952000001
1701364187187, 2023-11-30T17:09:47.187Z, 1151.9156985999998, 528.4298522000001
1701364187217, 2023-11-30T17:09:47.217Z, 1153.0555732, 527.3761666
1701364187245, 2023-11-30T17:09:47.245Z, 1155.3458269999999, 523.3521635999999
1701364187261, 2023-11-30T17:09:47.261Z, 1156.5804077999999, 520.3376194
1701364187278, 2023-11-30T17:09:47.278Z, 1156.0514879999998, 513.9243127999999
1701364187293, 2023-11-30T17:09:47.293Z, 1156.8263252000002, 505.3045676
1701364187309, 2023-11-30T17:09:47.309Z, 1157.4949410000002, 497.51752460000006
1701364187325, 2023-11-30T17:09:47.325Z, 1156.7529493999998, 493.483166
1701364187340, 2023-11-30T17:09:47.340Z, 1156.9017576, 489.88841119999995
1701364187355, 2023-11-30T17:09:47.355Z, 1157.1370528, 491.09685500000006
1701364187376, 2023-11-30T17:09:47.376Z, 1157.8793862, 494.10945439999995
1701364187393, 2023-11-30T17:09:47.393Z, 1158.9924246, 497.5782824
1701364187411, 2023-11-30T17:09:47.411Z, 1161.1328574000001, 499.7049475999999
1701364187435, 2023-11-30T17:09:47.435Z, 1167.09302, 498.2372544
1701364187450, 2023-11-30T17:09:47.450Z, 1170.1386438000002, 497.54543240000004
1701364187468, 2023-11-30T17:09:47.468Z, 1170.0921430000003, 496.922847
1701364187481, 2023-11-30T17:09:47.481Z, 1164.1606698, 494.28777919999993
1701364187498, 2023-11-30T17:09:47.498Z, 1155.5616628, 492.04991259999997
1701364187512, 2023-11-30T17:09:47.512Z, 1140.2391667999998, 490.0417294
1701364187527, 2023-11-30T17:09:47.527Z, 1127.6889354, 486.9838218
1701364187546, 2023-11-30T17:09:47.546Z, 1117.0752704000001, 483.8751024
1701364187576, 2023-11-30T17:09:47.576Z, 1111.8985903999999, 482.9851374
1701364187591, 2023-11-30T17:09:47.591Z, 1105.8146374, 482.80693899999994
1701364187606, 2023-11-30T17:09:47.606Z, 1101.3168461999999, 485.88679199999996
1701364187621, 2023-11-30T17:09:47.621Z, 1097.57092, 488.79373999999996
1701364187652, 2023-11-30T17:09:47.652Z, 1094.4249129999998, 490.839524
1701364187667, 2023-11-30T17:09:47.667Z, 1092.8196271999998, 491.3698969999999
1701364187697, 2023-11-30T17:09:47.697Z, 1094.0436735999997, 491.1312881999999
1701364187715, 2023-11-30T17:09:47.715Z, 1096.8711678, 490.017292
1701364187730, 2023-11-30T17:09:47.730Z, 1100.2323334, 486.10568219999993
1701364187745, 2023-11-30T17:09:47.745Z, 1102.6935528, 482.39293639999994
1701364187760, 2023-11-30T17:09:47.760Z, 1103.5524252, 479.11472219999996
1701364187776, 2023-11-30T17:09:47.776Z, 1104.7355408, 476.05559919999996
1701364187791, 2023-11-30T17:09:47.791Z, 1107.090448, 472.5538002
1701364187806, 2023-11-30T17:09:47.806Z, 1107.212055, 472.94630240000004
1701364187821, 2023-11-30T17:09:47.821Z, 1112.7869606, 472.3083814
1701364187842, 2023-11-30T17:09:47.842Z, 1120.823493, 470.3537258
1701364187870, 2023-11-30T17:09:47.870Z, 1138.5802476000001, 471.4496416
1701364187885, 2023-11-30T17:09:47.885Z, 1161.2788548, 473.1875682000001
1701364187899, 2023-11-30T17:09:47.899Z, 1184.8453204, 474.0083572
1701364187914, 2023-11-30T17:09:47.914Z, 1203.4861378, 475.70606239999995
1701364187930, 2023-11-30T17:09:47.930Z, 1219.7265122, 478.87297420000004
1701364187945, 2023-11-30T17:09:47.945Z, 1227.8478938, 478.0066604
1701364187961, 2023-11-30T17:09:47.961Z, 1232.0973242, 476.89578700000004
1701364187977, 2023-11-30T17:09:47.977Z, 1235.9995463999999, 476.20023599999996
1701364187997, 2023-11-30T17:09:47.997Z, 1239.582315, 471.3193642
1701364188024, 2023-11-30T17:09:48.024Z, 1242.796916, 465.8418134
1701364188055, 2023-11-30T17:09:48.055Z, 1245.3750890000001, 461.70244600000007
1701364188071, 2023-11-30T17:09:48.071Z, 1247.4847187999999, 461.89410580000003
1701364188086, 2023-11-30T17:09:48.086Z, 1255.1825626, 463.8984286
1701364188102, 2023-11-30T17:09:48.102Z, 1264.0523785999999, 470.462263
1701364188145, 2023-11-30T17:09:48.145Z, 1268.7088388, 478.0940511999999
1701364188163, 2023-11-30T17:09:48.163Z, 1270.0655412, 485.5663128
1701364188178, 2023-11-30T17:09:48.178Z, 1269.2872652, 484.82864440000003
1701364188193, 2023-11-30T17:09:48.193Z, 1245.206412, 483.2674811999999
1701364188210, 2023-11-30T17:09:48.210Z, 1220.8366538000002, 478.959399
1701364188224, 2023-11-30T17:09:48.224Z, 1198.2998032, 473.4329962
1701364188240, 2023-11-30T17:09:48.240Z, 1175.8050480000002, 467.4581953999999
1701364188257, 2023-11-30T17:09:48.257Z, 1158.824161, 463.09251779999994
1701364188272, 2023-11-30T17:09:48.272Z, 1154.1331338, 459.28031439999995
1701364188290, 2023-11-30T17:09:48.290Z, 1148.4158917999998, 457.44540479999995
1701364188318, 2023-11-30T17:09:48.318Z, 1144.2196072, 457.1303734
1701364188333, 2023-11-30T17:09:48.333Z, 1145.8599054000001, 456.65956919999996
1701364188350, 2023-11-30T17:09:48.350Z, 1142.922507, 458.25906599999996
1701364188364, 2023-11-30T17:09:48.364Z, 1144.9388492000003, 457.89747100000005
1701364188379, 2023-11-30T17:09:48.379Z, 1145.8446806, 456.37593960000004
1701364188394, 2023-11-30T17:09:48.394Z, 1147.764436, 454.01065600000004
1701364188410, 2023-11-30T17:09:48.410Z, 1145.6842176, 453.752327
1701364188426, 2023-11-30T17:09:48.426Z, 1142.7765304, 454.94924720000006
1701364188445, 2023-11-30T17:09:48.445Z, 1140.2930236, 455.9422968
1701364188473, 2023-11-30T17:09:48.473Z, 1139.112218, 459.319744
1701364188490, 2023-11-30T17:09:48.490Z, 1134.9036368, 463.98851720000005
1701364188520, 2023-11-30T17:09:48.520Z, 1129.8892358, 467.96482960000003
1701364188535, 2023-11-30T17:09:48.535Z, 1124.0168738, 472.3291916
1701364188550, 2023-11-30T17:09:48.550Z, 1118.6867658, 476.88123859999996
1701364188567, 2023-11-30T17:09:48.567Z, 1112.7986449999999, 481.9362052
1701364188595, 2023-11-30T17:09:48.595Z, 1109.1818786, 487.2133536
1701364188614, 2023-11-30T17:09:48.614Z, 1106.608028, 491.54756
1701364188628, 2023-11-30T17:09:48.628Z, 1106.8657758, 494.332608
1701364188645, 2023-11-30T17:09:48.645Z, 1106.9003176, 496.87710960000004
1701364188660, 2023-11-30T17:09:48.660Z, 1108.4712632, 497.60003760000006
1701364188675, 2023-11-30T17:09:48.675Z, 1112.4637332, 495.72665079999996
1701364188690, 2023-11-30T17:09:48.690Z, 1119.106107, 491.85003079999996
1701364188706, 2023-11-30T17:09:48.706Z, 1125.4941706, 487.4172808
1701364188722, 2023-11-30T17:09:48.722Z, 1137.0242478, 496.62418820000005
1701364188741, 2023-11-30T17:09:48.741Z, 1148.5084524, 506.51069800000005
1701364188768, 2023-11-30T17:09:48.768Z, 1159.3259726000001, 516.9021122
1701364188783, 2023-11-30T17:09:48.783Z, 1170.0128072, 532.3769374000001
1701364188800, 2023-11-30T17:09:48.800Z, 1179.0179154, 548.2065724
1701364188815, 2023-11-30T17:09:48.815Z, 1182.4222134, 549.6301962
1701364188830, 2023-11-30T17:09:48.830Z, 1186.6779012, 551.6186792000001
1701364188848, 2023-11-30T17:09:48.848Z, 1189.0676434, 554.8095708
1701364188862, 2023-11-30T17:09:48.862Z, 1189.9467472000001, 556.0484178
1701364188877, 2023-11-30T17:09:48.877Z, 1190.5202800000002, 558.6090686
1701364188897, 2023-11-30T17:09:48.897Z, 1195.8800652, 559.261041
1701364188924, 2023-11-30T17:09:48.924Z, 1200.1501968, 559.5766164
1701364188955, 2023-11-30T17:09:48.955Z, 1202.2721720000002, 552.7309056
1701364188971, 2023-11-30T17:09:48.971Z, 1201.8938059999998, 545.9696200000001
1701364188988, 2023-11-30T17:09:48.988Z, 1200.341524, 541.0032756
1701364189002, 2023-11-30T17:09:49.002Z, 1194.0439582000001, 541.1173388
1701364189020, 2023-11-30T17:09:49.020Z, 1186.4023058, 542.5550379999999
1701364189045, 2023-11-30T17:09:49.045Z, 1181.6978666, 551.4102514
1701364189067, 2023-11-30T17:09:49.067Z, 1178.6703406000001, 559.2536428
1701364189080, 2023-11-30T17:09:49.080Z, 1198.1592632, 565.2329942
1701364189096, 2023-11-30T17:09:49.096Z, 1226.4153072, 565.629968
1701364189113, 2023-11-30T17:09:49.113Z, 1256.4086768000002, 563.9245675999999
1701364189128, 2023-11-30T17:09:49.128Z, 1278.2373194, 562.2782847999999
1701364189143, 2023-11-30T17:09:49.143Z, 1299.3636342, 560.6612732000001
1701364189160, 2023-11-30T17:09:49.160Z, 1301.5491817999998, 557.841655
1701364189176, 2023-11-30T17:09:49.176Z, 1297.0013506, 559.0440552
1701364189191, 2023-11-30T17:09:49.191Z, 1295.0833962000002, 556.8524292
1701364189221, 2023-11-30T17:09:49.221Z, 1298.9372484, 555.9470948000001
1701364189236, 2023-11-30T17:09:49.236Z, 1304.6989794, 553.6247768000001
1701364189252, 2023-11-30T17:09:49.252Z, 1312.4868766, 551.1660978
1701364189268, 2023-11-30T17:09:49.268Z, 1315.6473009999997, 549.1893103999998
1701364189283, 2023-11-30T17:09:49.283Z, 1315.8318570000001, 550.1677856
1701364189302, 2023-11-30T17:09:49.302Z, 1316.76312, 552.2138057999999
1701364189334, 2023-11-30T17:09:49.334Z, 1315.6382452000003, 556.132665
1701364189345, 2023-11-30T17:09:49.345Z, 1306.3524786, 563.6235376
1701364189360, 2023-11-30T17:09:49.360Z, 1297.664182, 569.6899284
1701364189376, 2023-11-30T17:09:49.376Z, 1281.0196422000001, 576.2139368
1701364189392, 2023-11-30T17:09:49.392Z, 1261.8594328, 579.2712137999999
1701364189406, 2023-11-30T17:09:49.406Z, 1239.441449, 581.2890756
1701364189423, 2023-11-30T17:09:49.423Z, 1218.1944904, 579.338273
1701364189438, 2023-11-30T17:09:49.438Z, 1197.5284808000001, 572.4151974
1701364189454, 2023-11-30T17:09:49.454Z, 1184.1844542, 565.3296372
1701364189469, 2023-11-30T17:09:49.469Z, 1175.2137235999999, 561.1986738
1701364189496, 2023-11-30T17:09:49.496Z, 1166.7021699999998, 556.8834664
1701364189517, 2023-11-30T17:09:49.517Z, 1158.2809677999999, 555.0618460000001
1701364189533, 2023-11-30T17:09:49.533Z, 1151.8199526, 557.1577138
1701364189548, 2023-11-30T17:09:49.548Z, 1145.2230548, 559.8764654
1701364189564, 2023-11-30T17:09:49.564Z, 1136.6415994000001, 560.948298
1701364189579, 2023-11-30T17:09:49.579Z, 1136.1601224, 559.5970426000001
1701364189594, 2023-11-30T17:09:49.594Z, 1139.4429898, 556.0777762
1701364189610, 2023-11-30T17:09:49.610Z, 1141.130727, 554.9645172
1701364189625, 2023-11-30T17:09:49.625Z, 1144.9104728, 552.9213692000001
1701364189657, 2023-11-30T17:09:49.657Z, 1146.8305548, 552.2541320000001
1701364189672, 2023-11-30T17:09:49.672Z, 1146.9585356, 553.1789568
1701364189687, 2023-11-30T17:09:49.687Z, 1143.449032, 555.9594692000001
1701364189705, 2023-11-30T17:09:49.705Z, 1136.6736687999999, 559.9114917999999
1701364189735, 2023-11-30T17:09:49.735Z, 1127.8637236, 564.957345
1701364189753, 2023-11-30T17:09:49.753Z, 1121.605662, 568.5343936
1701364189782, 2023-11-30T17:09:49.782Z, 1112.2395568, 573.6058854
1701364189797, 2023-11-30T17:09:49.797Z, 1105.5854666, 577.3134895999999
1701364189814, 2023-11-30T17:09:49.814Z, 1104.4637878, 578.3911166
1701364189833, 2023-11-30T17:09:49.833Z, 1103.7216383999998, 579.007877
1701364189845, 2023-11-30T17:09:49.845Z, 1104.0634848, 578.2515864
1701364189861, 2023-11-30T17:09:49.861Z, 1104.656617, 576.9608380000001
1701364189877, 2023-11-30T17:09:49.877Z, 1105.2267743999998, 576.0891624
1701364189892, 2023-11-30T17:09:49.892Z, 1104.8382322000002, 576.7504944
1701364189908, 2023-11-30T17:09:49.908Z, 1104.9585514, 577.087403
1701364189923, 2023-11-30T17:09:49.923Z, 1105.7508275999999, 577.7146808
1701364189946, 2023-11-30T17:09:49.946Z, 1107.6977402, 578.8759448000001
1701364189957, 2023-11-30T17:09:49.957Z, 1109.0586429999998, 580.0064244
1701364189987, 2023-11-30T17:09:49.987Z, 1113.7883009999998, 578.62003
1701364190001, 2023-11-30T17:09:50.001Z, 1117.4939752, 577.4896738
1701364190016, 2023-11-30T17:09:50.016Z, 1120.217002, 576.0122974
1701364190032, 2023-11-30T17:09:50.032Z, 1125.5971425999999, 570.3883482
1701364190049, 2023-11-30T17:09:50.049Z, 1131.4338894, 564.2132346000001
1701364190063, 2023-11-30T17:09:50.063Z, 1132.9869278, 560.2094706
1701364190078, 2023-11-30T17:09:50.078Z, 1138.2263994, 552.4302885999999
1701364190094, 2023-11-30T17:09:50.094Z, 1141.0307168, 547.9598434000001
1701364190110, 2023-11-30T17:09:50.110Z, 1142.5130032000002, 546.124763
1701364190126, 2023-11-30T17:09:50.126Z, 1144.1859134000001, 544.8442355999999
1701364190141, 2023-11-30T17:09:50.141Z, 1144.3250236000001, 545.0915173999999
1701364190157, 2023-11-30T17:09:50.157Z, 1147.6278312, 549.431587
1701364190174, 2023-11-30T17:09:50.174Z, 1153.6689291999999, 551.6225974
1701364190188, 2023-11-30T17:09:50.188Z, 1154.8622742, 556.8576094000001
1701364190205, 2023-11-30T17:09:50.205Z, 1157.8110276, 560.9984882000001
1701364190221, 2023-11-30T17:09:50.221Z, 1164.0093015999998, 562.1538269999999
1701364190247, 2023-11-30T17:09:50.247Z, 1164.9305789999999, 561.735774
1701364190267, 2023-11-30T17:09:50.267Z, 1164.3955144, 561.3302131999999
1701364190283, 2023-11-30T17:09:50.283Z, 1161.9282002, 555.7993865999999
1701364190301, 2023-11-30T17:09:50.301Z, 1158.17003, 551.4645152
1701364190314, 2023-11-30T17:09:50.314Z, 1153.8630274000002, 548.0099406
1701364190329, 2023-11-30T17:09:50.329Z, 1149.2497521999999, 547.1611596
1701364190353, 2023-11-30T17:09:50.353Z, 1147.9341848, 544.6821858000001
1701364190361, 2023-11-30T17:09:50.361Z, 1150.6318692, 546.385573
1701364190376, 2023-11-30T17:09:50.376Z, 1152.2145414, 548.5520792
1701364190396, 2023-11-30T17:09:50.396Z, 1149.8520365999998, 552.5253064000001
1701364190407, 2023-11-30T17:09:50.407Z, 1147.5003468, 554.8270088
1701364190425, 2023-11-30T17:09:50.425Z, 1145.2458775999999, 556.3458166
1701364190454, 2023-11-30T17:09:50.454Z, 1145.2481044, 556.0871960000001
1701364190470, 2023-11-30T17:09:50.470Z, 1147.0243946, 552.9012784
1701364190487, 2023-11-30T17:09:50.487Z, 1153.024921, 547.2923292
1701364190501, 2023-11-30T17:09:50.501Z, 1156.7695538, 543.3674248
1701364190517, 2023-11-30T17:09:50.517Z, 1160.0509382, 540.3328408
1701364190540, 2023-11-30T17:09:50.540Z, 1158.2602446, 542.612414
1701364190563, 2023-11-30T17:09:50.563Z, 1157.2292298, 544.8720748
1701364190579, 2023-11-30T17:09:50.579Z, 1155.665968, 546.0972538
1701364190595, 2023-11-30T17:09:50.595Z, 1155.5851544000002, 545.5394244
1701364190610, 2023-11-30T17:09:50.610Z, 1162.4202674, 541.384864
1701364190625, 2023-11-30T17:09:50.625Z, 1172.4084372, 532.6267588000001
1701364190641, 2023-11-30T17:09:50.641Z, 1180.115695, 526.0434288
1701364190657, 2023-11-30T17:09:50.657Z, 1187.7144872, 520.1703158000001
1701364190671, 2023-11-30T17:09:50.671Z, 1195.6380212, 514.783733
1701364190697, 2023-11-30T17:09:50.697Z, 1195.2729078, 512.6329917999999
1701364190718, 2023-11-30T17:09:50.718Z, 1192.7887394, 512.1854118000001
1701364190734, 2023-11-30T17:09:50.734Z, 1191.6623028, 510.9950252
1701364190750, 2023-11-30T17:09:50.750Z, 1192.2663932, 508.56787600000007
1701364190765, 2023-11-30T17:09:50.765Z, 1191.0525426, 507.2338734
1701364190782, 2023-11-30T17:09:50.782Z, 1188.9307732000002, 507.3537491999999
1701364190796, 2023-11-30T17:09:50.796Z, 1189.7531548000002, 504.8647288
1701364190812, 2023-11-30T17:09:50.812Z, 1187.1327092000001, 503.8058734
1701364190848, 2023-11-30T17:09:50.848Z, 1181.6745806, 505.2055297999999
1701364190858, 2023-11-30T17:09:50.858Z, 1177.5941978, 507.75522839999996
1701364190875, 2023-11-30T17:09:50.875Z, 1175.4011536, 509.9816336
1701364190890, 2023-11-30T17:09:50.890Z, 1172.9883226, 512.3905848
1701364190906, 2023-11-30T17:09:50.906Z, 1176.4773851999998, 511.9486852
1701364190921, 2023-11-30T17:09:50.921Z, 1188.4381591999997, 507.1646546
1701364190937, 2023-11-30T17:09:50.937Z, 1202.4920399999999, 498.9235686
1701364190953, 2023-11-30T17:09:50.953Z, 1221.3074548, 489.6467098
1701364190968, 2023-11-30T17:09:50.968Z, 1244.3664598, 479.25850900000006
1701364190991, 2023-11-30T17:09:50.991Z, 1266.049587, 469.8491728
1701364191017, 2023-11-30T17:09:51.017Z, 1284.653203, 463.1755612
1701364191032, 2023-11-30T17:09:51.032Z, 1304.994297, 457.0405522
1701364191045, 2023-11-30T17:09:51.045Z, 1317.1001816, 452.6157322
1701364191061, 2023-11-30T17:09:51.061Z, 1327.7806554, 450.76730039999995
1701364191076, 2023-11-30T17:09:51.076Z, 1334.3836545999998, 451.9001994
1701364191091, 2023-11-30T17:09:51.091Z, 1336.5891594, 453.61757179999995
1701364191109, 2023-11-30T17:09:51.109Z, 1337.5097864, 457.56186360000004
1701364191122, 2023-11-30T17:09:51.122Z, 1340.2919964, 461.00127899999995
1701364191147, 2023-11-30T17:09:51.147Z, 1341.9381580000002, 463.3913186
1701364191169, 2023-11-30T17:09:51.169Z, 1343.3090528, 464.2377988
1701364191183, 2023-11-30T17:09:51.183Z, 1345.0588546, 465.64582880000006
1701364191199, 2023-11-30T17:09:51.199Z, 1346.0707822, 463.2770434
1701364191214, 2023-11-30T17:09:51.214Z, 1346.2232078, 460.32121440000003
1701364191233, 2023-11-30T17:09:51.233Z, 1342.9412358, 457.68632779999996
1701364191247, 2023-11-30T17:09:51.247Z, 1336.6859992, 456.8505772
1701364191261, 2023-11-30T17:09:51.261Z, 1327.13211, 458.1740398
1701364191277, 2023-11-30T17:09:51.277Z, 1315.8392302, 462.04974419999996
1701364191296, 2023-11-30T17:09:51.296Z, 1304.8692828, 467.80957580000006
1701364191307, 2023-11-30T17:09:51.307Z, 1300.2564528, 472.51861919999993
1701364191325, 2023-11-30T17:09:51.325Z, 1301.8748346, 478.84952119999997
1701364191339, 2023-11-30T17:09:51.339Z, 1308.0896286, 481.7046066
1701364191354, 2023-11-30T17:09:51.354Z, 1315.5860283999998, 484.8284928
1701364191385, 2023-11-30T17:09:51.385Z, 1329.0148622000002, 483.0982746000001
1701364191401, 2023-11-30T17:09:51.401Z, 1338.9554976, 483.4309542
1701364191440, 2023-11-30T17:09:51.440Z, 1351.3730424, 478.501642
1701364191462, 2023-11-30T17:09:51.462Z, 1360.032942, 474.8723382
1701364191478, 2023-11-30T17:09:51.478Z, 1359.4250958, 464.9443918
1701364191495, 2023-11-30T17:09:51.495Z, 1341.6298544, 461.80847860000006
1701364191510, 2023-11-30T17:09:51.510Z, 1303.6621579999999, 461.00109840000005
1701364191524, 2023-11-30T17:09:51.524Z, 1226.9770788, 461.4580927999999
1701364191540, 2023-11-30T17:09:51.540Z, 1092.1284384, 458.9510354
1701364191555, 2023-11-30T17:09:51.555Z, 950.5498127999999, 460.6014346
1701364191571, 2023-11-30T17:09:51.571Z, 816.7436466000001, 457.95097580000004
1701364191595, 2023-11-30T17:09:51.595Z, 651.098235, 449.5272384
1701364191617, 2023-11-30T17:09:51.617Z, 519.8082946, 437.71755840000003
1701364191648, 2023-11-30T17:09:51.648Z, 449.3429324, 425.9197956
1701364191664, 2023-11-30T17:09:51.664Z, 393.9418866, 416.9774232
1701364191695, 2023-11-30T17:09:51.695Z, 340.9911502, 410.36195799999996
1701364191710, 2023-11-30T17:09:51.710Z, 338.51366859999996, 406.2604424
1701364191747, 2023-11-30T17:09:51.747Z, 332.5341486, 409.44299179999996
1701364191756, 2023-11-30T17:09:51.756Z, 320.8449982, 420.7473116
1701364191775, 2023-11-30T17:09:51.775Z, 311.3440282, 431.3211358
1701364191803, 2023-11-30T17:09:51.803Z, 305.9070978000001, 437.4848036
1701364191819, 2023-11-30T17:09:51.819Z, 290.7985508, 445.77382980000004
1701364191850, 2023-11-30T17:09:51.850Z, 276.973116, 451.1253932000001
1701364191865, 2023-11-30T17:09:51.865Z, 261.6384354, 454.5643296
1701364191891, 2023-11-30T17:09:51.891Z, 239.8675708, 459.71141520000003
1701364191912, 2023-11-30T17:09:51.912Z, 215.73969700000004, 467.83528779999995
1701364191928, 2023-11-30T17:09:51.928Z, 202.85360980000002, 467.1771212
1701364191944, 2023-11-30T17:09:51.944Z, 191.450244, 468.1043864
1701364191959, 2023-11-30T17:09:51.959Z, 188.3768336, 463.9528158
1701364191975, 2023-11-30T17:09:51.975Z, 189.7791878, 456.87310799999995
1701364191990, 2023-11-30T17:09:51.990Z, 191.17881519999997, 450.4627804
1701364192006, 2023-11-30T17:09:52.006Z, 196.6719288, 452.34460920000004
1701364192021, 2023-11-30T17:09:52.021Z, 204.8723192, 451.099869
1701364192046, 2023-11-30T17:09:52.046Z, 237.9492944, 455.49146060000004
1701364192067, 2023-11-30T17:09:52.067Z, 271.64904740000003, 456.648394
1701364192084, 2023-11-30T17:09:52.084Z, 356.85741420000005, 469.58558060000007
1701364192100, 2023-11-30T17:09:52.100Z, 474.88896480000005, 489.8858096
1701364192114, 2023-11-30T17:09:52.114Z, 630.5413576000001, 522.3181867999999
1701364192132, 2023-11-30T17:09:52.132Z, 766.6978526, 553.0285449999999
1701364192147, 2023-11-30T17:09:52.147Z, 920.2002431999999, 592.8104076
1701364192162, 2023-11-30T17:09:52.162Z, 1023.0036302000001, 619.596264
1701364192196, 2023-11-30T17:09:52.196Z, 1088.8341143999999, 637.5614522000001
1701364192208, 2023-11-30T17:09:52.208Z, 1115.8324062, 642.5385968
1701364192225, 2023-11-30T17:09:52.225Z, 1137.1237417999998, 642.2150091999999
1701364192241, 2023-11-30T17:09:52.241Z, 1140.5499916, 635.8821222
1701364192255, 2023-11-30T17:09:52.255Z, 1144.0641401999999, 629.551108
1701364192286, 2023-11-30T17:09:52.286Z, 1145.4798868, 623.2623246
1701364192302, 2023-11-30T17:09:52.302Z, 1146.7928302, 619.0988018
1701364192318, 2023-11-30T17:09:52.318Z, 1148.1393524, 619.2725048
1701364192350, 2023-11-30T17:09:52.350Z, 1150.8722206, 627.9946318
1701364192366, 2023-11-30T17:09:52.366Z, 1154.3759765999998, 641.0693570000001
1701364192382, 2023-11-30T17:09:52.382Z, 1159.2387439999998, 659.7563260000001
1701364192399, 2023-11-30T17:09:52.399Z, 1164.8969282, 677.4840764
1701364192416, 2023-11-30T17:09:52.416Z, 1171.0139278000001, 697.5137024
1701364192431, 2023-11-30T17:09:52.431Z, 1176.1439326, 710.1946444
1701364192447, 2023-11-30T17:09:52.447Z, 1180.7639024, 718.7432416
1701364192462, 2023-11-30T17:09:52.462Z, 1183.8589509999997, 722.7433728
1701364192480, 2023-11-30T17:09:52.480Z, 1184.5554046000002, 726.158651
1701364192502, 2023-11-30T17:09:52.502Z, 1185.7433272, 727.373648
1701364192525, 2023-11-30T17:09:52.525Z, 1186.5979499999999, 727.8570735999999
1701364192543, 2023-11-30T17:09:52.543Z, 1187.1111250000001, 728.8141851999999
1701364192570, 2023-11-30T17:09:52.570Z, 1188.0676784000002, 728.6537258
1701364192589, 2023-11-30T17:09:52.589Z, 1191.1300073999998, 728.421161
1701364192603, 2023-11-30T17:09:52.603Z, 1194.2441878, 727.137093
1701364192618, 2023-11-30T17:09:52.618Z, 1198.4305344, 726.8018566000001
1701364192651, 2023-11-30T17:09:52.651Z, 1201.1112475999998, 727.017783
1701364192665, 2023-11-30T17:09:52.665Z, 1204.7016422000002, 728.9369876000001
1701364192682, 2023-11-30T17:09:52.682Z, 1208.892351, 736.0527119999999
1701364192698, 2023-11-30T17:09:52.698Z, 1212.7694987999998, 742.7437576
1701364192714, 2023-11-30T17:09:52.714Z, 1214.9480064, 749.1462206
1701364192730, 2023-11-30T17:09:52.730Z, 1218.222789, 754.6004403999999
1701364192746, 2023-11-30T17:09:52.746Z, 1220.6416628, 758.4125428
1701364192760, 2023-11-30T17:09:52.760Z, 1221.735923, 758.7125926000001
1701364192775, 2023-11-30T17:09:52.775Z, 1221.6718992, 762.2886652
1701364192796, 2023-11-30T17:09:52.796Z, 1220.5925146000002, 764.7736750000001
1701364192822, 2023-11-30T17:09:52.822Z, 1219.5001006, 768.3192954
1701364192839, 2023-11-30T17:09:52.839Z, 1216.3809232, 772.7331604000001
1701364192855, 2023-11-30T17:09:52.855Z, 1208.3984716, 779.0389804
1701364192885, 2023-11-30T17:09:52.885Z, 1200.2211688, 784.3445062
1701364192918, 2023-11-30T17:09:52.918Z, 1196.6834492000003, 791.433772
1701364192948, 2023-11-30T17:09:52.948Z, 1194.144044, 797.1490222
1701364192964, 2023-11-30T17:09:52.964Z, 1190.8550553999999, 802.2796316
1701364192983, 2023-11-30T17:09:52.983Z, 1192.8967174, 804.907989
1701364192997, 2023-11-30T17:09:52.997Z, 1196.5795088, 803.8065572
1701364193013, 2023-11-30T17:09:53.013Z, 1198.4334276, 800.5913218000001
1701364193026, 2023-11-30T17:09:53.026Z, 1193.5319198, 799.6812894000001
1701364193041, 2023-11-30T17:09:53.041Z, 1194.6352572, 796.9675624
1701364193056, 2023-11-30T17:09:53.056Z, 1194.0434386000002, 794.8726899999999
1701364193071, 2023-11-30T17:09:53.071Z, 1191.7583418000002, 793.8306206
1701364193096, 2023-11-30T17:09:53.096Z, 1186.841709, 793.6893456
1701364193105, 2023-11-30T17:09:53.105Z, 1188.1085498, 791.5491483999999
1701364193134, 2023-11-30T17:09:53.134Z, 1189.305961, 786.8356683999999
1701364193149, 2023-11-30T17:09:53.149Z, 1192.0235876, 781.622642
1701364193166, 2023-11-30T17:09:53.166Z, 1194.6688542, 776.7566850000001
1701364193182, 2023-11-30T17:09:53.182Z, 1199.3247262, 771.2559228
1701364193197, 2023-11-30T17:09:53.197Z, 1203.2397566, 768.253909
1701364193215, 2023-11-30T17:09:53.215Z, 1203.8172814, 771.3931398
1701364193242, 2023-11-30T17:09:53.242Z, 1203.0658654000001, 774.0266389999999
1701364193291, 2023-11-30T17:09:53.291Z, 1196.4827492, 779.8952426
1701364193321, 2023-11-30T17:09:53.321Z, 1185.4359124, 782.5654062
1701364193337, 2023-11-30T17:09:53.337Z, 1175.1164644, 784.0333052000001
1701364193352, 2023-11-30T17:09:53.352Z, 1164.379838, 784.3825215999999
1701364193367, 2023-11-30T17:09:53.367Z, 1153.5273236, 785.3839894
1701364193398, 2023-11-30T17:09:53.398Z, 1151.2116024, 783.878497
1701364193414, 2023-11-30T17:09:53.414Z, 1153.8235548, 786.2801508
1701364193430, 2023-11-30T17:09:53.430Z, 1159.1423582, 787.0066260000001
1701364193446, 2023-11-30T17:09:53.446Z, 1165.0388754, 786.9933128
1701364193461, 2023-11-30T17:09:53.461Z, 1171.8205901999997, 787.1690586000001
1701364193477, 2023-11-30T17:09:53.477Z, 1173.0982626, 788.1875834
1701364193492, 2023-11-30T17:09:53.492Z, 1173.8313196, 788.961548
1701364193507, 2023-11-30T17:09:53.507Z, 1172.5258939999999, 789.8854478000001
1701364193522, 2023-11-30T17:09:53.522Z, 1172.3211218000001, 790.7647290000001
1701364193546, 2023-11-30T17:09:53.546Z, 1180.8288836000002, 789.4572216
1701364193556, 2023-11-30T17:09:53.556Z, 1190.6156812000002, 787.1092526
1701364193584, 2023-11-30T17:09:53.584Z, 1203.8115398000002, 784.8256048
1701364193600, 2023-11-30T17:09:53.600Z, 1219.0241065999999, 784.3354264
1701364193620, 2023-11-30T17:09:53.620Z, 1238.1684946, 782.3293891999999
1701364193646, 2023-11-30T17:09:53.646Z, 1250.8144896000001, 781.6743095999998
1701364193663, 2023-11-30T17:09:53.663Z, 1263.2084258, 781.2633195999999
1701364193677, 2023-11-30T17:09:53.677Z, 1273.7698402, 781.2585046
1701364193694, 2023-11-30T17:09:53.694Z, 1269.3712236, 783.238102
1701364193709, 2023-11-30T17:09:53.709Z, 1260.0787774, 786.9196473999999
1701364193725, 2023-11-30T17:09:53.725Z, 1250.0814884, 790.4681463999999
1701364193741, 2023-11-30T17:09:53.741Z, 1237.2731058, 792.8219916
1701364193757, 2023-11-30T17:09:53.757Z, 1219.5800138, 793.8077971999999
1701364193772, 2023-11-30T17:09:53.772Z, 1213.9001452, 791.2279017999999
1701364193789, 2023-11-30T17:09:53.789Z, 1207.979244, 789.9370366
1701364193804, 2023-11-30T17:09:53.804Z, 1200.9307082, 789.3429256
1701364193820, 2023-11-30T17:09:53.820Z, 1198.843369, 789.3311944
1701364193846, 2023-11-30T17:09:53.846Z, 1200.1064406, 789.9238134
1701364193867, 2023-11-30T17:09:53.867Z, 1201.5972158, 790.5918924
1701364193882, 2023-11-30T17:09:53.882Z, 1202.7871464000002, 790.0193878
1701364193898, 2023-11-30T17:09:53.898Z, 1203.540853, 788.9513014
1701364193913, 2023-11-30T17:09:53.913Z, 1202.239586, 787.7145568
1701364193929, 2023-11-30T17:09:53.929Z, 1198.5762994, 786.7509338
1701364193945, 2023-11-30T17:09:53.945Z, 1193.2752636, 785.9589665999999
1701364193960, 2023-11-30T17:09:53.960Z, 1188.3986054, 786.065755
1701364193976, 2023-11-30T17:09:53.976Z, 1184.2693020000002, 786.2423766
1701364193998, 2023-11-30T17:09:53.998Z, 1181.8689254, 786.0498094
1701364194006, 2023-11-30T17:09:54.006Z, 1179.8285192, 786.3923804
1701364194026, 2023-11-30T17:09:54.026Z, 1178.7187906000001, 786.7516722
1701364194053, 2023-11-30T17:09:54.053Z, 1177.8038305999999, 785.7321635999999
1701364194053, 2023-11-30T17:09:54.053Z, 1176.9535242, 784.8595184
1701364194070, 2023-11-30T17:09:54.070Z, 1176.402329, 784.1629637999999
1701364194101, 2023-11-30T17:09:54.101Z, 1177.6014662000002, 783.9606491999999
1701364194116, 2023-11-30T17:09:54.116Z, 1179.5822311999998, 783.9903332
1701364194142, 2023-11-30T17:09:54.142Z, 1181.1168272, 784.434288
1701364194162, 2023-11-30T17:09:54.162Z, 1182.2892934000001, 786.642557
1701364194178, 2023-11-30T17:09:54.178Z, 1184.9885016, 788.2341538
1701364194195, 2023-11-30T17:09:54.195Z, 1182.7366994, 793.9685708
1701364194210, 2023-11-30T17:09:54.210Z, 1186.4025984000002, 796.6622402
1701364194225, 2023-11-30T17:09:54.225Z, 1188.3849472, 800.0806868
1701364194241, 2023-11-30T17:09:54.241Z, 1189.3605874, 802.3355141999999
1701364194257, 2023-11-30T17:09:54.257Z, 1191.4009662, 805.9834122
1701364194271, 2023-11-30T17:09:54.271Z, 1195.2780358, 805.3453446
1701364194296, 2023-11-30T17:09:54.296Z, 1190.7390825999998, 807.3917676000001
1701364194317, 2023-11-30T17:09:54.317Z, 1185.6708620000002, 808.8322786000001
1701364194333, 2023-11-30T17:09:54.333Z, 1180.6977181999998, 810.1651252
1701364194349, 2023-11-30T17:09:54.349Z, 1172.7611647999997, 811.3101730000001
1701364194365, 2023-11-30T17:09:54.365Z, 1167.1520693999998, 812.0459267999998
1701364194381, 2023-11-30T17:09:54.381Z, 1163.3260108, 812.8076863999999
1701364194396, 2023-11-30T17:09:54.396Z, 1162.1844366, 814.4060344000001
1701364194412, 2023-11-30T17:09:54.412Z, 1161.4808154, 816.4286662
1701364194427, 2023-11-30T17:09:54.427Z, 1160.6531608, 818.1728914
1701364194447, 2023-11-30T17:09:54.447Z, 1159.6724072000002, 820.5394662000001
1701364194457, 2023-11-30T17:09:54.457Z, 1159.387349, 823.12418
1701364194475, 2023-11-30T17:09:54.475Z, 1159.1562079999999, 825.2133578
1701364194506, 2023-11-30T17:09:54.506Z, 1160.1669439999998, 826.3442640000001
1701364194536, 2023-11-30T17:09:54.536Z, 1163.8485708, 828.0689564
1701364194551, 2023-11-30T17:09:54.551Z, 1169.2162976, 830.5868714000001
1701364194566, 2023-11-30T17:09:54.566Z, 1174.8206685999999, 832.9558846
1701364194593, 2023-11-30T17:09:54.593Z, 1180.3092554, 834.9467022000001
1701364194614, 2023-11-30T17:09:54.614Z, 1184.5237398, 837.8259863999999
1701364194630, 2023-11-30T17:09:54.630Z, 1185.6345492, 840.2261306
1701364194645, 2023-11-30T17:09:54.645Z, 1184.792375, 841.3769422000001
1701364194662, 2023-11-30T17:09:54.662Z, 1183.1965448, 843.2443864
1701364194678, 2023-11-30T17:09:54.678Z, 1180.2282712, 845.1384248
1701364194693, 2023-11-30T17:09:54.693Z, 1178.4774286, 846.4554099999999
1701364194710, 2023-11-30T17:09:54.710Z, 1176.0102394, 847.2086364
1701364194724, 2023-11-30T17:09:54.724Z, 1173.3080068, 847.7018128000002
1701364194747, 2023-11-30T17:09:54.747Z, 1169.0949044, 847.3314418
1701364194770, 2023-11-30T17:09:54.770Z, 1163.8576392, 846.4673994000001
1701364194786, 2023-11-30T17:09:54.786Z, 1157.1698338, 845.6894254000001
1701364194802, 2023-11-30T17:09:54.802Z, 1152.0603304, 846.655633
1701364194818, 2023-11-30T17:09:54.818Z, 1147.6571738, 847.9377252
1701364194836, 2023-11-30T17:09:54.836Z, 1146.040035, 847.2757108
1701364194865, 2023-11-30T17:09:54.865Z, 1146.6636872, 846.7974114000001
1701364194897, 2023-11-30T17:09:54.897Z, 1148.4173033999998, 846.9475346000002
1701364194914, 2023-11-30T17:09:54.914Z, 1150.1750656, 845.4639488
1701364194928, 2023-11-30T17:09:54.928Z, 1152.775263, 843.5070976000001
1701364194944, 2023-11-30T17:09:54.944Z, 1154.1383920000003, 843.3954871999998
1701364194960, 2023-11-30T17:09:54.960Z, 1154.719671, 842.869641
1701364194976, 2023-11-30T17:09:54.976Z, 1155.0304786, 841.4158987999999
1701364194991, 2023-11-30T17:09:54.991Z, 1155.340213, 840.1065434
1701364195005, 2023-11-30T17:09:55.005Z, 1154.9564619999999, 838.9248845999998
1701364195022, 2023-11-30T17:09:55.022Z, 1155.667845, 837.0547448
1701364195042, 2023-11-30T17:09:55.042Z, 1156.8624375999998, 836.1004788
1701364195068, 2023-11-30T17:09:55.068Z, 1156.1739474, 835.4760147999999
1701364195084, 2023-11-30T17:09:55.084Z, 1150.149068, 833.6258242
1701364195100, 2023-11-30T17:09:55.100Z, 1144.290333, 831.6848810000001
1701364195115, 2023-11-30T17:09:55.115Z, 1131.9701466000001, 829.1837614
1701364195131, 2023-11-30T17:09:55.131Z, 1118.9181466000002, 826.9401052000001
1701364195163, 2023-11-30T17:09:55.163Z, 1107.7350522000002, 824.4405024
1701364195178, 2023-11-30T17:09:55.178Z, 1101.8640592, 822.9916137999999
1701364195198, 2023-11-30T17:09:55.198Z, 1097.7336762, 820.9835145999999
1701364195225, 2023-11-30T17:09:55.225Z, 1112.8864193999998, 814.9676453999999
1701364195241, 2023-11-30T17:09:55.241Z, 1133.7788084, 807.1272502
1701364195257, 2023-11-30T17:09:55.257Z, 1153.5820014, 799.7433960000001
1701364195272, 2023-11-30T17:09:55.272Z, 1171.7322989999998, 793.3765458
1701364195304, 2023-11-30T17:09:55.304Z, 1189.2822148, 787.9457454
1701364195317, 2023-11-30T17:09:55.317Z, 1189.4478606, 789.3359154
1701364195347, 2023-11-30T17:09:55.347Z, 1182.6108886, 792.2102871999999
1701364195364, 2023-11-30T17:09:55.364Z, 1180.737561, 796.18207
1701364195379, 2023-11-30T17:09:55.379Z, 1181.7143814, 798.6942554
1701364195395, 2023-11-30T17:09:55.395Z, 1183.2700078, 800.7851639999999
1701364195411, 2023-11-30T17:09:55.411Z, 1187.3637246000003, 803.1633891999999
1701364195428, 2023-11-30T17:09:55.428Z, 1194.3775574, 805.1484005999998
1701364195443, 2023-11-30T17:09:55.443Z, 1196.8579366, 806.04656
1701364195459, 2023-11-30T17:09:55.459Z, 1198.7800804, 805.7537826
1701364195475, 2023-11-30T17:09:55.475Z, 1199.3967108000002, 804.7834814
1701364195506, 2023-11-30T17:09:55.506Z, 1201.0018646000003, 802.2673333999999
1701364195522, 2023-11-30T17:09:55.522Z, 1203.4229276, 799.4141232
1701364195537, 2023-11-30T17:09:55.537Z, 1207.9928802, 795.5515443999999
1701364195555, 2023-11-30T17:09:55.555Z, 1214.1863799999999, 792.6739259999998
1701364195570, 2023-11-30T17:09:55.570Z, 1219.5702242, 789.9539876000001
1701364195584, 2023-11-30T17:09:55.584Z, 1222.5445783999999, 788.307329
1701364195600, 2023-11-30T17:09:55.600Z, 1220.4215858000002, 788.4606634
1701364195616, 2023-11-30T17:09:55.616Z, 1208.7597246, 790.943123
1701364195647, 2023-11-30T17:09:55.647Z, 1192.6236430000001, 795.0526348000001
1701364195663, 2023-11-30T17:09:55.663Z, 1173.0024283999999, 801.345268
1701364195680, 2023-11-30T17:09:55.680Z, 1159.3258054000003, 805.0607082
1701364195694, 2023-11-30T17:09:55.694Z, 1147.8812664000002, 806.3162848
1701364195709, 2023-11-30T17:09:55.709Z, 1143.3856712, 807.7255564
1701364195725, 2023-11-30T17:09:55.725Z, 1141.8851399999999, 807.8746152
1701364195741, 2023-11-30T17:09:55.741Z, 1146.4114464, 806.3537246000001
1701364195755, 2023-11-30T17:09:55.755Z, 1147.0948059999998, 806.6119487999999
1701364195773, 2023-11-30T17:09:55.773Z, 1148.7808364, 807.1908644
1701364195797, 2023-11-30T17:09:55.797Z, 1149.7427300000002, 808.1087708
1701364195807, 2023-11-30T17:09:55.807Z, 1147.1805822000001, 810.5788486
1701364195832, 2023-11-30T17:09:55.832Z, 1141.4768392, 813.3282478
1701364195848, 2023-11-30T17:09:55.848Z, 1136.953873, 814.8378808
1701364195864, 2023-11-30T17:09:55.864Z, 1132.1673306, 817.2810132000001
1701364195880, 2023-11-30T17:09:55.880Z, 1127.7525532, 818.6676254
1701364195896, 2023-11-30T17:09:55.896Z, 1126.1132404, 819.6683295999999
1701364195911, 2023-11-30T17:09:55.911Z, 1125.5538302, 820.9898448
1701364195928, 2023-11-30T17:09:55.928Z, 1127.1866166, 823.9376517999999
1701364195958, 2023-11-30T17:09:55.958Z, 1130.3427093999999, 827.2092692
1701364195974, 2023-11-30T17:09:55.974Z, 1139.065498, 829.7900303999999
1701364195990, 2023-11-30T17:09:55.990Z, 1149.6081484, 832.723934
1701364196005, 2023-11-30T17:09:56.005Z, 1166.2498878000001, 833.3995918
1701364196020, 2023-11-30T17:09:56.020Z, 1179.832655, 833.3829428000001
1701364196036, 2023-11-30T17:09:56.036Z, 1191.9103546000001, 833.0720642
1701364196051, 2023-11-30T17:09:56.051Z, 1200.606483, 831.869491
1701364196067, 2023-11-30T17:09:56.067Z, 1206.7452583999998, 830.0015078
1701364196097, 2023-11-30T17:09:56.097Z, 1207.3146448, 830.0487556
1701364196112, 2023-11-30T17:09:56.112Z, 1206.6484012, 830.7548221999999
1701364196127, 2023-11-30T17:09:56.127Z, 1207.4902846, 831.4998804
1701364196143, 2023-11-30T17:09:56.143Z, 1210.0830892, 832.731521
1701364196158, 2023-11-30T17:09:56.158Z, 1212.1885332000002, 834.5672176
1701364196175, 2023-11-30T17:09:56.175Z, 1212.6155767999999, 839.9089184000001
1701364196189, 2023-11-30T17:09:56.189Z, 1217.3485256, 845.2304631999999
1701364196204, 2023-11-30T17:09:56.204Z, 1220.2043104, 849.8684018
1701364196220, 2023-11-30T17:09:56.220Z, 1221.2763626, 855.496167
1701364196246, 2023-11-30T17:09:56.246Z, 1221.5328198, 861.1130745999999
1701364196255, 2023-11-30T17:09:56.255Z, 1221.0040095999998, 863.8091689999999
1701364196280, 2023-11-30T17:09:56.280Z, 1218.0443134, 865.3411755999999
1701364196296, 2023-11-30T17:09:56.296Z, 1217.1796728, 867.0413071999999
1701364196312, 2023-11-30T17:09:56.312Z, 1213.3433922, 868.3231886
1701364196327, 2023-11-30T17:09:56.327Z, 1216.5395469999999, 866.4969636
1701364196341, 2023-11-30T17:09:56.341Z, 1220.9070981999998, 864.2462818
1701364196357, 2023-11-30T17:09:56.357Z, 1223.5558812, 862.9303712000001
1701364196372, 2023-11-30T17:09:56.372Z, 1225.5274201999998, 862.307717
1701364196391, 2023-11-30T17:09:56.391Z, 1229.3480260000001, 861.670738
1701364196412, 2023-11-30T17:09:56.412Z, 1226.5436559999998, 863.6672262
1701364196437, 2023-11-30T17:09:56.437Z, 1220.3615691999998, 865.3504544
1701364196456, 2023-11-30T17:09:56.456Z, 1212.5647748, 866.4243874
1701364196484, 2023-11-30T17:09:56.484Z, 1205.1205172, 867.218588
1701364196515, 2023-11-30T17:09:56.515Z, 1200.3513908, 866.9193439999999
1701364196531, 2023-11-30T17:09:56.531Z, 1197.9153202000002, 866.0517329999999
1701364196547, 2023-11-30T17:09:56.547Z, 1199.529977, 867.3382924000001
1701364196563, 2023-11-30T17:09:56.563Z, 1203.6360264, 870.9279586
1701364196578, 2023-11-30T17:09:56.578Z, 1206.793177, 875.5573998
1701364196594, 2023-11-30T17:09:56.594Z, 1209.7122058, 879.0078838
1701364196612, 2023-11-30T17:09:56.612Z, 1210.9633476000001, 881.8139879999999
1701364196625, 2023-11-30T17:09:56.625Z, 1213.606506, 881.2017722
1701364196641, 2023-11-30T17:09:56.641Z, 1229.0899092, 879.6487973999999
1701364196656, 2023-11-30T17:09:56.656Z, 1253.7339782, 878.1345478
1701364196672, 2023-11-30T17:09:56.672Z, 1286.120187, 882.3053964000001
1701364196696, 2023-11-30T17:09:56.696Z, 1327.3477348, 888.6211698000001
1701364196718, 2023-11-30T17:09:56.718Z, 1366.7071356000001, 896.531968
1701364196734, 2023-11-30T17:09:56.734Z, 1394.9708564, 903.163175
1701364197417, 2023-11-30T17:09:57.417Z, 1427.928109, 906.8047014
1701364197445, 2023-11-30T17:09:57.445Z, 1423.2906338, 794.374872
1701364197463, 2023-11-30T17:09:57.463Z, 1402.9178462, 689.4576694
1701364197479, 2023-11-30T17:09:57.479Z, 1382.3155046, 582.6642624
1701364197495, 2023-11-30T17:09:57.495Z, 1359.9316708000001, 474.3390004
1701364197510, 2023-11-30T17:09:57.510Z, 1323.587395, 364.74789020000003
1701364197527, 2023-11-30T17:09:57.527Z, 1315.6549844, 363.7328632
1701364197542, 2023-11-30T17:09:57.542Z, 1314.6770408, 350.13918920000003
1701364197558, 2023-11-30T17:09:57.558Z, 1313.6506812, 339.0044684
1701364197573, 2023-11-30T17:09:57.573Z, 1313.6832416, 330.093224
1701364197596, 2023-11-30T17:09:57.596Z, 1312.6513929999999, 327.16704219999997
1701364197624, 2023-11-30T17:09:57.624Z, 1311.7642218, 326.4473194
1701364197637, 2023-11-30T17:09:57.637Z, 1299.3477002000002, 309.44667319999996
1701364197653, 2023-11-30T17:09:57.653Z, 1275.9242282, 286.8386404
1701364197670, 2023-11-30T17:09:57.670Z, 1254.827417, 261.2141032
1701364197684, 2023-11-30T17:09:57.684Z, 1230.2342586, 237.88321379999996
1701364197699, 2023-11-30T17:09:57.699Z, 1207.107705, 215.65277299999997
1701364197715, 2023-11-30T17:09:57.715Z, 1198.1102968, 209.5052662
1701364197742, 2023-11-30T17:09:57.742Z, 1204.2405021999998, 207.0749156
1701364197762, 2023-11-30T17:09:57.762Z, 1206.5589850000001, 206.7498956
1701364197779, 2023-11-30T17:09:57.779Z, 1214.5050966, 200.2567364
1701364197794, 2023-11-30T17:09:57.794Z, 1220.0911384, 193.8678608
1701364197809, 2023-11-30T17:09:57.809Z, 1223.704382, 192.052935
1701364197826, 2023-11-30T17:09:57.826Z, 1224.3102365999998, 192.59602560000002
1701364197842, 2023-11-30T17:09:57.842Z, 1224.7867585999998, 194.2089074
1701364197858, 2023-11-30T17:09:57.858Z, 1223.3218676000001, 197.86625480000004
1701364197873, 2023-11-30T17:09:57.873Z, 1219.5117851999998, 203.424782
1701364197895, 2023-11-30T17:09:57.895Z, 1216.4126246, 206.756998
1701364197921, 2023-11-30T17:09:57.921Z, 1215.5806064, 206.05432019999998
1701364197937, 2023-11-30T17:09:57.937Z, 1216.0328694, 204.3202936
1701364197952, 2023-11-30T17:09:57.952Z, 1220.98575, 199.02970420000003
1701364197968, 2023-11-30T17:09:57.968Z, 1234.222561, 188.08191340000002
1701364197984, 2023-11-30T17:09:57.984Z, 1249.5525905999998, 179.4415616
1701364198015, 2023-11-30T17:09:58.015Z, 1266.1604456, 177.1320126
1701364198063, 2023-11-30T17:09:58.063Z, 1290.3527638, 180.2689194
1701364198079, 2023-11-30T17:09:58.079Z, 1324.0388882, 187.921731
1701364198094, 2023-11-30T17:09:58.094Z, 1350.316073, 201.0118236
1701364198110, 2023-11-30T17:09:58.110Z, 1373.9894486, 215.7519952
1701364198126, 2023-11-30T17:09:58.126Z, 1396.1906916, 225.70325739999998
1701364198139, 2023-11-30T17:09:58.139Z, 1410.1272954, 230.81597219999998
1701364198155, 2023-11-30T17:09:58.155Z, 1410.6156302000002, 234.4588396
1701364198169, 2023-11-30T17:09:58.169Z, 1414.130499, 235.879251
1701364198190, 2023-11-30T17:09:58.190Z, 1415.63522, 235.84638439999998
1701364198209, 2023-11-30T17:09:58.209Z, 1414.6619683999998, 235.6769058
1701364198224, 2023-11-30T17:09:58.224Z, 1413.2478557999998, 235.50822719999996
1701364198235, 2023-11-30T17:09:58.235Z, 1412.3902445999997, 234.3987032
1701364198263, 2023-11-30T17:09:58.263Z, 1410.6827924000002, 232.511686
1701364198279, 2023-11-30T17:09:58.279Z, 1411.5397846, 228.7721238
1701364198294, 2023-11-30T17:09:58.294Z, 1409.4532771999998, 227.635896
1701364198309, 2023-11-30T17:09:58.309Z, 1407.3507746, 226.4810172
1701364198326, 2023-11-30T17:09:58.326Z, 1405.7638080000002, 225.5914916
1701364198346, 2023-11-30T17:09:58.346Z, 1401.2560105999999, 226.25319339999996
1701364198360, 2023-11-30T17:09:58.360Z, 1396.0345473999998, 228.5143138
1701364198372, 2023-11-30T17:09:58.372Z, 1393.2975605999998, 229.81518799999998
1701364198390, 2023-11-30T17:09:58.390Z, 1394.2502846000002, 229.13297240000003
1701364198418, 2023-11-30T17:09:58.418Z, 1394.7463006, 228.5992342
1701364198449, 2023-11-30T17:09:58.449Z, 1393.878593, 226.1535462
1701364198465, 2023-11-30T17:09:58.465Z, 1393.9922768, 221.79018660000003
1701364198496, 2023-11-30T17:09:58.496Z, 1388.5213311999998, 216.44623300000003
1701364198512, 2023-11-30T17:09:58.512Z, 1375.1215576, 213.23534280000004
1701364198527, 2023-11-30T17:09:58.527Z, 1359.5234610000002, 208.0152698
1701364198542, 2023-11-30T17:09:58.542Z, 1346.2295336, 205.1887554
1701364198559, 2023-11-30T17:09:58.559Z, 1328.0447122, 204.0249962
1701364198573, 2023-11-30T17:09:58.573Z, 1316.0548854, 203.4967008
1701364198588, 2023-11-30T17:09:58.588Z, 1308.0537438, 202.27910819999997
1701364198605, 2023-11-30T17:09:58.605Z, 1302.776747, 201.4676768
1701364198618, 2023-11-30T17:09:58.618Z, 1299.2099688, 199.7371056
1701364198641, 2023-11-30T17:09:58.641Z, 1299.5924648, 197.74375500000002
1701364198665, 2023-11-30T17:09:58.665Z, 1301.509576, 195.3510222
1701364198681, 2023-11-30T17:09:58.681Z, 1306.9410235999999, 191.766734
1701364198696, 2023-11-30T17:09:58.696Z, 1309.2799896000001, 190.7145614
1701364198712, 2023-11-30T17:09:58.712Z, 1313.1418238, 189.2201368
1701364198731, 2023-11-30T17:09:58.731Z, 1315.8034833999998, 188.51481280000002
1701364198744, 2023-11-30T17:09:58.744Z, 1315.7356368, 188.58563640000003
1701364198759, 2023-11-30T17:09:58.759Z, 1315.1845684, 189.1738992
1701364198775, 2023-11-30T17:09:58.775Z, 1316.7841276000001, 189.34122440000002
1701364198797, 2023-11-30T17:09:58.797Z, 1322.6625452, 187.0132312