1701364123017, 2023-11-30T17:08:43.017Z, 1122.1172496000002, 845.5563536
1701364123046, 2023-11-30T17:08:43.046Z, 1128.3717758, 850.2491620000001
1701364123062, 2023-11-30T17:08:43.062Z, 1134.7430296, 852.7034766
1701364123077, 2023-11-30T17:08:43.077Z, 1140.7590568, 853.8346732
1701364123092, 2023-11-30T17:08:43.092Z, 1143.1817846, 852.0997014000001
1701364123109, 2023-11-30T17:08:43.109Z, 1143.6929476, 850.4790084
1701364123124, 2023-11-30T17:08:43.124Z, 1143.8412096, 848.6880348000001
1701364123140, 2023-11-30T17:08:43.140Z, 1144.3283334, 848.4139202
1701364123156, 2023-11-30T17:08:43.156Z, 1145.0817878000003, 850.4201012
1701364123171, 2023-11-30T17:08:43.171Z, 1146.154671, 852.7232674
1701364123196, 2023-11-30T17:08:43.196Z, 1147.2115452, 854.7306622
1701364123218, 2023-11-30T17:08:43.218Z, 1148.4212717999999, 856.170023
1701364123233, 2023-11-30T17:08:43.233Z, 1149.7296104000002, 856.9601279999999
1701364123248, 2023-11-30T17:08:43.248Z, 1153.2676214, 854.4423990000001
1701364123264, 2023-11-30T17:08:43.264Z, 1156.4914066000001, 851.0557106
1701364123279, 2023-11-30T17:08:43.279Z, 1159.3830460000001, 848.192202
1701364123295, 2023-11-30T17:08:43.295Z, 1161.8250434, 845.1544754
1701364123311, 2023-11-30T17:08:43.311Z, 1164.8756188, 841.8808804
1701364123327, 2023-11-30T17:08:43.327Z, 1164.6031472, 840.1046256
1701364123346, 2023-11-30T17:08:43.346Z, 1166.349142, 838.6477628
1701364123373, 2023-11-30T17:08:43.373Z, 1167.7685165999999, 837.4753778
1701364123389, 2023-11-30T17:08:43.389Z, 1168.6857836000001, 837.0190092
1701364123404, 2023-11-30T17:08:43.404Z, 1167.0984806000001, 837.0654947999999
1701364123422, 2023-11-30T17:08:43.422Z, 1161.0649526000002, 837.7145713999998
1701364123450, 2023-11-30T17:08:43.450Z, 1152.8393238, 837.9750514
1701364123466, 2023-11-30T17:08:43.466Z, 1145.0676472, 836.8183676000001
1701364123496, 2023-11-30T17:08:43.496Z, 1137.8781942, 835.630478
1701364123514, 2023-11-30T17:08:43.514Z, 1132.4118038000001, 835.4462288000001
1701364123527, 2023-11-30T17:08:43.527Z, 1131.85477, 835.1985537999999
1701364123543, 2023-11-30T17:08:43.543Z, 1132.0444836000001, 834.3200307999999
1701364123559, 2023-11-30T17:08:43.559Z, 1132.2090968, 834.7067387999999
1701364123574, 2023-11-30T17:08:43.574Z, 1133.0066858, 834.4602511999999
1701364123591, 2023-11-30T17:08:43.591Z, 1133.6544603999998, 832.3692598
1701364123607, 2023-11-30T17:08:43.607Z, 1139.5591108, 828.8541028
1701364123622, 2023-11-30T17:08:43.622Z, 1145.28162, 826.7158122000001
1701364123647, 2023-11-30T17:08:43.647Z, 1151.9008588000002, 825.2005069999999
1701364123669, 2023-11-30T17:08:43.669Z, 1158.2707114, 825.2310623999999
1701364123684, 2023-11-30T17:08:43.684Z, 1164.0042561999999, 825.8793334
1701364123700, 2023-11-30T17:08:43.700Z, 1163.2569652, 828.4895769999999
1701364123716, 2023-11-30T17:08:43.716Z, 1160.8228486, 831.5148354
1701364123732, 2023-11-30T17:08:43.732Z, 1155.6396487999998, 835.0031031999999
1701364123750, 2023-11-30T17:08:43.750Z, 1150.9478302, 836.7290138000001
1701364123764, 2023-11-30T17:08:43.764Z, 1145.8379716, 838.7178734000001
1701364123780, 2023-11-30T17:08:43.780Z, 1141.1500294000002, 840.7887205999999
1701364123799, 2023-11-30T17:08:43.799Z, 1137.5402342, 844.0073658000001
1701364123830, 2023-11-30T17:08:43.830Z, 1151.8590196, 851.3531608
1701364123843, 2023-11-30T17:08:43.843Z, 1185.1824649999999, 861.5929834000001
1701364123968, 2023-11-30T17:08:43.968Z, 1244.7944788, 875.0982652
1701364124283, 2023-11-30T17:08:44.283Z, 1311.2111076, 888.3074578
1701364124376, 2023-11-30T17:08:44.376Z, 1383.4376848, 898.1042768
1701364124393, 2023-11-30T17:08:44.393Z, 1433.9664019999998, 903.9698261999999
1701364124423, 2023-11-30T17:08:44.423Z, 1467.7913666, 907.3561932
1701364124734, 2023-11-30T17:08:44.734Z, 1478.9059350000002, 907.4957257999998
1701364124749, 2023-11-30T17:08:44.749Z, 1447.7972180000002, 889.7805801999999
1701364124781, 2023-11-30T17:08:44.781Z, 1383.508319, 815.4317812
1701364124796, 2023-11-30T17:08:44.796Z, 1320.2754104, 722.7964013999999
1701364124826, 2023-11-30T17:08:44.826Z, 1251.0560758000001, 623.6294277999999
1701364124843, 2023-11-30T17:08:44.843Z, 1170.9543296000002, 511.9330263999999
1701364124873, 2023-11-30T17:08:44.873Z, 1127.1410526000002, 415.79821899999996
1701364124889, 2023-11-30T17:08:44.889Z, 1114.797598, 372.13225580000005
1701364124908, 2023-11-30T17:08:44.908Z, 1107.8100161999998, 343.0560538
1701364124936, 2023-11-30T17:08:44.936Z, 1106.0447826000002, 318.995068
1701364124952, 2023-11-30T17:08:44.952Z, 1115.4543888, 304.3926736
1701364124967, 2023-11-30T17:08:44.967Z, 1126.2496237999999, 291.194174
1701364124998, 2023-11-30T17:08:44.998Z, 1134.6153704, 283.637723
1701364125016, 2023-11-30T17:08:45.016Z, 1142.6841811999998, 278.29967619999996
1701364125030, 2023-11-30T17:08:45.030Z, 1150.9602684000001, 273.24197639999994
1701364125046, 2023-11-30T17:08:45.046Z, 1156.7573488, 270.96627920000003
1701364125062, 2023-11-30T17:08:45.062Z, 1161.6004206000002, 269.54103219999996
1701364125079, 2023-11-30T17:08:45.079Z, 1165.4074711999997, 269.26505740000005
1701364125093, 2023-11-30T17:08:45.093Z, 1169.3327464, 268.84153219999996
1701364125108, 2023-11-30T17:08:45.108Z, 1170.7131756000003, 269.258638
1701364125124, 2023-11-30T17:08:45.124Z, 1171.0008734, 269.517845
1701364125148, 2023-11-30T17:08:45.148Z, 1171.1077668, 269.6643922
1701364125171, 2023-11-30T17:08:45.171Z, 1170.8017771999998, 269.5843258
1701364125187, 2023-11-30T17:08:45.187Z, 1175.093406, 266.85301899999996
1701364125202, 2023-11-30T17:08:45.202Z, 1179.4105124, 264.2733838
1701364125218, 2023-11-30T17:08:45.218Z, 1184.966472, 261.2042428
1701364125233, 2023-11-30T17:08:45.233Z, 1192.4803966000002, 256.9322948
1701364125249, 2023-11-30T17:08:45.249Z, 1196.3710735999998, 253.4860894
1701364125266, 2023-11-30T17:08:45.266Z, 1196.1372834000001, 245.8178218
1701364125310, 2023-11-30T17:08:45.310Z, 1195.4146606, 238.6938744
1701364125325, 2023-11-30T17:08:45.325Z, 1187.5101262, 233.8872334
1701364125341, 2023-11-30T17:08:45.341Z, 1174.309905, 228.48192939999998
1701364125370, 2023-11-30T17:08:45.370Z, 1163.3147193999998, 217.3188858
1701364125387, 2023-11-30T17:08:45.388Z, 1149.2675758, 212.91239000000002
1701364125402, 2023-11-30T17:08:45.402Z, 1131.049014, 207.9128576
1701364125417, 2023-11-30T17:08:45.417Z, 1119.585169, 200.9695126
1701364125447, 2023-11-30T17:08:45.447Z, 1110.3995196, 196.4674566
1701364125465, 2023-11-30T17:08:45.465Z, 1107.0273207999999, 196.4163914
1701364125480, 2023-11-30T17:08:45.480Z, 1108.188001, 196.22390539999998
1701364125496, 2023-11-30T17:08:45.496Z, 1131.604542, 193.46365419999998
1701364125511, 2023-11-30T17:08:45.511Z, 1156.6937996000001, 190.5237072
1701364125526, 2023-11-30T17:08:45.526Z, 1194.428728, 182.8841818
1701364125542, 2023-11-30T17:08:45.542Z, 1229.7670016, 175.65678359999998
1701364125557, 2023-11-30T17:08:45.557Z, 1259.766146, 170.3854818
1701364125575, 2023-11-30T17:08:45.575Z, 1277.4175414000001, 164.426058
1701369473000, 2023-11-30T18:37:53.000Z, 1196.7285915999998, 677.7845218
1701369473045, 2023-11-30T18:37:53.045Z, 1180.8274465999998, 681.7156794
1701369473061, 2023-11-30T18:37:53.061Z, 1165.7504961999998, 684.7990619999999
1701369473094, 2023-11-30T18:37:53.094Z, 1160.5151672, 686.1601578
1701369473108, 2023-11-30T18:37:53.108Z, 1156.9969412, 686.710952
1701369473138, 2023-11-30T18:37:53.138Z, 1154.6862085999999, 687.3269822
1701369473153, 2023-11-30T18:37:53.153Z, 1154.7341062, 686.253362
1701369473171, 2023-11-30T18:37:53.171Z, 1155.6057732, 686.1639630000002
1701369473201, 2023-11-30T18:37:53.201Z, 1129.3290112, 676.5038224000001
1701369473216, 2023-11-30T18:37:53.216Z, 1102.7085216, 665.6349141999999
1701369473234, 2023-11-30T18:37:53.234Z, 1077.3926732000002, 651.627915
1701369473264, 2023-11-30T18:37:53.264Z, 1058.2044828, 632.99042
1701369473279, 2023-11-30T18:37:53.279Z, 1035.3560344, 616.438108
1701369473296, 2023-11-30T18:37:53.296Z, 1041.9297362000002, 607.2151308
1701369473320, 2023-11-30T18:37:53.320Z, 1089.071086, 606.5100122
1701369473330, 2023-11-30T18:37:53.330Z, 1117.715059, 606.7652834
1701369473359, 2023-11-30T18:37:53.359Z, 1154.3375442000001, 617.6015718
1701369473375, 2023-11-30T18:37:53.375Z, 1204.7952774, 628.6867362
1701369473391, 2023-11-30T18:37:53.391Z, 1235.7093088, 640.2274122
1701369473407, 2023-11-30T18:37:53.407Z, 1236.7613912, 647.8775296
1701369473422, 2023-11-30T18:37:53.422Z, 1258.7469204000001, 658.4451508
1701369473442, 2023-11-30T18:37:53.442Z, 1264.5374674, 662.3993752
1701369473469, 2023-11-30T18:37:53.469Z, 1245.0017338, 661.4572768
1701369473493, 2023-11-30T18:37:53.493Z, 1240.5361360000002, 662.6064693999999
1701369473517, 2023-11-30T18:37:53.517Z, 1228.5066101999998, 661.0641304
1701369473518, 2023-11-30T18:37:53.518Z, 1210.0908418, 655.0364336
1701369473533, 2023-11-30T18:37:53.533Z, 1205.1446413999997, 653.3493614
1701369473550, 2023-11-30T18:37:53.550Z, 1206.2135056000002, 652.995408
1701369473565, 2023-11-30T18:37:53.565Z, 1215.0375126000001, 652.20227
1701369473581, 2023-11-30T18:37:53.581Z, 1227.1304888000002, 652.9727241999999
1701369473596, 2023-11-30T18:37:53.596Z, 1242.9528052, 657.933109
1701369473621, 2023-11-30T18:37:53.621Z, 1253.7956562, 662.936694
1701369473644, 2023-11-30T18:37:53.644Z, 1270.4133372000001, 669.7657178000001
1701369473674, 2023-11-30T18:37:53.674Z, 1274.9951258, 682.1076208
1701369473690, 2023-11-30T18:37:53.690Z, 1269.9540062, 694.5527478
1701369473721, 2023-11-30T18:37:53.721Z, 1251.8745741999999, 717.7862167999999
1701369473737, 2023-11-30T18:37:53.737Z, 1222.2763922, 743.1272272
1701369473772, 2023-11-30T18:37:53.772Z, 1182.7314046, 780.5514418
1701369473800, 2023-11-30T18:37:53.800Z, 1149.8407466, 814.7582986
1701369473816, 2023-11-30T18:37:53.816Z, 1121.38927, 846.6333623999999
1701369473847, 2023-11-30T18:37:53.847Z, 1105.7465046, 864.6798546
1701369473862, 2023-11-30T18:37:53.862Z, 1094.8811461999999, 877.6083744
1701369473893, 2023-11-30T18:37:53.893Z, 1095.6599266, 879.8287016
1701369473941, 2023-11-30T18:37:53.941Z, 1094.7624730000002, 881.3490652
1701369473956, 2023-11-30T18:37:53.956Z, 1094.019524, 883.8311283999999
1701369473987, 2023-11-30T18:37:53.987Z, 1093.3605785999998, 888.7227230000001
1701369474002, 2023-11-30T18:37:54.002Z, 1095.548033, 893.414049
1701369474033, 2023-11-30T18:37:54.033Z, 1111.1766954, 894.5060028
1701369474049, 2023-11-30T18:37:54.049Z, 1131.61718, 893.5587247999999
1701369474071, 2023-11-30T18:37:54.071Z, 1153.6377538000002, 891.0312895999999
1701369474095, 2023-11-30T18:37:54.096Z, 1175.920423, 888.0359634
1701369474127, 2023-11-30T18:37:54.127Z, 1196.3467628, 886.1581688
1701369474143, 2023-11-30T18:37:54.143Z, 1203.7749838, 885.8615102
1701369474548, 2023-11-30T18:37:54.548Z, 1185.8563075999998, 890.5654806
1701369474566, 2023-11-30T18:37:54.566Z, 1163.6790272, 887.8551084000001
1701369474578, 2023-11-30T18:37:54.578Z, 1114.3978186, 878.4418996
1701369474610, 2023-11-30T18:37:54.610Z, 1054.9520552, 865.7968554000001
1701369474626, 2023-11-30T18:37:54.626Z, 1013.7619265999999, 858.5964242
1701369474669, 2023-11-30T18:37:54.669Z, 970.7255538, 840.3134848000002
1701369474701, 2023-11-30T18:37:54.701Z, 940.1096206, 832.853521
1701369474718, 2023-11-30T18:37:54.718Z, 928.030724, 830.1460461999999
1701369474750, 2023-11-30T18:37:54.750Z, 921.1604648, 827.4068725999999
1701369474765, 2023-11-30T18:37:54.765Z, 895.9950794, 818.3922948000002
1701369474798, 2023-11-30T18:37:54.798Z, 892.8321816, 816.5223648
1701369474843, 2023-11-30T18:37:54.843Z, 888.2758692, 813.8710148
1701369474858, 2023-11-30T18:37:54.858Z, 916.2643396, 824.7476503999999
1701369474888, 2023-11-30T18:37:54.888Z, 951.6603680000001, 838.7620882000001
1701369474904, 2023-11-30T18:37:54.904Z, 988.6643808000001, 850.1340302000001
1701369474935, 2023-11-30T18:37:54.935Z, 1025.9699016, 861.6056516000001
1701369474951, 2023-11-30T18:37:54.951Z, 1053.2694826000002, 872.014392
1701369474972, 2023-11-30T18:37:54.972Z, 1053.8640014, 872.1823007999999
1701369474998, 2023-11-30T18:37:54.998Z, 1051.3894646, 871.4851698
1701369475030, 2023-11-30T18:37:55.030Z, 1047.4026326, 873.3510942
1701369475064, 2023-11-30T18:37:55.064Z, 1045.2521086000002, 876.146968
1701369475081, 2023-11-30T18:37:55.081Z, 1045.6113238000003, 879.2298208
1701369475120, 2023-11-30T18:37:55.120Z, 1049.1303722, 882.6511780000001
1701369475153, 2023-11-30T18:37:55.153Z, 1052.662282, 883.6462892
1701369475169, 2023-11-30T18:37:55.169Z, 1056.8894214, 884.6934492
1701369475200, 2023-11-30T18:37:55.200Z, 1060.3165738, 884.4319923999999
1701369475214, 2023-11-30T18:37:55.214Z, 1062.6947836, 882.6497434
1701369475245, 2023-11-30T18:37:55.245Z, 1063.8325566, 880.9886442000001
1701369475294, 2023-11-30T18:37:55.294Z, 1065.413125, 881.0682344
1701369475307, 2023-11-30T18:37:55.307Z, 1066.9963974, 881.6467524
1701369475336, 2023-11-30T18:37:55.336Z, 1068.0718178, 882.5952074
1701369475352, 2023-11-30T18:37:55.352Z, 1068.4274754, 883.9254744
1701369475385, 2023-11-30T18:37:55.385Z, 1068.4494778, 884.0652256
1701369475400, 2023-11-30T18:37:55.400Z, 1068.1562812, 884.7242628
1701369475448, 2023-11-30T18:37:55.448Z, 1066.2655656000002, 885.3958511999999
1701369476343, 2023-11-30T18:37:56.343Z, 1093.0793402000002, 885.5701984
1701369476373, 2023-11-30T18:37:56.373Z, 1121.3275914, 880.161623
1701369476389, 2023-11-30T18:37:56.389Z, 1149.719181, 875.2397361999999
1701369476408, 2023-11-30T18:37:56.408Z, 1177.7832292, 860.717612
1701369476436, 2023-11-30T18:37:56.436Z, 1206.7129236, 842.3448437999999
1701369476469, 2023-11-30T18:37:56.469Z, 1207.3524382, 815.9803124000001
1701369476500, 2023-11-30T18:37:56.500Z, 1207.5749941999998, 793.9206250000001
1701369476516, 2023-11-30T18:37:56.516Z, 1209.5334152, 767.5786306
1701369476548, 2023-11-30T18:37:56.548Z, 1212.8351684, 749.7975302
1701369476564, 2023-11-30T18:37:56.564Z, 1216.1723132000002, 735.7047338
1701369476592, 2023-11-30T18:37:56.592Z, 1219.2901288, 729.9638386
1701369476642, 2023-11-30T18:37:56.642Z, 1219.0279334000002, 725.2462414
1701369476656, 2023-11-30T18:37:56.656Z, 1216.7030392000001, 724.0538524000001
1701369476686, 2023-11-30T18:37:56.686Z, 1213.8084920000001, 724.6054876000001
1701369476701, 2023-11-30T18:37:56.701Z, 1211.6717374000002, 725.2713858
1701369476733, 2023-11-30T18:37:56.733Z, 1210.3672254, 725.9823864000001
1701369476748, 2023-11-30T18:37:56.748Z, 1212.4855188000001, 726.9595406
1701369476768, 2023-11-30T18:37:56.768Z, 1215.0742646000003, 728.9008544
1701369476797, 2023-11-30T18:37:56.797Z, 1217.4806356000001, 729.732675
1701369476826, 2023-11-30T18:37:56.826Z, 1219.7878696, 729.5223578
1701369476841, 2023-11-30T18:37:56.841Z, 1219.9292436, 715.5360058
1701369476863, 2023-11-30T18:37:56.863Z, 1125.0281585999999, 611.4097188000001
1701369476874, 2023-11-30T18:37:56.874Z, 1019.9215062, 493.0532720000001
1701422359024, 2023-12-01T09:19:19.024Z, 91.80505679999999, 540.6167986
1701422359063, 2023-12-01T09:19:19.063Z, 164.9117776, 543.4512262000001
1701422359080, 2023-12-01T09:19:19.080Z, 232.5788342, 548.7478878
1701422359110, 2023-12-01T09:19:19.110Z, 301.05596180000003, 552.6480384
1701422359126, 2023-12-01T09:19:19.126Z, 370.3137122, 552.5947374
1701422359143, 2023-12-01T09:19:19.143Z, 427.2220488, 550.103227
1701422359189, 2023-12-01T09:19:19.189Z, 432.7326062, 544.5084621999999
1701422359206, 2023-12-01T09:19:19.206Z, 416.4748458, 538.2636728
1701422359236, 2023-12-01T09:19:19.236Z, 339.7838452, 532.8627398000001
1701422359251, 2023-12-01T09:19:19.251Z, 263.21419660000004, 529.1070574000001
1701422359283, 2023-12-01T09:19:19.283Z, 179.4730242, 525.6035320000001
1701422359299, 2023-12-01T09:19:19.299Z, 96.93576420000001, 524.7010779999999
1701422359325, 2023-12-01T09:19:19.325Z, 51.1135646, 523.3880092
1701422359392, 2023-12-01T09:19:19.392Z, 80.1341666, 524.4455954
1701422359475, 2023-12-01T09:19:19.475Z, 122.2057372, 532.3712682
1701422359516, 2023-12-01T09:19:19.516Z, 139.04324079999998, 542.7796645999999
1701422359532, 2023-12-01T09:19:19.532Z, 162.480548, 552.9345964
1701422359550, 2023-12-01T09:19:19.550Z, 172.2356422, 563.4550644
1701422359567, 2023-12-01T09:19:19.567Z, 166.16758539999998, 572.5628392
1701422359643, 2023-12-01T09:19:19.643Z, 146.94239839999997, 573.9992648
1701422359659, 2023-12-01T09:19:19.659Z, 159.3794702, 573.7469504
1701422359691, 2023-12-01T09:19:19.691Z, 190.9973574, 565.8096048
1701422359709, 2023-12-01T09:19:19.709Z, 217.1696742, 560.0477734
1701422359739, 2023-12-01T09:19:19.739Z, 223.4150764, 556.1113607999999
1701422359769, 2023-12-01T09:19:19.769Z, 229.21562440000002, 553.6350972
1701422359785, 2023-12-01T09:19:19.785Z, 225.8804276, 553.251071
1701422359800, 2023-12-01T09:19:19.800Z, 203.34615360000004, 558.4663776000001
1701422359817, 2023-12-01T09:19:19.817Z, 180.2289212, 564.5133148000001
1701422359832, 2023-12-01T09:19:19.832Z, 174.1902756, 568.975758
1701422359848, 2023-12-01T09:19:19.848Z, 177.2598598, 574.478368
1701422359864, 2023-12-01T09:19:19.864Z, 190.4617906, 579.0247994
1701422359879, 2023-12-01T09:19:19.879Z, 196.7327418, 585.6477392
1701422359895, 2023-12-01T09:19:19.895Z, 204.66059860000001, 590.6263448000001
1701422359911, 2023-12-01T09:19:19.911Z, 213.24520199999998, 594.2856454
1701422359932, 2023-12-01T09:19:19.932Z, 220.0817594, 596.4033450000001
1701422359975, 2023-12-01T09:19:19.975Z, 237.6068256, 597.0278472
1701422360006, 2023-12-01T09:19:20.006Z, 255.64346519999998, 584.1092474
1701422360019, 2023-12-01T09:19:20.019Z, 275.05307039999997, 569.1039028
1701422360068, 2023-12-01T09:19:20.068Z, 298.0738806, 558.4719044
1701422360083, 2023-12-01T09:19:20.083Z, 310.225114, 547.3913242
1701422360099, 2023-12-01T09:19:20.099Z, 277.8732309999999, 544.669878
1701422360115, 2023-12-01T09:19:20.115Z, 248.38288780000002, 553.4490863999999
1701422360145, 2023-12-01T09:19:20.145Z, 216.700862, 562.3343754
1701422360161, 2023-12-01T09:19:20.161Z, 200.3679892, 561.2882654
1701422360208, 2023-12-01T09:19:20.208Z, 196.0957814, 556.5755392
1701422360230, 2023-12-01T09:19:20.230Z, 228.5697088, 548.8247936
1701422360254, 2023-12-01T09:19:20.254Z, 257.1434438, 538.8143618
1701422360550, 2023-12-01T09:19:20.550Z, 270.61684219999995, 529.1231823999999
1701422360566, 2023-12-01T09:19:20.566Z, 283.7080184, 525.2694641999999
1701422360582, 2023-12-01T09:19:20.582Z, 269.5028684, 539.6974935999999
1701422360597, 2023-12-01T09:19:20.597Z, 258.8874814, 546.1938551999999
1701422360612, 2023-12-01T09:19:20.612Z, 251.78267999999997, 553.3632101999999
1701422360644, 2023-12-01T09:19:20.644Z, 265.7669316, 555.7749438
1701422360659, 2023-12-01T09:19:20.659Z, 263.9223158, 557.107888
1701422361001, 2023-12-01T09:19:21.001Z, 269.1187146, 563.3202414
1701422361016, 2023-12-01T09:19:21.016Z, 293.40418719999997, 556.8781686
1701422361034, 2023-12-01T09:19:21.034Z, 299.48059780000006, 560.0092732
1701422361064, 2023-12-01T09:19:21.064Z, 302.7648146, 569.7104244
1701422361080, 2023-12-01T09:19:21.080Z, 295.4089548, 583.78552
1701422361110, 2023-12-01T09:19:21.110Z, 301.52482399999997, 578.7468382
1701422361127, 2023-12-01T09:19:21.127Z, 304.02500580000003, 586.2834762
1701422361143, 2023-12-01T09:19:21.143Z, 321.6707484, 585.2294788000002
1701422361174, 2023-12-01T09:19:21.174Z, 338.11266800000004, 581.7699186000001
1701422361188, 2023-12-01T09:19:21.188Z, 362.681883, 573.4275792000001
1701422361235, 2023-12-01T09:19:21.235Z, 380.6027702, 567.8910828
1701422361275, 2023-12-01T09:19:21.275Z, 381.6435702, 567.0062438
1701422361297, 2023-12-01T09:19:21.297Z, 387.35751259999995, 569.2107722000001
1701422361312, 2023-12-01T09:19:21.312Z, 420.48496360000007, 565.1059425999999
1701422361327, 2023-12-01T09:19:21.327Z, 465.5690358, 571.7561484
1701422361374, 2023-12-01T09:19:21.374Z, 515.4246274, 574.8767748
1701422361406, 2023-12-01T09:19:21.406Z, 566.1480442, 575.7345416000001
1701422361442, 2023-12-01T09:19:21.442Z, 579.6420559999999, 577.1368762000001
1701422361466, 2023-12-01T09:19:21.466Z, 560.0334384, 582.3104903999999
1701422361497, 2023-12-01T09:19:21.497Z, 521.5247962, 577.3120515999999
1701422361512, 2023-12-01T09:19:21.512Z, 483.6215598, 573.6357458
1701422361529, 2023-12-01T09:19:21.529Z, 432.3352976, 570.9953195999999
1701422361558, 2023-12-01T09:19:21.558Z, 415.1538032, 566.4594062
1701422361605, 2023-12-01T09:19:21.605Z, 410.9259427999999, 576.5870371999999
1701422361635, 2023-12-01T09:19:21.635Z, 428.6997298, 552.8008934
1701422361666, 2023-12-01T09:19:21.666Z, 454.58730699999995, 506.0321848
1701422361682, 2023-12-01T09:19:21.682Z, 479.3842436, 476.3443553999999
1701422361724, 2023-12-01T09:19:21.724Z, 503.93571579999997, 440.51463
1701422361760, 2023-12-01T09:19:21.760Z, 525.4937508, 391.80098259999994
1701422361774, 2023-12-01T09:19:21.774Z, 533.6676031999999, 377.3882576
1701422361806, 2023-12-01T09:19:21.806Z, 532.2930084, 392.75118319999996
1701422361822, 2023-12-01T09:19:21.822Z, 531.0075338, 404.5228552
1701422361854, 2023-12-01T09:19:21.854Z, 510.05557, 439.49633919999997
1701422361871, 2023-12-01T09:19:21.871Z, 475.8826014, 478.5723274
1701422361890, 2023-12-01T09:19:21.890Z, 445.300162, 520.3228866000001
1701422361914, 2023-12-01T09:19:21.914Z, 414.8242262, 555.8897094
1701422361930, 2023-12-01T09:19:21.930Z, 401.5444842, 576.0808126
1701422361946, 2023-12-01T09:19:21.946Z, 420.467191, 571.8520476
1701422361961, 2023-12-01T09:19:21.961Z, 449.91300160000003, 565.6118824000001
1701422361976, 2023-12-01T09:19:21.976Z, 474.4990696000001, 558.7192217999999
1701422361992, 2023-12-01T09:19:21.992Z, 497.4472108, 555.7545254
1701422362008, 2023-12-01T09:19:22.008Z, 513.5668456000001, 551.9915094
1701422362026, 2023-12-01T09:19:22.026Z, 518.1356470000001, 560.899889
1701422362055, 2023-12-01T09:19:22.055Z, 520.3218105999999, 570.2833852
1701422362071, 2023-12-01T09:19:22.071Z, 519.8281027999999, 576.7655719999999
1701422362086, 2023-12-01T09:19:22.086Z, 521.8774138, 578.8626732
1701422362117, 2023-12-01T09:19:22.117Z, 519.238634, 581.826872
1701422362132, 2023-12-01T09:19:22.132Z, 521.3302514000001, 567.9060802
1701422362177, 2023-12-01T09:19:22.177Z, 514.6767678, 554.730401
1701422362212, 2023-12-01T09:19:22.212Z, 482.1864724, 555.2598544
1701422362227, 2023-12-01T09:19:22.227Z, 450.1666944, 555.3051839999999
1701422362258, 2023-12-01T09:19:22.258Z, 428.6575328, 553.2005842000001
1701422362274, 2023-12-01T09:19:22.274Z, 398.957355, 562.3058016
1701422362306, 2023-12-01T09:19:22.306Z, 376.33600720000004, 570.1248156
1701422362354, 2023-12-01T09:19:22.354Z, 387.0193536, 565.5929364
1701422362369, 2023-12-01T09:19:22.369Z, 398.0956888, 561.8925718
1701422362386, 2023-12-01T09:19:22.386Z, 395.04507019999994, 565.6630422000001
1701422362407, 2023-12-01T09:19:22.407Z, 383.15106619999995, 572.8127052
1701422362418, 2023-12-01T09:19:22.418Z, 357.2964668000001, 582.3348274000001
1701422362434, 2023-12-01T09:19:22.434Z, 320.1075438, 592.9190698
1701422362451, 2023-12-01T09:19:22.451Z, 290.496065, 601.2215814
1701422362466, 2023-12-01T09:19:22.466Z, 251.66624860000002, 608.4023812000001
1701422362513, 2023-12-01T09:19:22.513Z, 225.7046332, 593.9265498000001
1701422362528, 2023-12-01T09:19:22.528Z, 218.25336679999995, 568.6077895999999
1701422362543, 2023-12-01T09:19:22.543Z, 218.1939216, 543.7150326
1701422362575, 2023-12-01T09:19:22.575Z, 208.81477179999996, 521.227606
1701422362590, 2023-12-01T09:19:22.590Z, 210.22178079999998, 496.21815960000004
1701422362630, 2023-12-01T09:19:22.630Z, 230.78851500000002, 499.439634
1701422362655, 2023-12-01T09:19:22.655Z, 252.75894739999998, 515.7192152
1701422362733, 2023-12-01T09:19:22.733Z, 271.56085440000004, 541.5044326
1701422362811, 2023-12-01T09:19:22.811Z, 251.97008300000002, 555.0573059999999
1701422362828, 2023-12-01T09:19:22.828Z, 245.58054099999998, 566.5572644
1701422362845, 2023-12-01T09:19:22.845Z, 225.3297896, 567.8013714
1701422362860, 2023-12-01T09:19:22.860Z, 193.6409606, 569.9461134
1701422362878, 2023-12-01T09:19:22.878Z, 149.6100686, 567.39406
1701422362907, 2023-12-01T09:19:22.907Z, 130.2386146, 583.118827
1701422362923, 2023-12-01T09:19:22.923Z, 108.6608216, 594.270354
1701422362956, 2023-12-01T09:19:22.956Z, 69.77202700000001, 613.7750896
1701422363006, 2023-12-01T09:19:23.006Z, 47.7715266, 625.6809701999999
1701422363033, 2023-12-01T09:19:23.033Z, 46.0972024, 621.8381458
1701422363076, 2023-12-01T09:19:23.076Z, 71.1070828, 618.7162744
1701422363127, 2023-12-01T09:19:23.127Z, 94.029495, 624.0644662
1701422363158, 2023-12-01T09:19:23.158Z, 122.06855540000001, 615.9453418
1701422363173, 2023-12-01T09:19:23.173Z, 137.572268, 608.0337646
1701422363252, 2023-12-01T09:19:23.252Z, 131.3547594, 615.7422406
1701422363267, 2023-12-01T09:19:23.267Z, 112.11130299999999, 613.8059646
1701422363285, 2023-12-01T09:19:23.285Z, 83.069492, 610.6127938
1701422363312, 2023-12-01T09:19:23.312Z, 60.86410060000001, 615.0150066
1701422363344, 2023-12-01T09:19:23.344Z, 41.2964008, 621.3921327999999
1701422363715, 2023-12-01T09:19:23.715Z, 75.56230880000001, 618.2026868
1701422363730, 2023-12-01T09:19:23.730Z, 92.4825476, 627.6837034
1701422363761, 2023-12-01T09:19:23.761Z, 124.77997059999998, 639.0006145999998
1701422363776, 2023-12-01T09:19:23.776Z, 147.6113176, 642.501803
1701422363794, 2023-12-01T09:19:23.794Z, 169.6214286, 648.334194
1701422363808, 2023-12-01T09:19:23.808Z, 138.8779184, 659.4084562
1701422364024, 2023-12-01T09:19:24.024Z, 140.432096, 626.3630926
1701422364054, 2023-12-01T09:19:24.054Z, 141.132134, 603.588686
1701422364070, 2023-12-01T09:19:24.070Z, 149.73501159999998, 586.1518162
1701422364101, 2023-12-01T09:19:24.101Z, 164.045342, 560.0031541999999
1701422364147, 2023-12-01T09:19:24.147Z, 188.165417, 537.1092077999999
1701422364163, 2023-12-01T09:19:24.163Z, 184.799737, 562.2400802
1701422364178, 2023-12-01T09:19:24.178Z, 167.7179316, 574.9404426
1701422364194, 2023-12-01T09:19:24.194Z, 140.9879962, 589.2025988
1701422364208, 2023-12-01T09:19:24.208Z, 113.08461400000002, 609.3487172
1701422364225, 2023-12-01T09:19:24.225Z, 91.91372279999999, 624.630971
1701422364240, 2023-12-01T09:19:24.240Z, 81.5998962, 625.5701658
1701422364255, 2023-12-01T09:19:24.255Z, 81.75366460000001, 624.0914804
1701422364303, 2023-12-01T09:19:24.303Z, 109.10693820000002, 616.0108662
1701422364349, 2023-12-01T09:19:24.349Z, 166.5015584, 604.4108968
1701422364379, 2023-12-01T09:19:24.379Z, 296.846913, 590.4422638
1701422364425, 2023-12-01T09:19:24.425Z, 432.265221, 580.4709920000001
1701422364458, 2023-12-01T09:19:24.458Z, 557.9881284, 570.5202400000001
1701422364473, 2023-12-01T09:19:24.473Z, 660.6191134, 563.3373716
1701422364505, 2023-12-01T09:19:24.505Z, 727.4223002000001, 565.6928338
1701422364523, 2023-12-01T09:19:24.523Z, 719.0943364000001, 569.4309746
1701422364599, 2023-12-01T09:19:24.599Z, 665.10275, 572.4759743999999
1701422364615, 2023-12-01T09:19:24.615Z, 615.3511828000001, 575.9556353999999
1701422364646, 2023-12-01T09:19:24.646Z, 572.3504518, 581.935474
1701422364662, 2023-12-01T09:19:24.662Z, 540.6009612, 575.5187990000001
1701422364679, 2023-12-01T09:19:24.679Z, 501.3145178000001, 571.487402
1701422364709, 2023-12-01T09:19:24.709Z, 512.334208, 560.7258798
1701422365053, 2023-12-01T09:19:25.053Z, 525.8384258, 558.61664
1701422365070, 2023-12-01T09:19:25.070Z, 563.91902, 554.0561620000001
1701422365086, 2023-12-01T09:19:25.086Z, 583.4395004, 563.0164192
1701422365115, 2023-12-01T09:19:25.115Z, 615.7627536, 569.8585559999999
1701422365131, 2023-12-01T09:19:25.131Z, 642.0392094, 586.3610044
1701422365147, 2023-12-01T09:19:25.147Z, 666.1148428, 594.4062059999999
1701422365176, 2023-12-01T09:19:25.176Z, 664.63462, 608.0460088
1701422365193, 2023-12-01T09:19:25.193Z, 671.1435429999999, 614.2851434
1701422365224, 2023-12-01T09:19:25.224Z, 673.6337606, 619.9179601999999
1701422365240, 2023-12-01T09:19:25.240Z, 675.8361266, 619.1139390000001
1701422365256, 2023-12-01T09:19:25.256Z, 679.5480178, 617.5782299999998
1701422365273, 2023-12-01T09:19:25.273Z, 676.8741258, 612.3783606
1701422365288, 2023-12-01T09:19:25.288Z, 672.0332784, 594.3214816000001
1701422365305, 2023-12-01T09:19:25.305Z, 667.9369876000001, 581.8570563999999
1701422365328, 2023-12-01T09:19:25.328Z, 684.9891975999999, 573.0057454
1701422365354, 2023-12-01T09:19:25.354Z, 705.4969032, 564.9439921999999
1701422365368, 2023-12-01T09:19:25.368Z, 742.7318868, 558.2719692
1701422365383, 2023-12-01T09:19:25.383Z, 788.2968638, 565.9486016000001
1701422365404, 2023-12-01T09:19:25.404Z, 846.5075154, 576.8869192
1701422365431, 2023-12-01T09:19:25.431Z, 882.0822586, 584.0259478
1701422365463, 2023-12-01T09:19:25.463Z, 927.7279006000001, 597.1763478
1701422365527, 2023-12-01T09:19:25.527Z, 962.1382442, 611.9413222000001
1701422365558, 2023-12-01T09:19:25.558Z, 962.042197, 627.2995922
1701422365575, 2023-12-01T09:19:25.575Z, 934.4091366, 627.060883
1701422365606, 2023-12-01T09:19:25.606Z, 871.556175, 627.9482768
1701422365620, 2023-12-01T09:19:25.620Z, 793.6057780000001, 621.566517
1701422365636, 2023-12-01T09:19:25.636Z, 621.3923046, 602.6124115999999
1701422365653, 2023-12-01T09:19:25.653Z, 496.8258054000001, 581.84265
1701422365668, 2023-12-01T09:19:25.668Z, 388.9493746, 573.748011
1701422365683, 2023-12-01T09:19:25.683Z, 305.99411999999995, 565.2586004
1701422365697, 2023-12-01T09:19:25.697Z, 197.22895540000002, 559.1807436
1701422365744, 2023-12-01T09:19:25.744Z, 170.5169846, 574.1393492
1701422365806, 2023-12-01T09:19:25.806Z, 173.5432728, 573.0077886
1701422365823, 2023-12-01T09:19:25.823Z, 177.60046459999998, 563.9069958
1701422365853, 2023-12-01T09:19:25.853Z, 193.3682652, 554.9049944000001
1701422365869, 2023-12-01T09:19:25.869Z, 234.0766752, 546.0394298
1701422365901, 2023-12-01T09:19:25.901Z, 286.120976, 525.5030565999999
1701422365948, 2023-12-01T09:19:25.948Z, 264.71679159999997, 531.3593584
1701422366089, 2023-12-01T09:19:26.089Z, 218.0326098, 542.2720938
1701422366137, 2023-12-01T09:19:26.137Z, 181.528089, 554.538378
1701422366186, 2023-12-01T09:19:26.186Z, 145.46142940000001, 566.126568
1701422366224, 2023-12-01T09:19:26.224Z, 163.3828344, 577.9650982
1701422366250, 2023-12-01T09:19:26.250Z, 220.37155119999997, 584.1251334000001
1701422366265, 2023-12-01T09:19:26.265Z, 306.518314, 598.9232456
1701422366280, 2023-12-01T09:19:26.280Z, 373.1989084, 603.0080558
1701422366300, 2023-12-01T09:19:26.300Z, 426.4263553999999, 598.4679402
1701422366326, 2023-12-01T09:19:26.326Z, 422.6928434, 592.9483385999999
1701422366343, 2023-12-01T09:19:26.343Z, 403.7626672, 582.74269
1701422366409, 2023-12-01T09:19:26.409Z, 346.9819692, 567.3310646
1701422366485, 2023-12-01T09:19:26.485Z, 259.66746639999997, 556.0190986
1701422366500, 2023-12-01T09:19:26.500Z, 186.06543000000002, 554.9483412000001
1701422366530, 2023-12-01T09:19:26.530Z, 126.54094739999998, 557.4390572
1701422366638, 2023-12-01T09:19:26.638Z, 128.7567736, 581.0894932000001
1701422366654, 2023-12-01T09:19:26.654Z, 194.86392140000004, 613.7404184
1701422366674, 2023-12-01T09:19:26.674Z, 298.45282239999995, 628.528458
1701422366749, 2023-12-01T09:19:26.749Z, 385.6387334, 629.2767034
1701422366779, 2023-12-01T09:19:26.779Z, 461.077049, 629.5830904000001
1701422366795, 2023-12-01T09:19:26.795Z, 475.8561506, 611.715109
1701422366841, 2023-12-01T09:19:26.841Z, 457.80620659999994, 579.4687081999999
1701422366857, 2023-12-01T09:19:26.857Z, 388.44193379999996, 568.5431887999999
1701422366888, 2023-12-01T09:19:26.888Z, 314.935572, 571.8462482
1701422366904, 2023-12-01T09:19:26.904Z, 230.40440239999998, 575.169436
1701422366936, 2023-12-01T09:19:26.936Z, 143.06088900000003, 574.2256768
1701422366952, 2023-12-01T09:19:26.952Z, 55.9469522, 573.3568694
1701422367030, 2023-12-01T09:19:27.030Z, 42.8441778, 575.3535767999999
1701422367046, 2023-12-01T09:19:27.046Z, 68.5262434, 573.2863304
1701422367127, 2023-12-01T09:19:27.127Z, 134.4657176, 557.684712
1701422367169, 2023-12-01T09:19:27.169Z, 206.792994, 551.8987793999999
1701422367201, 2023-12-01T09:19:27.201Z, 270.97778179999995, 548.7502078
1701422367216, 2023-12-01T09:19:27.216Z, 309.2320917999999, 547.9183135999999
1701422367247, 2023-12-01T09:19:27.247Z, 322.8497612, 550.8293212
1701422367295, 2023-12-01T09:19:27.295Z, 320.5311874, 569.9699832
1701422367310, 2023-12-01T09:19:27.310Z, 356.3867038, 588.5742073999999
1701422367326, 2023-12-01T09:19:27.326Z, 406.4951604, 602.6139467999999
1701422367342, 2023-12-01T09:19:27.342Z, 469.1255096, 613.0192933999999
1701422367357, 2023-12-01T09:19:27.357Z, 543.9635183999999, 622.1747202
1701422367373, 2023-12-01T09:19:27.373Z, 601.2686752, 624.3368332
1701422367388, 2023-12-01T09:19:27.388Z, 618.0224144, 618.4855826
1701422367404, 2023-12-01T09:19:27.404Z, 637.0995512, 615.0703582
1701422367451, 2023-12-01T09:19:27.451Z, 680.541892, 616.4410668
1701422367469, 2023-12-01T09:19:27.469Z, 754.2860692, 615.7857606
1701422367513, 2023-12-01T09:19:27.513Z, 835.9839307999998, 619.0375114
1701422367530, 2023-12-01T09:19:27.530Z, 918.9737308, 621.9985678
1701422367574, 2023-12-01T09:19:27.574Z, 1000.8402086, 626.8487086
1701422367608, 2023-12-01T09:19:27.608Z, 1051.6855594, 629.6540686000001
1701422367622, 2023-12-01T09:19:27.622Z, 1065.2376308, 635.2119058000001
1701422367662, 2023-12-01T09:19:27.662Z, 1067.1500332, 630.4353639999999
1701422367668, 2023-12-01T09:19:27.668Z, 1065.864413, 627.0549072
1701422367700, 2023-12-01T09:19:27.700Z, 1047.2573109999998, 620.4288702
1701422367762, 2023-12-01T09:19:27.762Z, 1000.564906, 597.2451834000001
1701422367840, 2023-12-01T09:19:27.840Z, 936.5499672000002, 583.6832545999999
1701422367856, 2023-12-01T09:19:27.856Z, 875.5739344, 584.2829322
1701422367874, 2023-12-01T09:19:27.874Z, 814.3490761999999, 592.2970614
1701422367903, 2023-12-01T09:19:27.903Z, 765.1982876, 601.5614484
1701422367920, 2023-12-01T09:19:27.920Z, 737.4012248000001, 615.3843811999999
1701422367949, 2023-12-01T09:19:27.949Z, 725.9371828000001, 617.4609313999999
1701422367965, 2023-12-01T09:19:27.965Z, 715.0385594, 611.1675394
1701422367979, 2023-12-01T09:19:27.979Z, 704.1327946000001, 594.581606
1701422368025, 2023-12-01T09:19:28.025Z, 709.6535104, 586.3366928
1701422368106, 2023-12-01T09:19:28.106Z, 739.6681294, 576.3307118
1701422368153, 2023-12-01T09:19:28.153Z, 770.1555284, 573.7922202
1701422368200, 2023-12-01T09:19:28.200Z, 805.2831892, 575.0047251999999
1701422368216, 2023-12-01T09:19:28.216Z, 772.1083948, 568.4191394
1701422368248, 2023-12-01T09:19:28.248Z, 692.569645, 546.900026
1701422368262, 2023-12-01T09:19:28.262Z, 588.232687, 530.453693
1701422368532, 2023-12-01T09:19:28.532Z, 492.2507058, 450.55261040000005
1701422368578, 2023-12-01T09:19:28.578Z, 390.7400958, 380.62391059999993
1701422368610, 2023-12-01T09:19:28.610Z, 357.3035358, 320.7632502
1701422368657, 2023-12-01T09:19:28.657Z, 350.8875766, 267.135097
1701422368689, 2023-12-01T09:19:28.689Z, 317.9167038, 226.7794156
1701422368704, 2023-12-01T09:19:28.704Z, 259.94890440000006, 247.80932219999994
1701422368720, 2023-12-01T09:19:28.720Z, 204.944492, 251.8198288
1701422368752, 2023-12-01T09:19:28.752Z, 150.39292600000002, 254.79844400000002
1701422368768, 2023-12-01T09:19:28.768Z, 91.4486866, 262.331722
1701422368785, 2023-12-01T09:19:28.785Z, 70.14922299999999, 258.878458
1701422368801, 2023-12-01T09:19:28.801Z, 90.20032720000002, 252.4960614
1701422368832, 2023-12-01T09:19:28.832Z, 122.114178, 253.18397880000003
1701422368846, 2023-12-01T09:19:28.846Z, 160.5692926, 253.5942544
1701422368877, 2023-12-01T09:19:28.877Z, 222.231956, 246.8902354
1701422368892, 2023-12-01T09:19:28.892Z, 279.95965559999996, 243.94282399999997
1701422368926, 2023-12-01T09:19:28.926Z, 315.72192040000004, 238.03431259999996
1701422368955, 2023-12-01T09:19:28.955Z, 339.4086148, 229.88199519999998
1701422368970, 2023-12-01T09:19:28.970Z, 356.9307302, 224.94765100000004
1701425101008, 2023-12-01T10:05:01.008Z, 1220.7942725999997, 459.53467279999995
1701425101038, 2023-12-01T10:05:01.038Z, 1064.5399916000001, 448.6080405999999
1701425101054, 2023-12-01T10:05:01.054Z, 892.0504942, 442.78248619999994
1701425101080, 2023-12-01T10:05:01.080Z, 720.5724058, 431.0533212
1701425101118, 2023-12-01T10:05:01.118Z, 581.4688024, 417.67322
1701425101134, 2023-12-01T10:05:01.134Z, 451.8248066, 406.17534539999997
1701425101164, 2023-12-01T10:05:01.164Z, 405.7412484, 399.110039
1701425101180, 2023-12-01T10:05:01.180Z, 406.3379372, 389.43872980000003
1701425101212, 2023-12-01T10:05:01.212Z, 382.9917902, 381.0791556
1701425101242, 2023-12-01T10:05:01.242Z, 326.89607540000003, 375.42823239999996
1701425101258, 2023-12-01T10:05:01.258Z, 274.6478258, 369.654475
1701425101289, 2023-12-01T10:05:01.289Z, 276.4833692, 357.621763
1701425101305, 2023-12-01T10:05:01.305Z, 264.4263542, 340.9044712
1701425101338, 2023-12-01T10:05:01.338Z, 274.5806202, 326.31507899999997
1701425101352, 2023-12-01T10:05:01.352Z, 295.36711060000005, 313.1586722
1701425101377, 2023-12-01T10:05:01.377Z, 325.126454, 297.33140719999994
1701425101398, 2023-12-01T10:05:01.398Z, 341.3994284, 293.27526299999994
1701425101429, 2023-12-01T10:05:01.429Z, 350.3550558, 291.35424539999997
1701425101446, 2023-12-01T10:05:01.446Z, 354.1174638, 288.7442038
1701425101476, 2023-12-01T10:05:01.476Z, 359.97649160000003, 286.38948519999997
1701425101492, 2023-12-01T10:05:01.492Z, 358.1244352, 287.96381060000004
1701425101528, 2023-12-01T10:05:01.528Z, 355.7694542, 288.7442254
1701425101542, 2023-12-01T10:05:01.542Z, 354.4729042, 289.313826
1701425101555, 2023-12-01T10:05:01.555Z, 350.4977382, 282.42449339999996
1701425101574, 2023-12-01T10:05:01.574Z, 354.3964552, 276.6377962
1701425101618, 2023-12-01T10:05:01.618Z, 361.8830454, 270.50771159999994
1701425101635, 2023-12-01T10:05:01.635Z, 372.0361556, 263.4248204
1701425101650, 2023-12-01T10:05:01.650Z, 379.35544999999996, 240.74949080000002
1701425101679, 2023-12-01T10:05:01.679Z, 380.2892958, 235.44657080000002
1701425101690, 2023-12-01T10:05:01.690Z, 377.1098124, 228.6660466
1701425101707, 2023-12-01T10:05:01.707Z, 371.1865698, 225.80963160000002
1701425101729, 2023-12-01T10:05:01.729Z, 356.8191221999999, 231.70986280000002
1701425101745, 2023-12-01T10:05:01.745Z, 352.07541219999996, 252.698949
1701425101761, 2023-12-01T10:05:01.761Z, 358.18542119999995, 265.89345719999994
1701425101776, 2023-12-01T10:05:01.776Z, 357.7165444, 279.22410820000005
1701425101791, 2023-12-01T10:05:01.791Z, 366.08876139999995, 281.7963593999999
1701425101806, 2023-12-01T10:05:01.806Z, 379.6476044, 276.3191048
1701425101825, 2023-12-01T10:05:01.825Z, 393.94810900000004, 270.5024228
1701425101854, 2023-12-01T10:05:01.854Z, 406.007722, 267.2499916
1701425101872, 2023-12-01T10:05:01.872Z, 414.788317, 265.69509759999994
1701425101889, 2023-12-01T10:05:01.889Z, 407.89926320000006, 270.6610838
1701425101916, 2023-12-01T10:05:01.916Z, 407.113638, 268.5643884
1701425101935, 2023-12-01T10:05:01.935Z, 401.2276134, 268.78714039999994
1701425101949, 2023-12-01T10:05:01.949Z, 396.1872848, 265.260045
1701425101995, 2023-12-01T10:05:01.995Z, 399.8705586, 254.8154676
1701425102011, 2023-12-01T10:05:02.011Z, 403.8422724, 245.0675912
1701425102026, 2023-12-01T10:05:02.026Z, 407.8014616, 248.31578720000002
1701425102042, 2023-12-01T10:05:02.042Z, 402.46861199999995, 251.21482580000003
1701425102057, 2023-12-01T10:05:02.057Z, 396.6530242, 255.3103278
1701425102073, 2023-12-01T10:05:02.073Z, 387.17014100000006, 264.781333
1701425102089, 2023-12-01T10:05:02.089Z, 394.85108, 279.27239899999995
1701425102130, 2023-12-01T10:05:02.131Z, 468.27122840000004, 298.9529298
1701425102167, 2023-12-01T10:05:02.167Z, 589.4754528, 326.9125966
1701425102183, 2023-12-01T10:05:02.183Z, 707.0065774, 353.969473
1701425102214, 2023-12-01T10:05:02.214Z, 859.7814249999999, 391.76112439999997
1701425102230, 2023-12-01T10:05:02.230Z, 1015.8204108, 422.90953119999995
1701425102262, 2023-12-01T10:05:02.262Z, 1129.0085124, 446.5919718
1701425102309, 2023-12-01T10:05:02.309Z, 1207.2249274, 460.56567399999994
1701425102324, 2023-12-01T10:05:02.324Z, 1275.9707196, 472.711895
1701425102340, 2023-12-01T10:05:02.340Z, 1298.8558528, 471.22699279999995
1701425102355, 2023-12-01T10:05:02.355Z, 1292.305808, 468.4139644
1701425102386, 2023-12-01T10:05:02.386Z, 1262.9856029999999, 462.80108599999994
1701425102402, 2023-12-01T10:05:02.402Z, 1231.470219, 461.63155659999995
1701425102432, 2023-12-01T10:05:02.432Z, 1214.7162918, 461.9860594
1701425102449, 2023-12-01T10:05:02.449Z, 1208.8925543999999, 467.1988445999999
1701425102481, 2023-12-01T10:05:02.481Z, 1205.8167018, 485.67979859999997
1701425102499, 2023-12-01T10:05:02.499Z, 1195.5334526000001, 504.799134
1701425102529, 2023-12-01T10:05:02.529Z, 1184.4392516, 519.2597172
1701425102545, 2023-12-01T10:05:02.545Z, 1171.4395852, 535.3384818
1701425102583, 2023-12-01T10:05:02.583Z, 1160.7244136000002, 548.0759271999999
1701425102624, 2023-12-01T10:05:02.624Z, 1166.8572952, 552.0014464
1701425102639, 2023-12-01T10:05:02.639Z, 1174.8061688, 550.7017689999999
1701425102671, 2023-12-01T10:05:02.671Z, 1178.480736, 550.800613
1701425102717, 2023-12-01T10:05:02.717Z, 1190.5392414, 553.8464682000001
1701425102749, 2023-12-01T10:05:02.749Z, 1201.6727272, 561.3017133999999
1701425102765, 2023-12-01T10:05:02.765Z, 1204.926741, 566.3341766
1701425102797, 2023-12-01T10:05:02.797Z, 1223.4167142000001, 570.6921536
1701425102813, 2023-12-01T10:05:02.813Z, 1254.7818906, 571.3691162
1701425102844, 2023-12-01T10:05:02.844Z, 1284.3909126, 569.9767716
1701425102860, 2023-12-01T10:05:02.860Z, 1297.3780658, 570.2881362
1701425102880, 2023-12-01T10:05:02.880Z, 1317.5628388, 569.4608802
1701425102907, 2023-12-01T10:05:02.907Z, 1328.1220242, 569.630894
1701425102924, 2023-12-01T10:05:02.924Z, 1334.9439837999998, 570.207344
1701425102954, 2023-12-01T10:05:02.954Z, 1334.311902, 568.385167
1701425102985, 2023-12-01T10:05:02.985Z, 1354.0822832, 561.5490418
1701425103028, 2023-12-01T10:05:03.028Z, 1357.4232577999999, 553.1881948
1701425103081, 2023-12-01T10:05:03.081Z, 1352.2192048000002, 543.872301
1701425103111, 2023-12-01T10:05:03.111Z, 1353.8679189999998, 541.2704239999999
1701425103126, 2023-12-01T10:05:03.126Z, 1359.0472962, 539.9744998
1701425103160, 2023-12-01T10:05:03.160Z, 1359.1717994, 539.0628078
1701425103203, 2023-12-01T10:05:03.203Z, 1368.8616556000002, 539.6145104
1701425103219, 2023-12-01T10:05:03.219Z, 1384.4409654, 544.0366394
1701425103251, 2023-12-01T10:05:03.251Z, 1360.0242418, 543.9341774000001
1701425103267, 2023-12-01T10:05:03.267Z, 1333.9047354, 540.9524084000001
1701425103298, 2023-12-01T10:05:03.298Z, 1304.6828487999999, 538.0597896
1701425103314, 2023-12-01T10:05:03.314Z, 1274.6537270000001, 537.3548896
1701425103329, 2023-12-01T10:05:03.329Z, 1238.5567724, 539.2992836
1701425103345, 2023-12-01T10:05:03.345Z, 1226.7752236000001, 541.612429
1701425103375, 2023-12-01T10:05:03.375Z, 1220.260221, 550.1555236
1701425103391, 2023-12-01T10:05:03.391Z, 1214.1932066, 554.693378
1701425103422, 2023-12-01T10:05:03.422Z, 1211.5782007999999, 560.8767298
1701425103437, 2023-12-01T10:05:03.437Z, 1210.053617, 561.7558632
1701425103489, 2023-12-01T10:05:03.489Z, 1155.1464096, 567.650214
1701425103518, 2023-12-01T10:05:03.518Z, 1088.310614, 573.9061383999999
1701425103534, 2023-12-01T10:05:03.534Z, 1013.5533928000001, 586.8727386
1701425103550, 2023-12-01T10:05:03.550Z, 843.0541496, 611.7390696
1701425103565, 2023-12-01T10:05:03.565Z, 668.1669872000001, 639.6873114
1701425103587, 2023-12-01T10:05:03.587Z, 537.8535492, 662.4130368
1701425103598, 2023-12-01T10:05:03.598Z, 412.81584480000004, 678.2323886
1701425103616, 2023-12-01T10:05:03.616Z, 294.0686192, 691.8280962
1701425103646, 2023-12-01T10:05:03.646Z, 250.01515520000004, 690.6629462
1701425103663, 2023-12-01T10:05:03.663Z, 213.8496788, 684.8697956
1701425103677, 2023-12-01T10:05:03.677Z, 198.8596902, 673.7256502
1701425103693, 2023-12-01T10:05:03.693Z, 185.89438539999998, 665.213442
1701425103707, 2023-12-01T10:05:03.707Z, 157.4427778, 659.799953
1701425103738, 2023-12-01T10:05:03.738Z, 129.549305, 657.7797112000001
1701425103943, 2023-12-01T10:05:03.943Z, 103.0919312, 668.4919162
1701425103976, 2023-12-01T10:05:03.976Z, 64.01103739999999, 678.0043108
1701425104006, 2023-12-01T10:05:04.006Z, 31.711226999999997, 682.3599808000001
1701425104051, 2023-12-01T10:05:04.051Z, 15.724697600000002, 683.7729604
1701425104079, 2023-12-01T10:05:04.079Z, 27.828691000000003, 681.8289744
1701425104094, 2023-12-01T10:05:04.094Z, 40.78443980000001, 671.1618498
1701425104130, 2023-12-01T10:05:04.130Z, 73.0039042, 667.0694861999999
1701425104145, 2023-12-01T10:05:04.145Z, 104.30565019999999, 662.4776516
1701425104193, 2023-12-01T10:05:04.193Z, 145.44635499999998, 664.4032743999999
1701425104231, 2023-12-01T10:05:04.231Z, 185.1947226, 674.1098096
1701425104254, 2023-12-01T10:05:04.254Z, 223.71519419999998, 683.4254228
1701425104286, 2023-12-01T10:05:04.286Z, 390.9201658, 711.5913115999999
1701425104302, 2023-12-01T10:05:04.302Z, 585.3881951999999, 745.594363
1701425104320, 2023-12-01T10:05:04.320Z, 798.6196332000001, 776.036682
1701425104350, 2023-12-01T10:05:04.350Z, 1003.4663686, 796.8715968
1701425104383, 2023-12-01T10:05:04.383Z, 1194.3245316, 796.9973084000001
1701425104413, 2023-12-01T10:05:04.413Z, 1267.5951676, 803.5275926
1701425104430, 2023-12-01T10:05:04.430Z, 1304.4572854000003, 807.5289518
1701425104464, 2023-12-01T10:05:04.464Z, 1318.4032809999999, 811.851353
1701425104478, 2023-12-01T10:05:04.478Z, 1324.584608, 812.0399107999999
1701425104506, 2023-12-01T10:05:04.506Z, 1339.0007288, 834.1222682
1701425104546, 2023-12-01T10:05:04.546Z, 1322.8019784, 832.9316865999999
1701425104570, 2023-12-01T10:05:04.570Z, 1309.9791564, 833.4851648
1701425104602, 2023-12-01T10:05:04.602Z, 1304.7388982, 810.078657
1701425104618, 2023-12-01T10:05:04.618Z, 1298.55915, 794.1422086
1701425104650, 2023-12-01T10:05:04.650Z, 1300.7399022000002, 757.319743
1701425104664, 2023-12-01T10:05:04.664Z, 1300.9634780000001, 705.4457704
1701425104697, 2023-12-01T10:05:04.697Z, 1299.8417874000002, 649.0704745999999
1701425104712, 2023-12-01T10:05:04.712Z, 1290.2899624000001, 612.5057186
1701425104729, 2023-12-01T10:05:04.729Z, 1294.9223812, 576.0894156
1701425104745, 2023-12-01T10:05:04.745Z, 1295.8543684, 557.6741168
1701425104779, 2023-12-01T10:05:04.779Z, 1289.1404326, 554.6488608
1701425104792, 2023-12-01T10:05:04.792Z, 1281.0234263999998, 560.9182512
1701425104839, 2023-12-01T10:05:04.839Z, 1267.729313, 569.4847832
1701425104871, 2023-12-01T10:05:04.871Z, 1258.9764326, 580.7914344
1701425104886, 2023-12-01T10:05:04.886Z, 1250.8081308, 594.2046892000001
1701425104918, 2023-12-01T10:05:04.918Z, 1251.1077262000001, 607.495814
1701425104934, 2023-12-01T10:05:04.934Z, 1255.3240692, 615.6386949999999
1701425104965, 2023-12-01T10:05:04.965Z, 1251.2171012, 620.0433338
1701425104997, 2023-12-01T10:05:04.997Z, 1235.0541784000002, 619.3214014
1701425105012, 2023-12-01T10:05:05.012Z, 1215.5065098, 613.1283222
1701425105043, 2023-12-01T10:05:05.043Z, 1202.2527736, 609.0783468
1701425105061, 2023-12-01T10:05:05.061Z, 1184.961441, 604.0311888
1701425105092, 2023-12-01T10:05:05.092Z, 1178.7624586000002, 599.9292849999999
1701425105106, 2023-12-01T10:05:05.106Z, 1173.5126888, 595.4955358
1701425105129, 2023-12-01T10:05:05.129Z, 1179.7447743999999, 596.2123227999999
1701425105153, 2023-12-01T10:05:05.153Z, 1184.2265736, 595.0270102000001
1701425105185, 2023-12-01T10:05:05.185Z, 1192.9878204000001, 598.5771611999999
1701425105201, 2023-12-01T10:05:05.201Z, 1202.0541598, 603.7668546
1701425105218, 2023-12-01T10:05:05.218Z, 1213.4542801999999, 610.3077347999999
1701425105247, 2023-12-01T10:05:05.247Z, 1218.5613824, 615.7217870000001
1701425105280, 2023-12-01T10:05:05.280Z, 1228.4679712000002, 615.8445062
1701425105293, 2023-12-01T10:05:05.293Z, 1265.5921148, 601.9614574
1701425105340, 2023-12-01T10:05:05.340Z, 1296.1814016, 582.2555844000001
1701425105355, 2023-12-01T10:05:05.355Z, 1341.3747544, 578.0549698
1701425105374, 2023-12-01T10:05:05.374Z, 1383.163611, 569.1361623999999
1701425105403, 2023-12-01T10:05:05.403Z, 1420.1617304, 565.3680281999999
1701425105449, 2023-12-01T10:05:05.449Z, 1433.2060112, 575.8279976
1701425105465, 2023-12-01T10:05:05.465Z, 1450.2584852, 591.2364848
1701425105498, 2023-12-01T10:05:05.498Z, 1447.9341648000002, 593.6392152
1701425105512, 2023-12-01T10:05:05.512Z, 1445.3153475999998, 601.7507023999999
1701425105544, 2023-12-01T10:05:05.544Z, 1440.0759002, 608.4103997999999
1701425105563, 2023-12-01T10:05:05.563Z, 1429.6610466, 614.2337322
1701425105595, 2023-12-01T10:05:05.595Z, 1418.1571538, 619.1551008
1701425105613, 2023-12-01T10:05:05.613Z, 1412.1173408, 621.9700806
1701425105637, 2023-12-01T10:05:05.637Z, 1408.1497857999998, 623.8936378000001
1701425105653, 2023-12-01T10:05:05.653Z, 1403.9246879999998, 624.1058354
1701425105671, 2023-12-01T10:05:05.671Z, 1404.1309266, 630.7933467999999
1701425105780, 2023-12-01T10:05:05.780Z, 1353.7151272, 681.2344356
1701425105812, 2023-12-01T10:05:05.812Z, 1302.8457429999999, 735.3630706
1701425105829, 2023-12-01T10:05:05.829Z, 1250.7738224, 788.8309808
1701425105844, 2023-12-01T10:05:05.844Z, 1195.0547608000002, 839.7147358
1701425105860, 2023-12-01T10:05:05.860Z, 1131.5744306, 879.1612951999999
1701425105910, 2023-12-01T10:05:05.910Z, 1125.1259612, 878.642589
1701425105926, 2023-12-01T10:05:05.926Z, 1112.0503052, 871.1137253999999
1701425105959, 2023-12-01T10:05:05.959Z, 1120.3529946, 866.6648858000001
1701425105970, 2023-12-01T10:05:05.970Z, 1132.4989348, 865.0804808
1701425105986, 2023-12-01T10:05:05.986Z, 1158.9879962, 859.2489502000001
1701425106002, 2023-12-01T10:05:06.002Z, 1182.3053972, 849.9160348000001
1701425106048, 2023-12-01T10:05:06.048Z, 1211.517481, 842.5423973999999
1701425106080, 2023-12-01T10:05:06.080Z, 1225.5080890000002, 834.8334560000001
1701425106094, 2023-12-01T10:05:06.094Z, 1241.1048086, 827.1664822
1701425106127, 2023-12-01T10:05:06.127Z, 1247.3491104, 826.0844434
1701425106142, 2023-12-01T10:05:06.142Z, 1255.4685888, 823.7387302
1701425106180, 2023-12-01T10:05:06.180Z, 1260.6192624, 821.4160039999999
1701425106236, 2023-12-01T10:05:06.236Z, 1249.6963152, 818.162688
1701425106267, 2023-12-01T10:05:06.267Z, 1241.511173, 818.0637869999999
1701425106283, 2023-12-01T10:05:06.283Z, 1231.5895486000002, 818.5751733999999
1701425106315, 2023-12-01T10:05:06.315Z, 1220.3704762, 818.9423568
1701425106346, 2023-12-01T10:05:06.346Z, 1218.951981, 824.406244
1701425106361, 2023-12-01T10:05:06.361Z, 1228.755629, 834.1148846
1701425106395, 2023-12-01T10:05:06.395Z, 1238.0740792, 843.9968456
1701425106411, 2023-12-01T10:05:06.411Z, 1249.0383358, 858.8615820000001
1701425106451, 2023-12-01T10:05:06.451Z, 1255.2013670000001, 877.3235054
1701425106483, 2023-12-01T10:05:06.483Z, 1252.4986024000002, 891.4200498
1701425106583, 2023-12-01T10:05:06.583Z, 1250.5877734, 900.2422352
1701425106599, 2023-12-01T10:05:06.599Z, 1236.8519632, 905.2833526000001
1701425106615, 2023-12-01T10:05:06.615Z, 1217.5660288000001, 904.5938988
1701425106634, 2023-12-01T10:05:06.634Z, 1195.3078974, 892.7492384000001
1701425106663, 2023-12-01T10:05:06.663Z, 1177.1632852, 885.085471
1701425106677, 2023-12-01T10:05:06.677Z, 1169.8934414, 878.9672086
1701425106709, 2023-12-01T10:05:06.709Z, 1168.5678831999999, 875.8816108000001
1701425106726, 2023-12-01T10:05:06.726Z, 1173.4727659999999, 873.8221889999999
1701425106757, 2023-12-01T10:05:06.757Z, 1192.426567, 878.67777
1701425106976, 2023-12-01T10:05:06.976Z, 1176.9631738, 861.5562694
1701425107022, 2023-12-01T10:05:07.022Z, 1134.269522, 808.4473068
1701425107083, 2023-12-01T10:05:07.083Z, 1120.8423798, 786.5654602
1701425107117, 2023-12-01T10:05:07.117Z, 1119.2654198, 770.3234926
1701425107133, 2023-12-01T10:05:07.133Z, 1110.6324704, 763.0792664
1701425107164, 2023-12-01T10:05:07.164Z, 1139.9421361999998, 772.5549256
1701425107180, 2023-12-01T10:05:07.180Z, 1182.6900674, 819.305033
1701425107196, 2023-12-01T10:05:07.196Z, 1192.8400084, 833.0672758000001
1701425107211, 2023-12-01T10:05:07.211Z, 1184.8898212, 835.296011
1701425107228, 2023-12-01T10:05:07.228Z, 1168.8704876, 813.1639696
1701425107258, 2023-12-01T10:05:07.258Z, 1153.7320725999998, 802.266128
1701425107274, 2023-12-01T10:05:07.274Z, 1144.8892700000001, 791.8645019999999
1701425107290, 2023-12-01T10:05:07.290Z, 1143.778057, 781.8800372
1701425107305, 2023-12-01T10:05:07.305Z, 1151.7219704, 781.140662
1701425107337, 2023-12-01T10:05:07.337Z, 1177.3401614, 805.4290189999999
1701425107353, 2023-12-01T10:05:07.353Z, 1194.432202, 817.9952732
1701425107379, 2023-12-01T10:05:07.379Z, 1216.7276152, 829.4384186
1701425107393, 2023-12-01T10:05:07.393Z, 1232.4221844, 840.9010896
1701425107431, 2023-12-01T10:05:07.431Z, 1250.1573742, 850.1007004
1701425107446, 2023-12-01T10:05:07.446Z, 1250.1384954, 854.4873836
1701425107478, 2023-12-01T10:05:07.478Z, 1260.5154200000002, 859.6200435999999
1701425107494, 2023-12-01T10:05:07.494Z, 1257.8458976000002, 862.305435
1701425107533, 2023-12-01T10:05:07.533Z, 1261.4339962000001, 864.2333595999999
1701425107571, 2023-12-01T10:05:07.571Z, 1263.6241592000001, 866.3322937999999
1701425107586, 2023-12-01T10:05:07.586Z, 1276.8765662, 864.925062
1701425107617, 2023-12-01T10:05:07.617Z, 1285.2869756, 863.7962789999999
1701425107634, 2023-12-01T10:05:07.634Z, 1294.0306999999998, 864.9854574000001
1701425107649, 2023-12-01T10:05:07.649Z, 1298.8078977999999, 868.6791256
1701425107695, 2023-12-01T10:05:07.695Z, 1296.9479446, 870.653104
1701425107710, 2023-12-01T10:05:07.710Z, 1291.4618316, 873.4799419999999
1701425107741, 2023-12-01T10:05:07.741Z, 1280.1889488000002, 877.9694256
1701425107758, 2023-12-01T10:05:07.758Z, 1267.0927958, 879.9814190000001
1701425107789, 2023-12-01T10:05:07.789Z, 1256.5917024, 877.8206893999999
1701425107804, 2023-12-01T10:05:07.804Z, 1244.1942451999998, 876.209569
1701425107831, 2023-12-01T10:05:07.831Z, 1243.6289736, 878.6886036
1701425107852, 2023-12-01T10:05:07.852Z, 1238.737544, 878.5780859999999
1701425107883, 2023-12-01T10:05:07.883Z, 1244.698636, 880.9492088000001
1701425107898, 2023-12-01T10:05:07.898Z, 1245.7103498000001, 886.6865764
1701425107929, 2023-12-01T10:05:07.929Z, 1254.199808, 892.5017044
1701425107945, 2023-12-01T10:05:07.945Z, 1246.2369924, 893.7856908
1701425107960, 2023-12-01T10:05:07.960Z, 1226.3135922000001, 890.6869766
1701425108040, 2023-12-01T10:05:08.040Z, 1100.5626102, 869.4832061999999
1701425108084, 2023-12-01T10:05:08.084Z, 888.814866, 828.1651076
1701425108126, 2023-12-01T10:05:08.126Z, 673.8265162, 788.1093796
1701425108147, 2023-12-01T10:05:08.147Z, 464.6081416, 749.204475
1701425108163, 2023-12-01T10:05:08.163Z, 260.33157800000004, 713.9798736
1701425108178, 2023-12-01T10:05:08.178Z, 155.00271619999998, 694.114409
1701425108193, 2023-12-01T10:05:08.193Z, 137.13937, 693.8685604
1701425108209, 2023-12-01T10:05:08.209Z, 113.78936100000001, 692.01146
1701425108225, 2023-12-01T10:05:08.225Z, 84.6437312, 689.419968
1701425108241, 2023-12-01T10:05:08.241Z, 72.06981640000001, 688.306543
1701425108257, 2023-12-01T10:05:08.257Z, 58.986268599999995, 689.2440012
1701425108278, 2023-12-01T10:05:08.278Z, 56.85820579999999, 689.5707037999998
1701425108306, 2023-12-01T10:05:08.306Z, 59.2513254, 690.0613022
1701425108320, 2023-12-01T10:05:08.320Z, 70.13495559999998, 690.7718122
1701425108335, 2023-12-01T10:05:08.335Z, 76.1247644, 693.5074042
1701425108350, 2023-12-01T10:05:08.350Z, 69.87229779999998, 698.0805064
1701425108367, 2023-12-01T10:05:08.367Z, 60.944966199999996, 701.1742162
1701425108382, 2023-12-01T10:05:08.382Z, 68.7961776, 706.0030294000001
1701425108398, 2023-12-01T10:05:08.398Z, 85.38487, 710.8426244
1701425108430, 2023-12-01T10:05:08.430Z, 164.88017159999998, 725.6861814
1701425108461, 2023-12-01T10:05:08.461Z, 387.71200719999996, 760.2723032
1701425108524, 2023-12-01T10:05:08.524Z, 604.6104096, 798.258509
1701425108555, 2023-12-01T10:05:08.555Z, 836.2475572, 829.5054864
1701425108602, 2023-12-01T10:05:08.602Z, 1067.4369318000001, 859.7859138
1701425108617, 2023-12-01T10:05:08.617Z, 1238.4725384, 878.3502224
1701425108648, 2023-12-01T10:05:08.648Z, 1270.0717196, 876.3393608
1701425108664, 2023-12-01T10:05:08.664Z, 1288.7139302, 873.1509262
1701425108695, 2023-12-01T10:05:08.695Z, 1276.3254622, 874.4433632
1701425108711, 2023-12-01T10:05:08.711Z, 1258.5823440000001, 875.23238
1701425108731, 2023-12-01T10:05:08.731Z, 1220.385534, 879.1006363999999
1701425108758, 2023-12-01T10:05:08.758Z, 1196.0009008000002, 880.2943434000001
1701425108789, 2023-12-01T10:05:08.789Z, 1186.7498304, 881.0633610000001
1701425108820, 2023-12-01T10:05:08.820Z, 1201.9604862, 882.9891094000001
1701425108836, 2023-12-01T10:05:08.836Z, 1208.9230252, 885.7809618000001
1701425108880, 2023-12-01T10:05:08.880Z, 1227.9397196000002, 886.8339413999998
1701425108918, 2023-12-01T10:05:08.918Z, 1220.0012556000001, 892.0728546
1701425108930, 2023-12-01T10:05:08.930Z, 1216.5156092, 894.7258812
1701425108978, 2023-12-01T10:05:08.978Z, 1179.6830916, 898.8703944000001
1701425109010, 2023-12-01T10:05:09.010Z, 1148.4206849999998, 903.5485294
1701425109057, 2023-12-01T10:05:09.057Z, 1133.370796, 906.4384404
1701425109073, 2023-12-01T10:05:09.073Z, 1146.9738926, 906.2361638
1701425109104, 2023-12-01T10:05:09.104Z, 1156.5616706, 907.6887999999999
1701425109120, 2023-12-01T10:05:09.120Z, 1176.4193706, 906.9763836
1701425109135, 2023-12-01T10:05:09.135Z, 1194.7032212, 905.6690564
1701425109151, 2023-12-01T10:05:09.151Z, 1199.4902232, 903.4092474000001
1701425109180, 2023-12-01T10:05:09.180Z, 1203.3833026, 903.0406483999999
1701425109231, 2023-12-01T10:05:09.231Z, 1196.0466192, 902.7379482
1701425109245, 2023-12-01T10:05:09.245Z, 1188.0557812000002, 902.3387200000001
1701425109277, 2023-12-01T10:05:09.277Z, 1182.6839201999999, 900.6411806
1701425109292, 2023-12-01T10:05:09.292Z, 1181.4408578, 899.5653554
1701425109340, 2023-12-01T10:05:09.340Z, 1176.570326, 897.1215692
1701425109372, 2023-12-01T10:05:09.372Z, 1181.2696766000001, 894.333719
1701425109390, 2023-12-01T10:05:09.390Z, 1188.2287466, 890.3654253999999
1701425109407, 2023-12-01T10:05:09.407Z, 1190.4993416000002, 888.4759485999999
1701425109453, 2023-12-01T10:05:09.453Z, 1188.9405006, 888.8009766000001
1701425109500, 2023-12-01T10:05:09.500Z, 1184.6809962000002, 888.3314794
1701425109516, 2023-12-01T10:05:09.516Z, 1181.2054388000001, 888.5572994
1701425109548, 2023-12-01T10:05:09.548Z, 1179.897793, 891.1426818
1701425109564, 2023-12-01T10:05:09.564Z, 1179.5378919999998, 893.6659569999999
1701425109594, 2023-12-01T10:05:09.594Z, 1186.0835434, 893.5630888
1701425109632, 2023-12-01T10:05:09.632Z, 1197.3902664000002, 895.309157
1701425109645, 2023-12-01T10:05:09.645Z, 1206.469276, 895.533992
1701425109689, 2023-12-01T10:05:09.689Z, 1212.2583008, 895.8187100000001
1701425109704, 2023-12-01T10:05:09.704Z, 1217.464106, 897.5795114
1701425109719, 2023-12-01T10:05:09.719Z, 1221.633095, 899.183654
1701425109735, 2023-12-01T10:05:09.735Z, 1225.075195, 897.8731605999999
1701425109780, 2023-12-01T10:05:09.780Z, 1226.5066416, 896.8130752000001
1701425109814, 2023-12-01T10:05:09.814Z, 1222.6852606, 895.2840086
1701425109830, 2023-12-01T10:05:09.830Z, 1220.9792736000002, 891.5969914000001
1701425109845, 2023-12-01T10:05:09.845Z, 1209.815545, 890.9496874
1701425109863, 2023-12-01T10:05:09.863Z, 1191.8529308000002, 886.3960564000001
1701425109875, 2023-12-01T10:05:09.875Z, 1183.9162504, 884.5832342
1701425109907, 2023-12-01T10:05:09.907Z, 1184.518378, 879.9588958
1701425109953, 2023-12-01T10:05:09.953Z, 1182.9483274, 874.2928382
1701425109968, 2023-12-01T10:05:09.968Z, 1188.8674847999998, 866.8698170000001
1701425110000, 2023-12-01T10:05:10.000Z, 1198.824949, 866.3738458
1701425110016, 2023-12-01T10:05:10.016Z, 1198.1915637999998, 870.5969134
1701425110228, 2023-12-01T10:05:10.228Z, 1180.1518767999999, 869.7212646
1701425110269, 2023-12-01T10:05:10.269Z, 1163.2831193999998, 869.1732066000001
1701425110284, 2023-12-01T10:05:10.284Z, 1148.7991957999998, 872.1719660000001
1701425110316, 2023-12-01T10:05:10.316Z, 1142.0374186000001, 874.3222406000001
1701425110335, 2023-12-01T10:05:10.335Z, 1138.8515074, 870.2645491999999
1701425110363, 2023-12-01T10:05:10.363Z, 1148.1903915999999, 873.7591898000001
1701425110943, 2023-12-01T10:05:10.943Z, 1142.1766958, 879.6462506
1701425110958, 2023-12-01T10:05:10.958Z, 1133.9728858, 879.9935352