1701364687015, 2023-11-30T17:18:07.015Z, 1444.828738, 193.1005052
1701364687032, 2023-11-30T17:18:07.032Z, 1444.5823432, 194.2124602
1701364687062, 2023-11-30T17:18:07.062Z, 1445.5302446, 194.4109176
1701364687063, 2023-11-30T17:18:07.063Z, 1448.7873278, 192.346911
1701364687077, 2023-11-30T17:18:07.077Z, 1450.3031112, 190.7308814
1701364687108, 2023-11-30T17:18:07.108Z, 1451.3861593999998, 189.1120708
1701364687141, 2023-11-30T17:18:07.141Z, 1451.7354294, 186.72463100000002
1701364687156, 2023-11-30T17:18:07.156Z, 1452.4976316, 184.53860600000002
1701364687184, 2023-11-30T17:18:07.184Z, 1493.1716674000002, 183.7367412
1701364687203, 2023-11-30T17:18:07.203Z, 1527.0004000000001, 184.1468926
1701364687219, 2023-11-30T17:18:07.219Z, 1558.7683932000002, 182.72513880000002
1701364687234, 2023-11-30T17:18:07.234Z, 1596.494374, 180.5366396
1701364687250, 2023-11-30T17:18:07.250Z, 1637.3068541999999, 177.317099
1701364687295, 2023-11-30T17:18:07.295Z, 1638.328181, 173.5424536
1701364687311, 2023-11-30T17:18:07.311Z, 1644.3074953999999, 172.2781946
1701364687333, 2023-11-30T17:18:07.333Z, 1653.0527038, 171.3844312
1701364687350, 2023-11-30T17:18:07.350Z, 1657.6301327999997, 169.48326319999998
1701364687391, 2023-11-30T17:18:07.391Z, 1657.2290012, 171.36879480000002
1701364687408, 2023-11-30T17:18:07.408Z, 1649.8670353999998, 177.3183708
1701364687423, 2023-11-30T17:18:07.423Z, 1644.0151756, 180.14296180000002
1701364687455, 2023-11-30T17:18:07.455Z, 1638.7896292, 184.10216640000002
1701364687483, 2023-11-30T17:18:07.483Z, 1642.0563308, 183.4015966
1701364687500, 2023-11-30T17:18:07.500Z, 1656.8928327999997, 173.6735524
1701364687515, 2023-11-30T17:18:07.515Z, 1678.5475814000001, 160.61312220000002
1701364687532, 2023-11-30T17:18:07.532Z, 1697.4371034, 146.7907388
1701364687547, 2023-11-30T17:18:07.547Z, 1715.2971122, 133.47722800000003
1701364687578, 2023-11-30T17:18:07.578Z, 1725.3605364000002, 128.4421694
1701364687594, 2023-11-30T17:18:07.594Z, 1726.2564763999999, 130.3798804
1701364687609, 2023-11-30T17:18:07.609Z, 1727.4644027999998, 132.1109222
1701364687632, 2023-11-30T17:18:07.632Z, 1730.5989680000002, 137.642845
1701364687643, 2023-11-30T17:18:07.643Z, 1735.4105186000002, 144.90247319999997
1701364687673, 2023-11-30T17:18:07.673Z, 1739.4985504, 149.69058539999997
1701364687689, 2023-11-30T17:18:07.689Z, 1733.259044, 159.297619
1701364687708, 2023-11-30T17:18:07.708Z, 1726.5292772, 168.48406300000002
1701364687735, 2023-11-30T17:18:07.735Z, 1709.4345056000002, 185.1691712
1701364687753, 2023-11-30T17:18:07.753Z, 1692.7260308, 198.38607560000003
1701364687783, 2023-11-30T17:18:07.783Z, 1670.9207761999999, 217.3193544
1701364687799, 2023-11-30T17:18:07.799Z, 1651.4973706, 235.4143662
1701364687815, 2023-11-30T17:18:07.815Z, 1627.5754406, 257.07896100000005
1701364687830, 2023-11-30T17:18:07.830Z, 1599.1382668, 277.8541374
1701364687847, 2023-11-30T17:18:07.847Z, 1560.8779040000002, 306.3205426
1701364687860, 2023-11-30T17:18:07.860Z, 1524.9055968, 331.1506242
1701364687875, 2023-11-30T17:18:07.875Z, 1497.7186198, 352.14971
1701364687891, 2023-11-30T17:18:07.891Z, 1484.4938848, 362.2435662
1701364687908, 2023-11-30T17:18:07.908Z, 1482.0504384, 365.69126140000003
1701364687934, 2023-11-30T17:18:07.934Z, 1483.1655288, 365.8840458000001
1701364687954, 2023-11-30T17:18:07.954Z, 1475.4376740000002, 370.5648788
1701364687981, 2023-11-30T17:18:07.981Z, 1467.3675939999998, 371.3580116
1701364687985, 2023-11-30T17:18:07.985Z, 1452.5815968, 371.535292
1701364688000, 2023-11-30T17:18:08.000Z, 1439.8994269999998, 369.63532499999997
1701364688015, 2023-11-30T17:18:08.015Z, 1427.0415632, 368.669137
1701364688031, 2023-11-30T17:18:08.031Z, 1425.1402646, 361.27462280000003
1701364688047, 2023-11-30T17:18:08.047Z, 1421.2560448, 357.44441059999997
1701364688063, 2023-11-30T17:18:08.063Z, 1413.9702174, 361.4506744
1701364688083, 2023-11-30T17:18:08.083Z, 1407.2087278000001, 364.630062
1701364688109, 2023-11-30T17:18:08.109Z, 1406.1046548, 362.72538999999995
1701364688125, 2023-11-30T17:18:08.125Z, 1405.8954208, 361.5615488
1701364688140, 2023-11-30T17:18:08.140Z, 1407.5072952, 359.1626372
1701364688156, 2023-11-30T17:18:08.156Z, 1410.4482317999998, 356.71634800000004
1701364688170, 2023-11-30T17:18:08.170Z, 1419.6581976, 349.9141548
1701364688185, 2023-11-30T17:18:08.185Z, 1427.1019745999997, 344.7319552
1701364688218, 2023-11-30T17:18:08.218Z, 1436.8616087999999, 336.22736100000003
1701364688232, 2023-11-30T17:18:08.232Z, 1440.1575937999999, 333.8984036
1701364688248, 2023-11-30T17:18:08.248Z, 1445.8776042, 328.9662502
1701364688264, 2023-11-30T17:18:08.264Z, 1444.0061117999999, 330.48688419999996
1701364688281, 2023-11-30T17:18:08.281Z, 1439.1866009999999, 334.19456519999994
1701364688295, 2023-11-30T17:18:08.295Z, 1435.2779278, 337.68462280000006
1701364688311, 2023-11-30T17:18:08.311Z, 1437.296297, 335.625275
1701364688328, 2023-11-30T17:18:08.328Z, 1434.9864922, 337.4593976
1701364688358, 2023-11-30T17:18:08.358Z, 1428.0556734, 343.16054399999996
1701364688382, 2023-11-30T17:18:08.382Z, 1434.3972844, 343.0110128
1701364688408, 2023-11-30T17:18:08.408Z, 1436.2547134000001, 346.2953904
1701364688422, 2023-11-30T17:18:08.422Z, 1435.6497650000001, 351.1395312
1701364688442, 2023-11-30T17:18:08.442Z, 1437.8586546000001, 352.5835866
1701364688454, 2023-11-30T17:18:08.454Z, 1443.0497258, 350.02555659999996
1701364688470, 2023-11-30T17:18:08.470Z, 1437.5556288, 351.41436619999996
1701364688484, 2023-11-30T17:18:08.484Z, 1436.1643941999998, 348.62870339999995
1701364688500, 2023-11-30T17:18:08.500Z, 1435.6801866, 345.8474582
1701364688534, 2023-11-30T17:18:08.534Z, 1429.1133616, 352.2041974
1701364688547, 2023-11-30T17:18:08.547Z, 1427.7543653999999, 354.872104
1701364688563, 2023-11-30T17:18:08.563Z, 1426.8445001999999, 356.819027
1701364688577, 2023-11-30T17:18:08.577Z, 1421.7926266, 362.92728580000005
1701364688594, 2023-11-30T17:18:08.594Z, 1416.4801234, 367.68071799999996
1701364688608, 2023-11-30T17:18:08.608Z, 1418.5788064, 364.3510778
1701364688624, 2023-11-30T17:18:08.624Z, 1418.775089, 363.19935799999996
1701364688639, 2023-11-30T17:18:08.639Z, 1418.4219936, 364.3708726
1701364688659, 2023-11-30T17:18:08.659Z, 1424.3931844, 364.2773822
1701364688678, 2023-11-30T17:18:08.678Z, 1435.4487928, 363.8377554
1701364688700, 2023-11-30T17:18:08.700Z, 1445.0480926, 366.78945699999997
1701364688732, 2023-11-30T17:18:08.732Z, 1457.2398734, 368.7497674
1701364688780, 2023-11-30T17:18:08.780Z, 1485.2741678, 365.9422552
1701364688796, 2023-11-30T17:18:08.796Z, 1508.3715808000002, 363.52744700000005
1701364688859, 2023-11-30T17:18:08.859Z, 1534.1944666000002, 364.3870134
1701364688873, 2023-11-30T17:18:08.873Z, 1562.5010918000003, 363.0442306
1701364688905, 2023-11-30T17:18:08.905Z, 1591.6800420000002, 360.9157784
1701364688951, 2023-11-30T17:18:08.951Z, 1614.9620972, 354.9404644
1701364688997, 2023-11-30T17:18:08.997Z, 1623.2537646, 360.7889184
1701364689046, 2023-11-30T17:18:09.046Z, 1623.9744896000002, 365.14168800000004
1701364689076, 2023-11-30T17:18:09.076Z, 1618.5991456, 368.9403014
1701364689092, 2023-11-30T17:18:09.092Z, 1610.5545092, 373.820102
1701364689128, 2023-11-30T17:18:09.128Z, 1594.7446142000001, 380.9342784
1701364689170, 2023-11-30T17:18:09.170Z, 1595.8870428, 374.405585
1701364689185, 2023-11-30T17:18:09.185Z, 1600.3894436000003, 365.52946599999996
1701364689200, 2023-11-30T17:18:09.200Z, 1607.4750488000002, 356.75931399999996
1701364689216, 2023-11-30T17:18:09.216Z, 1613.3161556, 348.90396919999995
1701364689232, 2023-11-30T17:18:09.232Z, 1616.075773, 344.1287456
1701364689247, 2023-11-30T17:18:09.247Z, 1613.6883524, 344.73383240000004
1701364689263, 2023-11-30T17:18:09.263Z, 1601.6256680000001, 346.1831082
1701364689283, 2023-11-30T17:18:09.283Z, 1581.9268296, 349.4574914
1701364689310, 2023-11-30T17:18:09.310Z, 1557.8575806000001, 353.74605099999997
1701364689343, 2023-11-30T17:18:09.343Z, 1532.696376, 356.78663059999997
1701364689358, 2023-11-30T17:18:09.358Z, 1507.4076716, 350.5124266
1701364689373, 2023-11-30T17:18:09.373Z, 1486.2947044, 337.0831576
1701364689389, 2023-11-30T17:18:09.389Z, 1470.4786984000002, 323.4586574
1701364689405, 2023-11-30T17:18:09.405Z, 1457.2814914000003, 310.509814
1701364689432, 2023-11-30T17:18:09.432Z, 1445.1951288, 302.5285958
1701364689453, 2023-11-30T17:18:09.453Z, 1433.1724925999997, 302.376444
1701364689468, 2023-11-30T17:18:09.468Z, 1418.4668098, 313.12382740000004
1701364689483, 2023-11-30T17:18:09.483Z, 1402.965786, 324.01857120000005
1701364689499, 2023-11-30T17:18:09.499Z, 1384.1899652, 336.0275242
1701364689514, 2023-11-30T17:18:09.514Z, 1356.4877979999999, 353.9055902
1701364689529, 2023-11-30T17:18:09.529Z, 1325.8882562, 377.64936
1701364689544, 2023-11-30T17:18:09.544Z, 1302.906094, 397.9644654
1701364689560, 2023-11-30T17:18:09.560Z, 1284.9309944000001, 418.14152260000003
1701364689580, 2023-11-30T17:18:09.580Z, 1276.0542322000001, 435.2901046
1701364689607, 2023-11-30T17:18:09.607Z, 1278.5936676000001, 444.366857
1701364689622, 2023-11-30T17:18:09.622Z, 1288.7317612, 445.34436080000006
1701364689642, 2023-11-30T17:18:09.642Z, 1298.0220720000002, 446.03610119999996
1701364689670, 2023-11-30T17:18:09.670Z, 1302.5242088, 446.7818558
1701364689688, 2023-11-30T17:18:09.688Z, 1297.8233912, 446.85612260000005
1701364689717, 2023-11-30T17:18:09.717Z, 1289.3309471999999, 446.897045
1701364689733, 2023-11-30T17:18:09.733Z, 1277.9112574, 446.03021
1701364689747, 2023-11-30T17:18:09.747Z, 1263.906139, 445.08455480000003
1701364689763, 2023-11-30T17:18:09.763Z, 1247.584851, 445.510393
1701364689778, 2023-11-30T17:18:09.778Z, 1229.8396859999998, 450.83538740000006
1701364689793, 2023-11-30T17:18:09.793Z, 1215.024549, 456.7777666
1701364689809, 2023-11-30T17:18:09.809Z, 1202.0365748, 463.60742279999994
1701364689825, 2023-11-30T17:18:09.825Z, 1190.9026663999998, 470.8002622
1701364689840, 2023-11-30T17:18:09.840Z, 1184.7884876, 475.298628
1701364689857, 2023-11-30T17:18:09.857Z, 1184.7738512, 476.136716
1701364689883, 2023-11-30T17:18:09.883Z, 1184.7465564, 475.87882800000006
1701364689898, 2023-11-30T17:18:09.898Z, 1184.2467172000001, 475.77645060000003
1701364689921, 2023-11-30T17:18:09.921Z, 1183.8187838000001, 475.739113
1701364689936, 2023-11-30T17:18:09.936Z, 1184.1722098000002, 476.12915899999996
1701364689951, 2023-11-30T17:18:09.951Z, 1185.6234556, 476.86345980000004
1701364689965, 2023-11-30T17:18:09.965Z, 1199.1156204, 480.479914
1701364689982, 2023-11-30T17:18:09.982Z, 1214.4747322, 484.35337659999993
1701364689997, 2023-11-30T17:18:09.997Z, 1231.3028764, 487.5225364
1701364690013, 2023-11-30T17:18:10.013Z, 1248.3155882000003, 490.3692384
1701364690032, 2023-11-30T17:18:10.032Z, 1261.5066466000003, 492.82670340000004
1701364690049, 2023-11-30T17:18:10.049Z, 1262.0543592, 492.2680458
1701364690078, 2023-11-30T17:18:10.078Z, 1258.3757335999999, 491.31643599999995
1701364690108, 2023-11-30T17:18:10.108Z, 1255.8007201999997, 490.5429184000001
1701364690123, 2023-11-30T17:18:10.123Z, 1251.6563078, 490.4949292
1701364690142, 2023-11-30T17:18:10.142Z, 1258.8287188, 490.1104007999999
1701364690171, 2023-11-30T17:18:10.171Z, 1266.814314, 489.7840918
1701364690189, 2023-11-30T17:18:10.189Z, 1276.944743, 490.7272314
1701364690202, 2023-11-30T17:18:10.202Z, 1285.3623346, 491.8946662
1701364690218, 2023-11-30T17:18:10.218Z, 1294.4218298, 492.500766
1701364690234, 2023-11-30T17:18:10.234Z, 1295.486632, 493.908705
1701364690249, 2023-11-30T17:18:10.249Z, 1296.66352, 497.82557259999993
1701364690265, 2023-11-30T17:18:10.265Z, 1297.069558, 500.7689126
1701364690280, 2023-11-30T17:18:10.280Z, 1292.30823, 504.18276480000003
1701364690296, 2023-11-30T17:18:10.296Z, 1285.4815921999998, 507.7028772
1701364690312, 2023-11-30T17:18:10.312Z, 1273.8515175999999, 511.62803540000004
1701364690335, 2023-11-30T17:18:10.335Z, 1252.435374, 513.4368698000001
1701364690359, 2023-11-30T17:18:10.359Z, 1229.6661908, 514.9463476
1701364690375, 2023-11-30T17:18:10.375Z, 1208.8364628, 515.6510336
1701364690390, 2023-11-30T17:18:10.390Z, 1189.8956202000002, 515.5933312
1701364690406, 2023-11-30T17:18:10.406Z, 1175.643335, 514.4110524
1701364690421, 2023-11-30T17:18:10.421Z, 1171.4170252, 512.0240904
1701364690437, 2023-11-30T17:18:10.437Z, 1169.3031704, 510.55812560000004
1701364690453, 2023-11-30T17:18:10.453Z, 1168.6989162, 511.1654642
1701364690484, 2023-11-30T17:18:10.484Z, 1165.790446, 511.44186360000003
1701364690499, 2023-11-30T17:18:10.499Z, 1159.5900714, 509.3504776
1701364690516, 2023-11-30T17:18:10.516Z, 1152.6064536, 507.63055540000005
1701364690531, 2023-11-30T17:18:10.531Z, 1145.4863868, 504.7644612
1701364690547, 2023-11-30T17:18:10.547Z, 1138.9999722, 501.8703536
1701364690563, 2023-11-30T17:18:10.563Z, 1134.3838358, 499.1121906
1701364690577, 2023-11-30T17:18:10.577Z, 1133.2326034, 498.19915899999995
1701364690593, 2023-11-30T17:18:10.593Z, 1132.2225406, 498.3517762
1701364690608, 2023-11-30T17:18:10.608Z, 1131.7986706, 499.05985
1701364690633, 2023-11-30T17:18:10.633Z, 1132.2141123999997, 497.69221099999993
1701364690656, 2023-11-30T17:18:10.656Z, 1132.9234401999997, 496.86595
1701364690672, 2023-11-30T17:18:10.672Z, 1134.0792408, 495.3318916
1701364690688, 2023-11-30T17:18:10.688Z, 1135.9515946, 493.8632326
1701364690703, 2023-11-30T17:18:10.703Z, 1140.0034004000001, 499.19394
1701364690717, 2023-11-30T17:18:10.717Z, 1144.5064316, 505.6369598000001
1701364690733, 2023-11-30T17:18:10.733Z, 1151.906116, 511.5080436
1701364690748, 2023-11-30T17:18:10.748Z, 1159.7385244000002, 517.694081
1701364690764, 2023-11-30T17:18:10.764Z, 1167.0222959999999, 524.3621208000001
1701364690795, 2023-11-30T17:18:10.795Z, 1172.5964838, 524.811683
1701364690813, 2023-11-30T17:18:10.813Z, 1172.2469108, 530.7667934
1701364690842, 2023-11-30T17:18:10.842Z, 1168.876209, 537.4328294
1701364690860, 2023-11-30T17:18:10.860Z, 1163.1881252, 544.4086708
1701364690889, 2023-11-30T17:18:10.889Z, 1157.8355424, 550.0230394
1701364690904, 2023-11-30T17:18:10.904Z, 1152.1961159999998, 554.2176645999999
1701364690927, 2023-11-30T17:18:10.927Z, 1151.7688416, 551.7836398000001
1701364690952, 2023-11-30T17:18:10.952Z, 1153.2057995999999, 549.4246346
1701364690966, 2023-11-30T17:18:10.966Z, 1157.8279422, 547.3918007999998
1701364690981, 2023-11-30T17:18:10.981Z, 1160.4061806, 546.5730926
1701364690997, 2023-11-30T17:18:10.997Z, 1167.8047314, 546.225827
1701364691013, 2023-11-30T17:18:11.013Z, 1174.6035098, 547.4549304
1701364691029, 2023-11-30T17:18:11.029Z, 1179.6845742, 549.270804
1701364691044, 2023-11-30T17:18:11.044Z, 1184.3163875999999, 550.3099236
1701364691058, 2023-11-30T17:18:11.058Z, 1188.4242241999998, 550.2644416
1701364691082, 2023-11-30T17:18:11.082Z, 1187.8696611999999, 550.326057
1701364691105, 2023-11-30T17:18:11.105Z, 1189.1787408, 550.7584246
1701364691121, 2023-11-30T17:18:11.121Z, 1192.730632, 551.4612128000001
1701364691136, 2023-11-30T17:18:11.136Z, 1206.6146477999998, 554.867297
1701364691152, 2023-11-30T17:18:11.152Z, 1222.8430162, 559.9023882
1701364691167, 2023-11-30T17:18:11.167Z, 1238.5127948000002, 566.2519468
1701364691183, 2023-11-30T17:18:11.183Z, 1252.4516257999999, 572.5064332
1701364691198, 2023-11-30T17:18:11.198Z, 1264.3176276, 577.5274413999999
1701364691213, 2023-11-30T17:18:11.213Z, 1264.7651964000001, 581.3585638000001
1701364691233, 2023-11-30T17:18:11.233Z, 1264.5814516, 584.3056684
1701364691245, 2023-11-30T17:18:11.245Z, 1266.0570314000001, 585.5439822000001
1701364691263, 2023-11-30T17:18:11.263Z, 1268.0183710000001, 584.7527299999999
1701364691291, 2023-11-30T17:18:11.291Z, 1270.070786, 584.2777664
1701364691307, 2023-11-30T17:18:11.307Z, 1274.3963436000001, 579.1599078
1701364691337, 2023-11-30T17:18:11.337Z, 1280.4215672, 572.9616708
1701364691354, 2023-11-30T17:18:11.354Z, 1268.8717981999998, 567.61838
1701364691383, 2023-11-30T17:18:11.383Z, 1255.7665088, 563.0989818
1701364691399, 2023-11-30T17:18:11.399Z, 1235.5649316000001, 558.673167
1701364691415, 2023-11-30T17:18:11.415Z, 1208.3180634, 559.7225438
1701364691432, 2023-11-30T17:18:11.432Z, 1179.2584837999998, 559.9134592
1701364691449, 2023-11-30T17:18:11.449Z, 1165.5684886, 558.5217008
1701364691461, 2023-11-30T17:18:11.461Z, 1152.222929, 556.5355834
1701364691478, 2023-11-30T17:18:11.478Z, 1145.3723906, 554.5660642
1701364691493, 2023-11-30T17:18:11.493Z, 1144.9673301999999, 549.7621428
1701364691510, 2023-11-30T17:18:11.510Z, 1145.7544967999997, 546.443313
1701364691534, 2023-11-30T17:18:11.534Z, 1148.8888918, 545.2472065999999
1701364691555, 2023-11-30T17:18:11.555Z, 1152.4210342000001, 545.1652763999999
1701364691570, 2023-11-30T17:18:11.570Z, 1156.5113656, 545.3964418
1701364691586, 2023-11-30T17:18:11.586Z, 1160.6795808000002, 547.1234529999999
1701364691602, 2023-11-30T17:18:11.602Z, 1165.8006926, 552.4252428
1701364691620, 2023-11-30T17:18:11.620Z, 1169.0353964, 556.1198604
1701364691633, 2023-11-30T17:18:11.633Z, 1172.913205, 556.6853582000001
1701364691648, 2023-11-30T17:18:11.648Z, 1176.2878806, 557.722605
1701364691663, 2023-11-30T17:18:11.663Z, 1177.1461224, 560.2709202
1701364691686, 2023-11-30T17:18:11.686Z, 1179.5625844, 574.3857284
1701364691695, 2023-11-30T17:18:11.695Z, 1184.6174474, 596.6222072
1701364691712, 2023-11-30T17:18:11.712Z, 1190.304743, 624.9415852
1701364691727, 2023-11-30T17:18:11.727Z, 1198.2615990000002, 656.9122796
1701364691745, 2023-11-30T17:18:11.745Z, 1207.8075084, 691.8047972
1701364691773, 2023-11-30T17:18:11.773Z, 1217.8494918000001, 715.7811532000001
1701364691789, 2023-11-30T17:18:11.789Z, 1223.8615782, 732.8051208
1701364691805, 2023-11-30T17:18:11.805Z, 1227.4090648, 745.284329
1701364691830, 2023-11-30T17:18:11.830Z, 1225.3496712, 752.8263712
1701364691848, 2023-11-30T17:18:11.848Z, 1223.861592, 753.5714892
1701364691869, 2023-11-30T17:18:11.869Z, 1220.0079982, 750.0598647999999
1701364691883, 2023-11-30T17:18:11.883Z, 1217.8877148, 747.7360077999999
1701364691898, 2023-11-30T17:18:11.898Z, 1214.967639, 748.6225734
1701364691914, 2023-11-30T17:18:11.914Z, 1215.3803990000001, 750.1412197999999
1701364691932, 2023-11-30T17:18:11.932Z, 1207.2376402000002, 756.3240261999999
1701364691945, 2023-11-30T17:18:11.945Z, 1196.6276276, 763.428585
1701364691961, 2023-11-30T17:18:11.961Z, 1184.3924312000001, 768.7896186
1701364691984, 2023-11-30T17:18:11.984Z, 1174.0103181999998, 771.6400932
1701364692008, 2023-11-30T17:18:12.008Z, 1163.9275585999999, 774.584309
1701364692024, 2023-11-30T17:18:12.024Z, 1160.5392938, 775.4455392
1701364692040, 2023-11-30T17:18:12.040Z, 1158.5741322, 775.2644232
1701364692054, 2023-11-30T17:18:12.054Z, 1158.0513406, 775.2801732
1701364692070, 2023-11-30T17:18:12.070Z, 1157.7119698000001, 776.4622286
1701364692086, 2023-11-30T17:18:12.086Z, 1156.6161462000002, 777.5448561999999
1701364692101, 2023-11-30T17:18:12.101Z, 1154.9333106, 777.8256872
1701364692117, 2023-11-30T17:18:12.117Z, 1152.9681580000001, 779.834237
1701364692133, 2023-11-30T17:18:12.133Z, 1150.9929012, 780.023162
1701364692147, 2023-11-30T17:18:12.147Z, 1149.3823784, 780.8312276
1701364692165, 2023-11-30T17:18:12.165Z, 1150.3181290000002, 784.1871814
1701364692193, 2023-11-30T17:18:12.193Z, 1153.3390539999998, 791.1104494
1701364692209, 2023-11-30T17:18:12.209Z, 1157.2527248, 796.3327872
1701364692225, 2023-11-30T17:18:12.225Z, 1161.2050559999998, 803.3253774
1701364692240, 2023-11-30T17:18:12.240Z, 1165.5172971999998, 809.4935275999999
1701364692256, 2023-11-30T17:18:12.256Z, 1167.1885594, 812.4493097999999
1701364692280, 2023-11-30T17:18:12.280Z, 1167.1756606, 813.2564919999999
1701364692303, 2023-11-30T17:18:12.303Z, 1166.5488223999996, 814.8298976
1701364692319, 2023-11-30T17:18:12.319Z, 1166.1807279999998, 816.4217366
1701364692336, 2023-11-30T17:18:12.336Z, 1166.4784092, 816.4214022
1701364692350, 2023-11-30T17:18:12.350Z, 1167.7327082, 816.4241853999999
1701364692365, 2023-11-30T17:18:12.365Z, 1168.4863048, 816.004511
1701364692381, 2023-11-30T17:18:12.381Z, 1168.6289404000001, 814.6780384
1701364692398, 2023-11-30T17:18:12.398Z, 1168.5027730000002, 812.4242432
1701364692411, 2023-11-30T17:18:12.411Z, 1167.3677828, 811.2895608
1701364692432, 2023-11-30T17:18:12.432Z, 1166.106982, 810.6621097999999
1701364692458, 2023-11-30T17:18:12.458Z, 1165.4686338, 809.7691268
1701364692477, 2023-11-30T17:18:12.477Z, 1167.2379978, 810.748521
1701364692506, 2023-11-30T17:18:12.506Z, 1168.5731582, 813.0105732
1701364692522, 2023-11-30T17:18:12.522Z, 1172.3419933999999, 815.4674506
1701364692553, 2023-11-30T17:18:12.553Z, 1177.1632212, 818.4179028000001
1701364692585, 2023-11-30T17:18:12.585Z, 1179.6851430000002, 820.2216702000002
1701364692599, 2023-11-30T17:18:12.599Z, 1179.5934686, 820.6669738
1701364692615, 2023-11-30T17:18:12.615Z, 1177.2356942000001, 820.3292939999999
1701364692631, 2023-11-30T17:18:12.631Z, 1172.5947780000001, 819.4330143999999
1701364692645, 2023-11-30T17:18:12.645Z, 1167.755602, 817.8111438
1701364692664, 2023-11-30T17:18:12.664Z, 1165.3015078, 818.040715
1701364692678, 2023-11-30T17:18:12.678Z, 1163.2816068, 817.6962458
1701364692694, 2023-11-30T17:18:12.694Z, 1163.7828406, 817.5648548
1701364692709, 2023-11-30T17:18:12.709Z, 1163.8289796000001, 817.8483822000001
1701364692729, 2023-11-30T17:18:12.729Z, 1163.0408402, 818.3031646000001
1701364692756, 2023-11-30T17:18:12.756Z, 1160.9157052, 817.9648648
1701364692771, 2023-11-30T17:18:12.771Z, 1156.7366748, 814.5815136
1701364692787, 2023-11-30T17:18:12.787Z, 1151.5904759999999, 808.7599946
1701364692803, 2023-11-30T17:18:12.803Z, 1146.2938014, 801.0287684
1701364692818, 2023-11-30T17:18:12.818Z, 1141.135721, 792.8300298
1701364692834, 2023-11-30T17:18:12.834Z, 1137.7202776, 784.8953882
1701364692849, 2023-11-30T17:18:12.849Z, 1136.2916638, 779.1945296
1701364692865, 2023-11-30T17:18:12.865Z, 1136.1079106, 775.6868307999999
1701364692887, 2023-11-30T17:18:12.887Z, 1139.527804, 774.4205134
1701364692913, 2023-11-30T17:18:12.913Z, 1147.5570137999998, 774.2279116000001
1701364692929, 2023-11-30T17:18:12.929Z, 1153.0798783999999, 774.8033106
1701364692960, 2023-11-30T17:18:12.960Z, 1157.5124391999998, 776.6553598
1701364692976, 2023-11-30T17:18:12.976Z, 1159.465387, 779.5945228
1701364692991, 2023-11-30T17:18:12.991Z, 1060.6920794, 763.5426012
1701366901453, 2023-11-30T17:55:01.453Z, 177.0144738, 156.5857484
1701366901542, 2023-11-30T17:55:01.542Z, 189.92322240000001, 178.5373912
1701366901736, 2023-11-30T17:55:01.736Z, 190.8094812, 182.712609
1701366901771, 2023-11-30T17:55:01.771Z, 194.1403922, 180.0395792
1701366901863, 2023-11-30T17:55:01.863Z, 191.56260560000004, 168.9480536
1701366901908, 2023-11-30T17:55:01.908Z, 167.57970219999999, 193.537991
1701366903704, 2023-11-30T17:55:03.704Z, 160.38356019999998, 292.5579518
1701366903735, 2023-11-30T17:55:03.735Z, 148.987864, 370.64980840000004
1701366903751, 2023-11-30T17:55:03.751Z, 140.39837740000002, 447.84668519999997
1701366903798, 2023-11-30T17:55:03.798Z, 122.9922192, 530.2641983999999
1701366904092, 2023-11-30T17:55:04.092Z, 104.16141420000001, 622.8048462
1701366904112, 2023-11-30T17:55:04.112Z, 89.4920334, 621.7395676
1701366904143, 2023-11-30T17:55:04.143Z, 86.8354858, 633.9777516
1701366904159, 2023-11-30T17:55:04.159Z, 84.774761, 657.0249086
1701366904190, 2023-11-30T17:55:04.190Z, 104.1721094, 692.4492051999999
1701366904206, 2023-11-30T17:55:04.206Z, 127.2572134, 705.2493148
1701366904243, 2023-11-30T17:55:04.243Z, 148.0588952, 714.9943996
1701366904284, 2023-11-30T17:55:04.284Z, 171.0619386, 739.7372251999999
1701366904301, 2023-11-30T17:55:04.301Z, 191.610275, 755.6684029999999
1701366904316, 2023-11-30T17:55:04.316Z, 200.09345079999997, 771.5758668
1701366904347, 2023-11-30T17:55:04.347Z, 207.15021700000003, 784.8466244
1701366904362, 2023-11-30T17:55:04.362Z, 214.57316959999997, 800.3999203999999
1701366904408, 2023-11-30T17:55:04.408Z, 217.5052286, 801.783121
1701366904424, 2023-11-30T17:55:04.424Z, 219.97160300000002, 804.5587370000001
1701366904469, 2023-11-30T17:55:04.469Z, 196.27612000000002, 782.2285238000001
1701366904500, 2023-11-30T17:55:04.500Z, 196.67142740000003, 750.3786035999999
1701366904516, 2023-11-30T17:55:04.516Z, 188.6742966, 721.7700637999999
1701366904541, 2023-11-30T17:55:04.541Z, 194.0837848, 690.5897368
1701366904876, 2023-11-30T17:55:04.876Z, 155.4259434, 555.156884
1701366905462, 2023-11-30T17:55:05.462Z, 195.2144504, 461.345135
1701366905509, 2023-11-30T17:55:05.509Z, 219.5456126, 343.0814884
1701366905598, 2023-11-30T17:55:05.598Z, 431.65904200000006, 263.67847700000004
1701366905652, 2023-11-30T17:55:05.652Z, 442.9254326, 166.5644446
1701366905961, 2023-11-30T17:55:05.961Z, 472.05945540000005, 291.20831280000004
1701366906008, 2023-11-30T17:55:06.008Z, 470.17667599999993, 319.256141
1701366906043, 2023-11-30T17:55:06.043Z, 481.58571620000004, 331.243846
1701366906132, 2023-11-30T17:55:06.132Z, 292.1407204, 370.0413416
1701366906319, 2023-11-30T17:55:06.319Z, 414.86377439999995, 374.1836086
1701366906414, 2023-11-30T17:55:06.414Z, 642.8494094, 263.1416566
1701366906462, 2023-11-30T17:55:06.462Z, 847.0345784000001, 232.3390946
1701366906666, 2023-11-30T17:55:06.666Z, 978.6140510000001, 243.58432940000003
1701366906682, 2023-11-30T17:55:06.682Z, 1152.8221529999998, 190.434638
1701366906714, 2023-11-30T17:55:06.714Z, 1211.252534, 191.9173848
1701366906731, 2023-11-30T17:55:06.731Z, 1195.1437976000002, 192.6055218
1701366906777, 2023-11-30T17:55:06.777Z, 1181.525204, 194.11600479999998
1701366906885, 2023-11-30T17:55:06.885Z, 1224.029346, 201.5371396
1701366906901, 2023-11-30T17:55:06.901Z, 1242.3641558, 202.706528
1701366906948, 2023-11-30T17:55:06.948Z, 1250.7597162, 201.5659796
1701366906995, 2023-11-30T17:55:06.995Z, 1254.0908894, 200.70639739999996
1701366907027, 2023-11-30T17:55:07.027Z, 1257.2970672, 200.94642159999998
1701366907043, 2023-11-30T17:55:07.043Z, 1255.3636366, 202.604704
1701366907073, 2023-11-30T17:55:07.073Z, 1257.7845513999998, 206.9095044
1701366907119, 2023-11-30T17:55:07.119Z, 1262.6982666, 213.1670774
1701366907135, 2023-11-30T17:55:07.135Z, 1269.0484456, 218.6431084
1701366907166, 2023-11-30T17:55:07.166Z, 1274.5288845999999, 225.780288
1701366907181, 2023-11-30T17:55:07.181Z, 1283.2310346000002, 234.051451
1701366907198, 2023-11-30T17:55:07.198Z, 1293.4602393999999, 241.8580086
1701366907214, 2023-11-30T17:55:07.214Z, 1306.1097328, 243.27744760000002
1701366907242, 2023-11-30T17:55:07.242Z, 1306.882446, 240.552845
1701366907262, 2023-11-30T17:55:07.262Z, 1304.2522348, 237.84723300000002
1701366907294, 2023-11-30T17:55:07.294Z, 1302.0331942, 233.889121
1701366907308, 2023-11-30T17:55:07.308Z, 1292.6786399999996, 232.89712279999998
1701366907337, 2023-11-30T17:55:07.337Z, 1275.3945878, 240.51224280000002
1701366907353, 2023-11-30T17:55:07.353Z, 1268.9151964, 251.3586018
1701366907392, 2023-11-30T17:55:07.392Z, 1265.3441294, 260.2952542
1701366907430, 2023-11-30T17:55:07.430Z, 1257.1625884, 270.3770648
1701366907445, 2023-11-30T17:55:07.445Z, 1251.9268103999998, 277.2601214
1701366907477, 2023-11-30T17:55:07.477Z, 1248.810047, 274.7885946
1701366907493, 2023-11-30T17:55:07.493Z, 1245.7826309999998, 271.178262
1701366907523, 2023-11-30T17:55:07.523Z, 1200.44501, 261.97153820000005
1701366907557, 2023-11-30T17:55:07.557Z, 1153.138925, 253.56611359999997
1701366907585, 2023-11-30T17:55:07.585Z, 1104.1503676, 246.20692000000003
1701366907617, 2023-11-30T17:55:07.617Z, 1055.4120674, 249.03787119999998
1701366907666, 2023-11-30T17:55:07.666Z, 1003.1308624000001, 251.29189820000002
1701366907695, 2023-11-30T17:55:07.695Z, 995.4897002, 256.7985802
1701366907710, 2023-11-30T17:55:07.710Z, 990.2308120000001, 259.9080788
1701366907742, 2023-11-30T17:55:07.742Z, 982.8006154000001, 258.091907
1701366907758, 2023-11-30T17:55:07.758Z, 975.7139654, 250.85389
1701366907790, 2023-11-30T17:55:07.790Z, 971.6793728, 246.16590839999998
1701366907804, 2023-11-30T17:55:07.804Z, 967.6021305999999, 242.66099060000002
1701366907842, 2023-11-30T17:55:07.842Z, 964.6062414, 240.77791259999998
1701366907883, 2023-11-30T17:55:07.883Z, 965.2640166000001, 242.25557039999998
1701366907898, 2023-11-30T17:55:07.898Z, 966.3659029999999, 243.63050600000003
1701366907917, 2023-11-30T17:55:07.917Z, 967.8455721999999, 244.17488400000002
1701366907931, 2023-11-30T17:55:07.931Z, 968.4400078000001, 245.93160279999998
1701366907976, 2023-11-30T17:55:07.976Z, 968.2354434000001, 246.7630042
1701366908009, 2023-11-30T17:55:08.009Z, 970.1380664000001, 247.9449384
1701366908025, 2023-11-30T17:55:08.025Z, 975.244753, 249.960667
1701366908055, 2023-11-30T17:55:08.055Z, 1021.3400034, 274.1876404
1701366908071, 2023-11-30T17:55:08.071Z, 1086.4382672, 311.1932946
1701366908100, 2023-11-30T17:55:08.100Z, 1150.2996412, 345.59879520000004
1701366908118, 2023-11-30T17:55:08.118Z, 1211.9108302, 378.466352
1701366908157, 2023-11-30T17:55:08.157Z, 1269.8818568000002, 409.5118142
1701366908194, 2023-11-30T17:55:08.194Z, 1287.9321948, 419.05419059999997
1701366908209, 2023-11-30T17:55:08.209Z, 1285.9900716, 414.85955680000006
1701366908255, 2023-11-30T17:55:08.255Z, 1281.5268594, 415.1320104
1701366908294, 2023-11-30T17:55:08.294Z, 1274.7082395999998, 417.78599940000004
1701366908335, 2023-11-30T17:55:08.335Z, 1267.9958556, 420.866085
1701366908349, 2023-11-30T17:55:08.349Z, 1260.265815, 423.250098
1701366908367, 2023-11-30T17:55:08.367Z, 1252.7542686, 426.4437852
1701366908397, 2023-11-30T17:55:08.397Z, 1248.7536286, 428.4314188
1701366908413, 2023-11-30T17:55:08.413Z, 1248.278753, 428.9380698
1701366908457, 2023-11-30T17:55:08.457Z, 1250.5247388, 427.3889679999999
1701366908509, 2023-11-30T17:55:08.509Z, 1254.3356509999999, 423.66787480000005
1701366908525, 2023-11-30T17:55:08.525Z, 1258.9169968, 418.63286739999995
1701366908555, 2023-11-30T17:55:08.555Z, 1262.6045304, 417.5344932
1701366908570, 2023-11-30T17:55:08.570Z, 1265.7008768, 415.15745719999995
1701366908592, 2023-11-30T17:55:08.592Z, 1266.4616372, 416.82656740000004
1701366908637, 2023-11-30T17:55:08.637Z, 1262.8954062, 421.3057246
1701366908663, 2023-11-30T17:55:08.663Z, 1259.3843526, 425.7435466
1701366908693, 2023-11-30T17:55:08.693Z, 1256.3446832000002, 425.45797159999995
1701366908708, 2023-11-30T17:55:08.708Z, 1253.834171, 425.9553976
1701366908743, 2023-11-30T17:55:08.743Z, 1252.322396, 426.420246
1701366908788, 2023-11-30T17:55:08.788Z, 1254.8148664, 425.45743600000003
1701366908817, 2023-11-30T17:55:08.817Z, 1264.1951648, 424.7114154000001
1701366908835, 2023-11-30T17:55:08.835Z, 1273.6835082, 424.0761354
1701366908864, 2023-11-30T17:55:08.864Z, 1281.9862848, 423.2660786
1701366908911, 2023-11-30T17:55:08.911Z, 1294.9380814, 423.45121179999995
1701366908927, 2023-11-30T17:55:08.927Z, 1329.7258728000002, 430.668524
1701366908957, 2023-11-30T17:55:08.957Z, 1381.2458609999999, 437.59151039999995
1701366908974, 2023-11-30T17:55:08.974Z, 1448.3316786, 440.190911
1701366909025, 2023-11-30T17:55:09.025Z, 1497.0419506, 444.5517938
1701366909037, 2023-11-30T17:55:09.037Z, 1539.3481036, 446.98313859999996
1701366909061, 2023-11-30T17:55:09.061Z, 1557.1920488, 440.75220580000007
1701366909101, 2023-11-30T17:55:09.101Z, 1549.2259862, 432.79991959999995
1701366909147, 2023-11-30T17:55:09.147Z, 1526.4066502, 420.49128540000004
1701366909225, 2023-11-30T17:55:09.225Z, 1523.7838117999997, 396.7529826
1701366909273, 2023-11-30T17:55:09.273Z, 1518.0097172, 394.83904399999994
1701366909320, 2023-11-30T17:55:09.320Z, 1516.6422984, 389.7544888
1701366909368, 2023-11-30T17:55:09.368Z, 1532.5185328000002, 408.4757364
1701366909383, 2023-11-30T17:55:09.383Z, 1550.9567418000001, 445.4599292
1701366909403, 2023-11-30T17:55:09.403Z, 1503.5150018, 507.1225386
1701366909432, 2023-11-30T17:55:09.432Z, 1477.251671, 543.5358514000001
1701366909449, 2023-11-30T17:55:09.449Z, 1423.062524, 589.2345064
1701366909481, 2023-11-30T17:55:09.481Z, 1354.1596270000002, 607.3357784000001
1701366909495, 2023-11-30T17:55:09.495Z, 1280.6675725999999, 615.8744234000001
1701366909525, 2023-11-30T17:55:09.525Z, 1261.3183262, 611.5355998
1701366909542, 2023-11-30T17:55:09.542Z, 1223.7652211999998, 610.5369074
1701366909592, 2023-11-30T17:55:09.592Z, 1198.4735196000001, 605.8938612000001
1701366909745, 2023-11-30T17:55:09.745Z, 1220.4437148, 590.2011319999999
1701366909777, 2023-11-30T17:55:09.777Z, 1237.402603, 574.4831154
1701366909809, 2023-11-30T17:55:09.809Z, 1261.7733474000001, 557.2161892
1701366909840, 2023-11-30T17:55:09.840Z, 1286.4269952, 539.9791794
1701366909857, 2023-11-30T17:55:09.857Z, 1312.152518, 525.7947058
1701366909872, 2023-11-30T17:55:09.872Z, 1284.8861726, 526.4434838
1701366909902, 2023-11-30T17:55:09.902Z, 1223.1680356, 531.7580754
1701366909918, 2023-11-30T17:55:09.918Z, 1162.5529916, 538.7226676
1701366909966, 2023-11-30T17:55:09.966Z, 1108.2043418, 545.1678538
1701366909995, 2023-11-30T17:55:09.995Z, 1092.9366232, 543.7258770000001
1701366910011, 2023-11-30T17:55:10.011Z, 1070.9931626, 546.6174644
1701366910041, 2023-11-30T17:55:10.041Z, 1098.1348522, 543.995027
1701366910058, 2023-11-30T17:55:10.058Z, 1130.5283082, 538.820914
1701366910093, 2023-11-30T17:55:10.093Z, 1121.4551135999998, 539.1491334
1701366910122, 2023-11-30T17:55:10.122Z, 1107.8469381999998, 539.4687422
1701366910150, 2023-11-30T17:55:10.150Z, 1085.0319396, 539.3083100000001
1701366910166, 2023-11-30T17:55:10.166Z, 1040.4539135999999, 541.1981784
1701366910184, 2023-11-30T17:55:10.184Z, 993.12385, 544.0771072
1701366910213, 2023-11-30T17:55:10.213Z, 981.3795408, 541.3755113999999
1701366910262, 2023-11-30T17:55:10.262Z, 946.2355726, 545.3639256
1701366910276, 2023-11-30T17:55:10.276Z, 931.4864312, 548.0094524
1701366910308, 2023-11-30T17:55:10.308Z, 928.6327068, 549.81328
1701366910324, 2023-11-30T17:55:10.324Z, 925.3575302000002, 551.889058
1701366910355, 2023-11-30T17:55:10.355Z, 922.6551136, 555.400368
1701366910370, 2023-11-30T17:55:10.370Z, 920.7887006000001, 558.5518044
1701366910392, 2023-11-30T17:55:10.392Z, 921.6147402, 561.5571164
1701366910447, 2023-11-30T17:55:10.447Z, 926.4197435999998, 563.5710366000001
1701366910462, 2023-11-30T17:55:10.462Z, 934.7668098, 564.7994142
1701366910510, 2023-11-30T17:55:10.510Z, 975.6187211999999, 559.385183
1701366910545, 2023-11-30T17:55:10.545Z, 1028.0140489999999, 549.9201966
1701366910573, 2023-11-30T17:55:10.573Z, 1079.9963939999998, 543.1902736
1701366910589, 2023-11-30T17:55:10.589Z, 1129.963598, 536.9221214000002
1701366910619, 2023-11-30T17:55:10.619Z, 1116.3761844, 560.4281172
1701366910635, 2023-11-30T17:55:10.635Z, 1118.9606244000001, 576.3356758
1701366910666, 2023-11-30T17:55:10.666Z, 1113.0528694, 593.6509556000001
1701366910711, 2023-11-30T17:55:10.711Z, 1134.7093254000001, 598.1912743999999
1701366910727, 2023-11-30T17:55:10.727Z, 1160.1016528, 602.1354036
1701366910758, 2023-11-30T17:55:10.758Z, 1249.4121638000001, 575.4737769999999
1701366910774, 2023-11-30T17:55:10.774Z, 1288.7794184, 561.0604738
1701366910824, 2023-11-30T17:55:10.824Z, 1313.4096328, 546.1325554000001
1701366910843, 2023-11-30T17:55:10.843Z, 1294.5668389999998, 540.300864
1701366910867, 2023-11-30T17:55:10.867Z, 1237.1592773999998, 538.713986
1701366910888, 2023-11-30T17:55:10.888Z, 1149.9794247999998, 540.2333194
1701366910915, 2023-11-30T17:55:10.915Z, 1063.9848782, 542.9784106
1701366910930, 2023-11-30T17:55:10.930Z, 989.5250006, 547.4044328
1701366910960, 2023-11-30T17:55:10.960Z, 929.4240507999999, 552.9715818
1701366910993, 2023-11-30T17:55:10.993Z, 904.8353713999999, 554.9417558
1701370003008, 2023-11-30T18:46:43.008Z, 133.7679218, 805.2510786
1701370003041, 2023-11-30T18:46:43.041Z, 145.663731, 806.2261056
1701370003055, 2023-11-30T18:46:43.055Z, 163.3702222, 806.4668756
1701370003086, 2023-11-30T18:46:43.086Z, 120.3922098, 801.2740028000001
1701370003132, 2023-11-30T18:46:43.132Z, 127.1489918, 793.0702674
1701370003148, 2023-11-30T18:46:43.148Z, 137.973821, 789.2412896
1701370003168, 2023-11-30T18:46:43.168Z, 150.89535419999999, 789.4776122000001
1701370003197, 2023-11-30T18:46:43.197Z, 163.5193916, 790.0766018
1701370003233, 2023-11-30T18:46:43.233Z, 178.48280699999998, 790.7592854000001
1701370003246, 2023-11-30T18:46:43.246Z, 189.77335319999997, 791.2102150000001
1701370003259, 2023-11-30T18:46:43.259Z, 196.76750619999999, 790.6685685999998
1701370003275, 2023-11-30T18:46:43.275Z, 200.8381574, 789.8278035999999
1701370003306, 2023-11-30T18:46:43.306Z, 208.0135894, 788.5786267999999
1701370003321, 2023-11-30T18:46:43.321Z, 211.30547079999997, 786.9384028000001
1701370003352, 2023-11-30T18:46:43.352Z, 214.18116500000002, 785.9239306
1701370003368, 2023-11-30T18:46:43.368Z, 216.8024522, 786.2111592
1701370003415, 2023-11-30T18:46:43.415Z, 217.12457260000002, 787.1485055999999
1701370003448, 2023-11-30T18:46:43.448Z, 213.7161148, 787.7984984000001
1701370003463, 2023-11-30T18:46:43.463Z, 210.52397499999998, 788.4020982
1701370003493, 2023-11-30T18:46:43.493Z, 209.68655859999998, 786.9341715999999
1701370003509, 2023-11-30T18:46:43.509Z, 208.71137600000003, 785.76041
1701370003527, 2023-11-30T18:46:43.527Z, 209.18904360000002, 784.7977785999999
1701370003587, 2023-11-30T18:46:43.587Z, 197.8413894, 782.4162322
1701370003635, 2023-11-30T18:46:43.635Z, 181.13723840000003, 777.8956466
1701370003665, 2023-11-30T18:46:43.665Z, 198.18537220000002, 784.6183156000001
1701370003681, 2023-11-30T18:46:43.681Z, 216.3013794, 793.6131492000001
1701370003708, 2023-11-30T18:46:43.708Z, 232.7153116, 801.8337026
1701370003730, 2023-11-30T18:46:43.730Z, 262.5410402, 811.6614042
1701370003761, 2023-11-30T18:46:43.761Z, 296.48656359999995, 823.7923248000001
1701370003776, 2023-11-30T18:46:43.776Z, 294.1705862, 825.9515960000001
1701370003810, 2023-11-30T18:46:43.810Z, 290.4908324, 825.8886431999999
1701370003822, 2023-11-30T18:46:43.822Z, 289.2936452, 825.0694805999999
1701370003858, 2023-11-30T18:46:43.858Z, 284.2389738, 829.423435
1701370003887, 2023-11-30T18:46:43.887Z, 279.3897118, 833.0332566000001
1701370003903, 2023-11-30T18:46:43.903Z, 274.85815660000003, 836.2033872
1701370003941, 2023-11-30T18:46:43.941Z, 269.940927, 838.9572753999998
1701370003965, 2023-11-30T18:46:43.965Z, 265.53569920000007, 842.1976622
1701370003982, 2023-11-30T18:46:43.982Z, 261.65267040000003, 839.7541566
1701370004030, 2023-11-30T18:46:44.030Z, 250.90820500000004, 834.8944832
1701370004044, 2023-11-30T18:46:44.044Z, 213.86435280000006, 824.710401
1701370004075, 2023-11-30T18:46:44.075Z, 201.46602000000001, 819.8376679999999
1701370004091, 2023-11-30T18:46:44.091Z, 249.7899316, 828.0818481999999
1701370004121, 2023-11-30T18:46:44.121Z, 280.239052, 833.7621283999999
1701370004137, 2023-11-30T18:46:44.137Z, 308.7228056, 840.5082743999999
1701370004161, 2023-11-30T18:46:44.161Z, 362.84708520000004, 852.5760598
1701370004185, 2023-11-30T18:46:44.185Z, 396.17137599999995, 860.7641006000001
1701370004203, 2023-11-30T18:46:44.203Z, 389.8208548, 860.2694286
1701370004234, 2023-11-30T18:46:44.234Z, 397.6129476, 861.9023652
1701370004248, 2023-11-30T18:46:44.248Z, 374.27820959999997, 856.0079888
1701370004266, 2023-11-30T18:46:44.266Z, 339.641915, 847.4314898
1701370004316, 2023-11-30T18:46:44.316Z, 269.2014886, 830.2324302000001
1701370004358, 2023-11-30T18:46:44.358Z, 209.4005796, 788.3612236
1701370004390, 2023-11-30T18:46:44.390Z, 136.621839, 748.0163062
1701370004438, 2023-11-30T18:46:44.438Z, 93.9391916, 720.8096422
1701370004517, 2023-11-30T18:46:44.517Z, 76.42640800000001, 720.774353
1701370004547, 2023-11-30T18:46:44.547Z, 92.5479896, 727.8222806
1701370004563, 2023-11-30T18:46:44.563Z, 76.62340979999999, 754.7381113999999
1701370004580, 2023-11-30T18:46:44.580Z, 79.908002, 781.4647656
1701370004606, 2023-11-30T18:46:44.606Z, 91.48678759999999, 800.4689296
1701370004629, 2023-11-30T18:46:44.629Z, 75.84661580000001, 791.7184527999999
1701370004660, 2023-11-30T18:46:44.660Z, 61.237931, 782.996717
1701370004676, 2023-11-30T18:46:44.676Z, 69.6488456, 778.4419547999998
1701370004708, 2023-11-30T18:46:44.708Z, 88.2554858, 777.586194
1701370004723, 2023-11-30T18:46:44.723Z, 107.94035079999999, 780.2514630000001
1701370004758, 2023-11-30T18:46:44.758Z, 145.95546, 787.4988569999999
1701370004800, 2023-11-30T18:46:44.800Z, 182.6868778, 795.8161334
1701370004817, 2023-11-30T18:46:44.817Z, 196.894722, 800.5197274
1701370004832, 2023-11-30T18:46:44.832Z, 202.63445299999998, 801.1741983999999
1701370004848, 2023-11-30T18:46:44.848Z, 210.93921760000003, 799.9380168
1701370004881, 2023-11-30T18:46:44.881Z, 216.073369, 797.6774632
1701370004941, 2023-11-30T18:46:44.941Z, 225.77525480000003, 795.1221336000001
1701370004973, 2023-11-30T18:46:44.973Z, 235.94776819999998, 794.050219
1701370004989, 2023-11-30T18:46:44.989Z, 244.7868532, 794.075364
1701370005020, 2023-11-30T18:46:45.020Z, 254.97328639999995, 794.9502214
1701370005036, 2023-11-30T18:46:45.036Z, 264.7443722, 796.9000582
1701370005059, 2023-11-30T18:46:45.059Z, 269.903194, 798.6685572
1701370005083, 2023-11-30T18:46:45.083Z, 275.263537, 799.349173
1701370005115, 2023-11-30T18:46:45.115Z, 282.5703716, 800.9468552000001
1701370005131, 2023-11-30T18:46:45.131Z, 287.03244780000006, 804.2395872000001
1701370005162, 2023-11-30T18:46:45.162Z, 289.3110644, 807.0295939999999
1701370005177, 2023-11-30T18:46:45.177Z, 291.2184774, 809.8460658
1701370005209, 2023-11-30T18:46:45.209Z, 278.99263299999996, 810.3694154000001
1701370005241, 2023-11-30T18:46:45.241Z, 242.27092240000002, 805.650477
1701370005258, 2023-11-30T18:46:45.258Z, 201.780686, 799.1353692
1701370005292, 2023-11-30T18:46:45.292Z, 152.7924198, 790.9812654
1701370005325, 2023-11-30T18:46:45.325Z, 102.7316658, 782.0493081999999
1701370005392, 2023-11-30T18:46:45.392Z, 65.3467508, 777.8329037999999
1701370005403, 2023-11-30T18:46:45.403Z, 49.854849, 777.067986
1701370005430, 2023-11-30T18:46:45.430Z, 38.424398800000006, 776.6374168
1701370005446, 2023-11-30T18:46:45.446Z, 86.627611, 787.3659828
1701370005480, 2023-11-30T18:46:45.480Z, 140.22626680000002, 799.4943094
1701370005494, 2023-11-30T18:46:45.494Z, 195.9321026, 809.2297447999999
1701370005510, 2023-11-30T18:46:45.510Z, 251.2501222, 819.0624764
1701370005524, 2023-11-30T18:46:45.524Z, 297.7236684, 828.4554986
1701370005555, 2023-11-30T18:46:45.555Z, 269.469647, 826.2405784
1701370005570, 2023-11-30T18:46:45.570Z, 228.753399, 822.2806224
1701370005600, 2023-11-30T18:46:45.600Z, 186.1962402, 817.2146134000001
1701370005656, 2023-11-30T18:46:45.656Z, 148.71301079999998, 811.6846459999999
1701370005697, 2023-11-30T18:46:45.697Z, 125.05129059999999, 807.2380129999999
1701370005710, 2023-11-30T18:46:45.710Z, 128.8415078, 804.667254
1701370005740, 2023-11-30T18:46:45.740Z, 141.2260284, 799.4729202000001
1701370005755, 2023-11-30T18:46:45.755Z, 153.23545359999997, 795.5124118000001
1701370005786, 2023-11-30T18:46:45.786Z, 160.34698899999998, 792.5125422
1701370005849, 2023-11-30T18:46:45.849Z, 208.02730160000002, 763.5503638
1701370005880, 2023-11-30T18:46:45.880Z, 362.7529996, 666.5434636
1701370005896, 2023-11-30T18:46:45.896Z, 515.1542254, 561.8300016000001
1701370005918, 2023-11-30T18:46:45.918Z, 667.9677266000001, 457.42212520000004
1701370005945, 2023-11-30T18:46:45.945Z, 821.7518046000001, 350.96734779999997
1701370005958, 2023-11-30T18:46:45.958Z, 927.492123, 275.85772959999997
1701370005975, 2023-11-30T18:46:45.975Z, 933.0945257999999, 271.2093146
1701370006005, 2023-11-30T18:46:46.005Z, 945.988257, 274.5435072
1701370006021, 2023-11-30T18:46:46.021Z, 965.4963398, 281.6083362
1701370006053, 2023-11-30T18:46:46.053Z, 975.7490148, 288.41802859999996
1701370006069, 2023-11-30T18:46:46.069Z, 997.1338394, 293.17693479999997
1701370006288, 2023-11-30T18:46:46.288Z, 1065.6100494, 303.5633672
1701370006318, 2023-11-30T18:46:46.318Z, 1052.979201, 301.7142344
1701370006335, 2023-11-30T18:46:46.335Z, 1049.9541872000002, 297.6643674
1701370006365, 2023-11-30T18:46:46.365Z, 1049.4627026000003, 294.2718306
1701370006382, 2023-11-30T18:46:46.382Z, 1053.4416354, 290.5161112
1701370006414, 2023-11-30T18:46:46.414Z, 994.0412329999999, 275.525243
1701370006430, 2023-11-30T18:46:46.430Z, 1023.6258246, 283.74024479999997
1701370006460, 2023-11-30T18:46:46.460Z, 1035.4287394, 288.86714700000005
1701370006477, 2023-11-30T18:46:46.477Z, 1057.6214296, 295.2092338
1701370006508, 2023-11-30T18:46:46.508Z, 1053.7515492, 295.72366039999997
1701370006524, 2023-11-30T18:46:46.524Z, 1067.9129928, 302.22837139999996
1701370006571, 2023-11-30T18:46:46.571Z, 1053.1163198, 297.4744258
1701370006587, 2023-11-30T18:46:46.587Z, 1030.4747934, 289.0276414
1701370006602, 2023-11-30T18:46:46.602Z, 1006.9145695999999, 281.79305800000003
1701370006633, 2023-11-30T18:46:46.633Z, 995.3400578000001, 277.1055292
1701370006649, 2023-11-30T18:46:46.649Z, 984.475417, 273.73352279999995
1701370006680, 2023-11-30T18:46:46.680Z, 986.1436784000001, 272.3543832
1701370006728, 2023-11-30T18:46:46.728Z, 987.613814, 271.66794279999993
1701370006743, 2023-11-30T18:46:46.743Z, 997.6587276, 273.7230138
1701370006775, 2023-11-30T18:46:46.775Z, 997.3714823999999, 267.3344906
1701370006821, 2023-11-30T18:46:46.821Z, 985.4075983999999, 257.379958
1701370006838, 2023-11-30T18:46:46.838Z, 978.3915489999999, 250.21704540000002
1701370006856, 2023-11-30T18:46:46.856Z, 975.3743782000001, 251.99311699999998
1701370006884, 2023-11-30T18:46:46.884Z, 981.7337744, 257.1864318
1701370006901, 2023-11-30T18:46:46.901Z, 958.1240276000001, 282.8769058
1701370006933, 2023-11-30T18:46:46.933Z, 917.1555746, 311.4098278
1701370006947, 2023-11-30T18:46:46.947Z, 857.902988, 341.36310779999997
1701370006963, 2023-11-30T18:46:46.963Z, 770.0065506, 367.0245032
1701370007006, 2023-11-30T18:46:47.006Z, 611.1452598, 390.561676
1701370007043, 2023-11-30T18:46:47.043Z, 466.4303994, 408.4242934
1701370007057, 2023-11-30T18:46:47.057Z, 342.8400416, 421.0481487999999
1701370007088, 2023-11-30T18:46:47.088Z, 234.96053539999997, 424.4520415999999
1701370007104, 2023-11-30T18:46:47.104Z, 161.4959724, 427.287979
1701370007135, 2023-11-30T18:46:47.135Z, 138.264598, 428.50918540000004
1701370007181, 2023-11-30T18:46:47.181Z, 143.07774899999998, 426.2106516
1701370007198, 2023-11-30T18:46:47.198Z, 143.1167618, 424.123891
1701370007229, 2023-11-30T18:46:47.229Z, 139.1458856, 431.9285264
1701370007244, 2023-11-30T18:46:47.244Z, 148.60406940000001, 440.06656899999996
1701370007262, 2023-11-30T18:46:47.262Z, 154.61881, 442.5303078
1701370007276, 2023-11-30T18:46:47.276Z, 156.09774580000004, 441.69167219999997
1701370007306, 2023-11-30T18:46:47.306Z, 138.14551360000002, 436.6121674
1701370007646, 2023-11-30T18:46:47.646Z, 150.6968312, 424.7607816
1701370007679, 2023-11-30T18:46:47.679Z, 141.86733480000004, 410.83673419999997
1701370007692, 2023-11-30T18:46:47.692Z, 135.55729100000002, 396.9363364
1701370007712, 2023-11-30T18:46:47.712Z, 120.6824112, 384.80669240000003
1701370007742, 2023-11-30T18:46:47.742Z, 146.84039220000003, 379.28518399999996
1701370007755, 2023-11-30T18:46:47.755Z, 118.53903800000003, 385.8445104
1701370007771, 2023-11-30T18:46:47.771Z, 90.6467798, 385.9416854
1701370008034, 2023-11-30T18:46:48.034Z, 62.080499999999994, 376.7841592000001
1701370008080, 2023-11-30T18:46:48.080Z, 73.4744038, 373.9777452
1701370008096, 2023-11-30T18:46:48.096Z, 81.604573, 376.136849
1701370008127, 2023-11-30T18:46:48.127Z, 121.870991, 372.7152714
1701370008143, 2023-11-30T18:46:48.143Z, 164.5101088, 375.8574504
1701370008160, 2023-11-30T18:46:48.160Z, 207.73913539999998, 391.03069519999997
1701370008190, 2023-11-30T18:46:48.190Z, 228.78495159999997, 400.6778662
1701370008206, 2023-11-30T18:46:48.206Z, 230.005841, 400.3457482
1701370008220, 2023-11-30T18:46:48.220Z, 226.35979579999997, 396.69628780000005
1701370008252, 2023-11-30T18:46:48.252Z, 229.19247880000003, 393.672303
1701370008267, 2023-11-30T18:46:48.267Z, 240.690436, 388.545751
1701370008300, 2023-11-30T18:46:48.300Z, 241.12080759999998, 383.499913
1701370008314, 2023-11-30T18:46:48.314Z, 246.1654152, 383.1014054
1701370008357, 2023-11-30T18:46:48.357Z, 257.2816546, 384.2103842
1701370008394, 2023-11-30T18:46:48.394Z, 267.07948780000004, 386.76471860000004
1701370008409, 2023-11-30T18:46:48.409Z, 268.655587, 391.8935208
1701370008440, 2023-11-30T18:46:48.440Z, 275.5183962, 395.7539312
1701370008455, 2023-11-30T18:46:48.455Z, 280.4111606, 398.9906163999999
1701370008486, 2023-11-30T18:46:48.486Z, 281.2720346, 398.9872735999999
1701370008533, 2023-11-30T18:46:48.533Z, 282.1364926, 396.9496134
1701370008548, 2023-11-30T18:46:48.548Z, 282.5452328, 393.75983319999995
1701370008565, 2023-11-30T18:46:48.565Z, 281.425478, 388.21619
1701370008595, 2023-11-30T18:46:48.595Z, 280.8540172, 383.67540840000004
1701370008626, 2023-11-30T18:46:48.626Z, 281.45044299999995, 380.5375786
1701370008672, 2023-11-30T18:46:48.672Z, 286.208005, 377.93892160000007
1701370008704, 2023-11-30T18:46:48.704Z, 291.8906768, 374.4526182
1701370008720, 2023-11-30T18:46:48.720Z, 299.32580440000004, 373.6427384
1701370008752, 2023-11-30T18:46:48.752Z, 305.1209354, 373.66660979999995
1701370008767, 2023-11-30T18:46:48.767Z, 309.06026840000004, 374.1422996
1701370009001, 2023-11-30T18:46:49.001Z, 315.26273840000005, 461.617439
1701370009017, 2023-11-30T18:46:49.017Z, 313.70089360000003, 553.9025260000001
1701370009033, 2023-11-30T18:46:49.033Z, 313.76600419999994, 646.8141973999999
1701370009063, 2023-11-30T18:46:49.063Z, 308.4053402, 738.3892064
1701370009079, 2023-11-30T18:46:49.079Z, 276.64329399999997, 829.8342746000001
1701370009441, 2023-11-30T18:46:49.441Z, 239.23473440000004, 834.5307022
1701370009473, 2023-11-30T18:46:49.473Z, 207.90629359999997, 841.6572902
1701370009487, 2023-11-30T18:46:49.487Z, 174.9936222, 847.819872
1701370009519, 2023-11-30T18:46:49.519Z, 148.6827126, 853.4678892
1701370009535, 2023-11-30T18:46:49.535Z, 148.5885838, 859.5179668000001
1701370009557, 2023-11-30T18:46:49.557Z, 147.6457884, 866.1684126
1701370009580, 2023-11-30T18:46:49.580Z, 147.98569820000003, 867.2747493999999
1701370009612, 2023-11-30T18:46:49.612Z, 146.95615279999998, 869.0799448
1701370009627, 2023-11-30T18:46:49.627Z, 146.1986794, 871.8219402000001
1701370009659, 2023-11-30T18:46:49.659Z, 145.1169226, 874.4283522
1701370009673, 2023-11-30T18:46:49.673Z, 143.6310618, 876.6083744000001
1701370009707, 2023-11-30T18:46:49.707Z, 131.0806872, 879.2002104000001
1701370009736, 2023-11-30T18:46:49.736Z, 152.7520546, 885.519669
1701370009752, 2023-11-30T18:46:49.752Z, 163.98242199999999, 888.2805186000002
1701370009782, 2023-11-30T18:46:49.782Z, 181.7114116, 892.9097840000001
1701370009798, 2023-11-30T18:46:49.798Z, 191.34761120000002, 896.8317824
1701370009876, 2023-11-30T18:46:49.876Z, 207.2559832, 901.9434798
1701370009938, 2023-11-30T18:46:49.938Z, 190.26176700000002, 896.7474318000001
1701370009969, 2023-11-30T18:46:49.969Z, 185.4112232, 896.1239642
1701370009983, 2023-11-30T18:46:49.983Z, 170.9779242, 892.7449651999999
1701370010030, 2023-11-30T18:46:50.030Z, 151.92057440000002, 887.3454853999999
1701370010076, 2023-11-30T18:46:50.076Z, 142.212032, 878.8417344
1701370010107, 2023-11-30T18:46:50.107Z, 154.0245052, 881.4214556
1701370010123, 2023-11-30T18:46:50.123Z, 158.7594042, 880.0213208000001
1701370010158, 2023-11-30T18:46:50.158Z, 172.5472332, 880.4080376
1701370010186, 2023-11-30T18:46:50.186Z, 201.1805824, 882.774796
1701370010216, 2023-11-30T18:46:50.216Z, 225.27330700000002, 885.2621276
1701370010231, 2023-11-30T18:46:50.231Z, 231.0553888, 880.5510113999999
1701370010247, 2023-11-30T18:46:50.247Z, 247.73839619999998, 875.3260938
1701370010279, 2023-11-30T18:46:50.279Z, 359.1240338, 790.1426508000001
1701370010325, 2023-11-30T18:46:50.325Z, 473.0262612, 701.8212809999999
1701370010344, 2023-11-30T18:46:50.344Z, 589.511105, 614.3844947999999
1701370010375, 2023-11-30T18:46:50.375Z, 736.5052956, 517.0573912
1701370010388, 2023-11-30T18:46:50.388Z, 893.2575917999999, 431.1284044
1701370010418, 2023-11-30T18:46:50.418Z, 951.5200375999999, 425.8648144
1701370010434, 2023-11-30T18:46:50.434Z, 1004.931092, 423.1454898
1701370010457, 2023-11-30T18:46:50.457Z, 1049.2701359999999, 420.4401818
1701370010500, 2023-11-30T18:46:50.500Z, 1056.3296596, 426.72355580000004
1701370010515, 2023-11-30T18:46:50.515Z, 1062.3013589999998, 425.10565160000004
1701370010546, 2023-11-30T18:46:50.546Z, 1075.614275, 418.3730542
1701370010577, 2023-11-30T18:46:50.577Z, 1088.9283704000002, 412.884054
1701370010609, 2023-11-30T18:46:50.609Z, 1110.9822086, 406.4087216
1701370010639, 2023-11-30T18:46:50.639Z, 1136.5502060000001, 404.62194259999995
1701370010653, 2023-11-30T18:46:50.653Z, 1147.5670012000003, 401.51818499999996
1701370010683, 2023-11-30T18:46:50.683Z, 1148.9851228, 400.9186244
1701370010698, 2023-11-30T18:46:50.698Z, 1149.9002110000001, 399.2143554
1701370010730, 2023-11-30T18:46:50.730Z, 1150.2496646, 400.2819862
1701370010777, 2023-11-30T18:46:50.777Z, 1150.8753519999998, 399.9857972
1701370010792, 2023-11-30T18:46:50.792Z, 1150.3216564, 401.56519919999994
1701370010825, 2023-11-30T18:46:50.825Z, 1154.8442896000001, 406.27744900000005
1701370010843, 2023-11-30T18:46:50.843Z, 1160.5793331999998, 412.0318152000001
1701370010870, 2023-11-30T18:46:50.870Z, 1163.8008768, 413.67229019999996
1701370010885, 2023-11-30T18:46:50.885Z, 1167.686234, 415.12638640000006
1701370010912, 2023-11-30T18:46:50.912Z, 1174.1315029999998, 410.9286016
1701370010932, 2023-11-30T18:46:50.932Z, 1176.0112456, 405.1817908
1701370010954, 2023-11-30T18:46:50.954Z, 1178.4046994, 400.109126
1701370010965, 2023-11-30T18:46:50.965Z, 1188.957024, 400.5950138
1701370010998, 2023-11-30T18:46:50.998Z, 1193.0502552, 398.44165380000004
1701423293022, 2023-12-01T09:34:53.022Z, 186.7591694, 483.6054532
1701423293037, 2023-12-01T09:34:53.037Z, 188.2757564, 451.2806332
1701423293077, 2023-12-01T09:34:53.077Z, 181.6627834, 432.80996400000004
1701423293092, 2023-12-01T09:34:53.092Z, 207.70020960000002, 415.5896616
1701423293123, 2023-12-01T09:34:53.123Z, 233.40331099999997, 395.45970659999995
1701423293138, 2023-12-01T09:34:53.138Z, 266.8174338, 372.0330244
1701423293170, 2023-12-01T09:34:53.170Z, 326.6876096, 348.0732006
1701423293202, 2023-12-01T09:34:53.202Z, 397.0150364, 327.7790386
1701423293217, 2023-12-01T09:34:53.217Z, 454.7560308, 320.374482
1701423293248, 2023-12-01T09:34:53.248Z, 510.7200656, 315.1049766
1701423293264, 2023-12-01T09:34:53.264Z, 560.4702719999999, 317.11397539999996
1701423293296, 2023-12-01T09:34:53.296Z, 575.5288122, 322.03578699999997
1701423293390, 2023-12-01T09:34:53.390Z, 567.636906, 326.0398397999999
1701423293408, 2023-12-01T09:34:53.408Z, 522.6362482, 330.1294778
1701423293424, 2023-12-01T09:34:53.424Z, 476.08815539999995, 336.9067902
1701423293452, 2023-12-01T09:34:53.452Z, 436.1694036, 337.976982
1701423293500, 2023-12-01T09:34:53.500Z, 404.1584446, 339.30326779999996
1701423293516, 2023-12-01T09:34:53.516Z, 395.4674784, 339.11338259999997
1701423293533, 2023-12-01T09:34:53.533Z, 415.445612, 339.5260394
1701423293564, 2023-12-01T09:34:53.564Z, 433.73759959999995, 335.87805499999996
1701423293581, 2023-12-01T09:34:53.581Z, 447.3339108, 335.0182038
1701423293620, 2023-12-01T09:34:53.620Z, 458.5176742, 335.4515726
1701423293667, 2023-12-01T09:34:53.667Z, 457.2485262, 336.3639716
1701423293678, 2023-12-01T09:34:53.678Z, 458.4342304, 333.2672242
1701423293706, 2023-12-01T09:34:53.706Z, 459.4765232, 329.18746139999996
1701423293723, 2023-12-01T09:34:53.723Z, 459.6230072, 324.66635940000003
1701423293738, 2023-12-01T09:34:53.738Z, 451.9498882, 316.4921188
1701423293848, 2023-12-01T09:34:53.848Z, 387.641318, 310.68801440000004
1701423293860, 2023-12-01T09:34:53.860Z, 322.3999592, 306.8539968
1701423293892, 2023-12-01T09:34:53.892Z, 257.1558306, 304.9958618
1701423293909, 2023-12-01T09:34:53.909Z, 191.6999632, 304.0553654
1701423293925, 2023-12-01T09:34:53.925Z, 130.6613954, 305.14031400000005
1701423293943, 2023-12-01T09:34:53.943Z, 148.23687020000003, 305.8624988
1701423293972, 2023-12-01T09:34:53.972Z, 200.02493220000002, 307.5497984
1701423293987, 2023-12-01T09:34:53.987Z, 265.26484719999996, 309.7045698
1701423294022, 2023-12-01T09:34:54.022Z, 339.254985, 312.05643
1701423294035, 2023-12-01T09:34:54.035Z, 415.9635, 319.602894
1701423294050, 2023-12-01T09:34:54.050Z, 467.9916972, 321.85502
1701423294082, 2023-12-01T09:34:54.082Z, 491.33208240000005, 327.95329219999996
1701423294099, 2023-12-01T09:34:54.099Z, 501.5388398, 334.4750546
1701423294129, 2023-12-01T09:34:54.129Z, 503.12561500000004, 336.10190240000003
1701423294162, 2023-12-01T09:34:54.162Z, 503.02731559999995, 332.74712919999996
1701423294193, 2023-12-01T09:34:54.193Z, 504.54136099999994, 333.04861040000003
1701423294234, 2023-12-01T09:34:54.234Z, 500.9969908, 330.66901459999997
1701423294258, 2023-12-01T09:34:54.258Z, 556.4890732, 324.0358324
1701423294351, 2023-12-01T09:34:54.351Z, 717.304796, 302.1931728
1701423294397, 2023-12-01T09:34:54.397Z, 887.808567, 292.89850820000004
1701423294429, 2023-12-01T09:34:54.429Z, 1056.7271778, 283.8233864
1701423294445, 2023-12-01T09:34:54.445Z, 1228.9990836, 273.851146
1701423294459, 2023-12-01T09:34:54.459Z, 1340.0555494, 273.3297374
1701423294476, 2023-12-01T09:34:54.476Z, 1344.6554626, 294.82561300000003
1701423294492, 2023-12-01T09:34:54.492Z, 1343.6355191999999, 302.02860360000005
1701423294555, 2023-12-01T09:34:54.555Z, 1349.3101736, 312.43706779999997
1701423294602, 2023-12-01T09:34:54.602Z, 1356.9707604, 317.71350140000004
1701423294648, 2023-12-01T09:34:54.648Z, 1355.7636610000002, 316.9060092
1701423294696, 2023-12-01T09:34:54.696Z, 1365.7433649999998, 306.08273040000006
1701423294714, 2023-12-01T09:34:54.714Z, 1384.9610206000002, 298.7314864
1701423294728, 2023-12-01T09:34:54.728Z, 1394.372476, 289.74467340000007
1701423294743, 2023-12-01T09:34:54.743Z, 1393.9792504000002, 292.4878488
1701423294761, 2023-12-01T09:34:54.761Z, 1391.6536946, 295.1940894
1701423294794, 2023-12-01T09:34:54.794Z, 1384.972578, 306.828948
1701423294807, 2023-12-01T09:34:54.807Z, 1368.447725, 317.8556052
1701423294836, 2023-12-01T09:34:54.836Z, 1360.674324, 330.17674560000006
1701423294868, 2023-12-01T09:34:54.868Z, 1353.9084228, 334.8422676
1701423294884, 2023-12-01T09:34:54.884Z, 1351.8120068, 342.9544826
1701423294914, 2023-12-01T09:34:54.914Z, 1340.7384118, 350.1508768
1701423294931, 2023-12-01T09:34:54.931Z, 1328.0490834, 356.6346468
1701423294993, 2023-12-01T09:34:54.993Z, 1313.8493482, 360.8538583999999
1701423295008, 2023-12-01T09:34:55.008Z, 1315.19136, 368.2704106
1701423295025, 2023-12-01T09:34:55.025Z, 1326.6268106, 373.09356019999996
1701423295058, 2023-12-01T09:34:55.058Z, 1360.3714452, 383.3146756
1701423295072, 2023-12-01T09:34:55.072Z, 1394.9854086, 393.2032006
1701423295106, 2023-12-01T09:34:55.106Z, 1429.046341, 401.96127260000003
1701423295151, 2023-12-01T09:34:55.151Z, 1452.2369291999998, 405.421022
1701423295182, 2023-12-01T09:34:55.182Z, 1503.1297703999999, 408.4377268
1701423295198, 2023-12-01T09:34:55.198Z, 1537.089487, 405.7534646
1701423295229, 2023-12-01T09:34:55.229Z, 1571.927631, 402.7050564
1701423295245, 2023-12-01T09:34:55.245Z, 1608.1756538, 398.986502
1701423295272, 2023-12-01T09:34:55.272Z, 1650.09656, 388.9510468
1701423295289, 2023-12-01T09:34:55.289Z, 1661.3245513999998, 383.23137720000005
1701423295324, 2023-12-01T09:34:55.324Z, 1649.3337053999999, 375.43413339999995
1701423295340, 2023-12-01T09:34:55.340Z, 1617.8730948, 362.9626512
1701423295373, 2023-12-01T09:34:55.373Z, 1556.7241304, 351.66849040000005
1701423295387, 2023-12-01T09:34:55.387Z, 1493.1639986, 351.1287396000001
1701423295422, 2023-12-01T09:34:55.422Z, 1413.86114, 344.5640374000001
1701423295451, 2023-12-01T09:34:55.451Z, 1365.706109, 338.1923062
1701423295480, 2023-12-01T09:34:55.480Z, 1334.590386, 336.63449060000005
1701423295496, 2023-12-01T09:34:55.496Z, 1331.3024742, 338.18107760000004
1701423295527, 2023-12-01T09:34:55.527Z, 1333.8104372, 337.30908239999997
1701423295544, 2023-12-01T09:34:55.544Z, 1377.556336, 338.7056106
1701423295591, 2023-12-01T09:34:55.591Z, 1407.5044076, 340.8231002
1701423295607, 2023-12-01T09:34:55.607Z, 1436.4587904, 339.4838214
1701423295638, 2023-12-01T09:34:55.638Z, 1439.33838, 324.9631656
1701423295655, 2023-12-01T09:34:55.655Z, 1442.048214, 314.00399819999996
1701423295686, 2023-12-01T09:34:55.686Z, 1423.2390522, 304.7154676
1701423295702, 2023-12-01T09:34:55.702Z, 1404.8841874, 296.2699592
1701423295721, 2023-12-01T09:34:55.721Z, 1393.2999892, 295.72835100000003
1701423295748, 2023-12-01T09:34:55.748Z, 1406.4703262, 303.0794852
1701423295780, 2023-12-01T09:34:55.780Z, 1411.6507254, 308.33100399999995
1701423295811, 2023-12-01T09:34:55.811Z, 1419.6756950000001, 313.8549856
1701423295828, 2023-12-01T09:34:55.828Z, 1431.9658054, 319.5506284
1701423295843, 2023-12-01T09:34:55.843Z, 1443.0778732, 320.9084694
1701423295874, 2023-12-01T09:34:55.874Z, 1446.3351241999999, 324.3102678
1701423295901, 2023-12-01T09:34:55.901Z, 1462.9885596, 326.96361600000006
1701423295913, 2023-12-01T09:34:55.913Z, 1451.8842606000003, 337.82893260000003
1701423295927, 2023-12-01T09:34:55.927Z, 1420.4160275999998, 353.870307
1701423295943, 2023-12-01T09:34:55.943Z, 1355.671468, 375.9803706
1701423295957, 2023-12-01T09:34:55.957Z, 1293.2475614, 401.0884284
1701423295969, 2023-12-01T09:34:55.969Z, 1217.2155648, 426.25507260000006
1701423295985, 2023-12-01T09:34:55.985Z, 1161.3740536, 438.15063040000007
1701423296001, 2023-12-01T09:34:56.001Z, 1116.3779348, 443.8150646
1701423296034, 2023-12-01T09:34:56.034Z, 1105.7395746, 437.05076979999996
1701423296048, 2023-12-01T09:34:56.048Z, 1113.5449469999999, 415.93146719999993
1701423296064, 2023-12-01T09:34:56.064Z, 1119.8975728, 396.95586199999997
1701423296083, 2023-12-01T09:34:56.083Z, 1122.1780112000001, 381.8628122
1701423296112, 2023-12-01T09:34:56.112Z, 1132.5215515999998, 369.2766818
1701423296127, 2023-12-01T09:34:56.127Z, 1137.1158718, 361.5193994
1701423296143, 2023-12-01T09:34:56.143Z, 1131.7006147999998, 362.9304296
1701423296174, 2023-12-01T09:34:56.174Z, 1126.7799294, 362.859171
1701423296191, 2023-12-01T09:34:56.191Z, 1132.8787671999999, 354.97980259999997
1701423296207, 2023-12-01T09:34:56.207Z, 1140.1636862, 344.968624
1701423296223, 2023-12-01T09:34:56.223Z, 1147.3951081999999, 333.6681348
1701423296240, 2023-12-01T09:34:56.240Z, 1146.4904794, 319.49780380000004
1701423296256, 2023-12-01T09:34:56.256Z, 1145.4399885999999, 305.3834338
1701423296271, 2023-12-01T09:34:56.271Z, 1135.2667176, 299.8604476
1701423296287, 2023-12-01T09:34:56.287Z, 1125.134078, 294.71667379999997
1701423296301, 2023-12-01T09:34:56.301Z, 1105.3392716, 292.03927860000005
1701423296325, 2023-12-01T09:34:56.325Z, 1089.1020504, 295.0744052
1701423296333, 2023-12-01T09:34:56.333Z, 1088.0862421999998, 299.49617059999997
1701423296367, 2023-12-01T09:34:56.367Z, 1089.4725641999999, 302.5921932
1701423296380, 2023-12-01T09:34:56.380Z, 1091.6094176, 307.765899
1701423296395, 2023-12-01T09:34:56.395Z, 1127.2935052, 319.63746319999996
1701423296426, 2023-12-01T09:34:56.426Z, 1169.1345634000002, 332.35717919999996
1701423296457, 2023-12-01T09:34:56.457Z, 1217.0812944000002, 346.8531602
1701423296472, 2023-12-01T09:34:56.472Z, 1259.1765292, 369.73693360000004
1701423296489, 2023-12-01T09:34:56.489Z, 1296.7376104, 395.6194274
1701423296504, 2023-12-01T09:34:56.504Z, 1309.143976, 416.3898962
1701423296520, 2023-12-01T09:34:56.520Z, 1310.2890433999999, 427.3459626
1701423296536, 2023-12-01T09:34:56.536Z, 1296.7760538, 440.7102976
1701423296551, 2023-12-01T09:34:56.551Z, 1294.90323, 441.3489954
1701423296568, 2023-12-01T09:34:56.568Z, 1294.889008, 435.3909242
1701423296582, 2023-12-01T09:34:56.582Z, 1300.7553012, 430.8962824
1701423296599, 2023-12-01T09:34:56.599Z, 1316.3296111999998, 435.4238814
1701423296623, 2023-12-01T09:34:56.623Z, 1333.8732978, 435.9478892
1701423296645, 2023-12-01T09:34:56.645Z, 1347.034513, 440.63528799999995
1701423296661, 2023-12-01T09:34:56.661Z, 1361.3750932, 447.3385162000001
1701423296676, 2023-12-01T09:34:56.676Z, 1371.4253758, 450.5856146
1701423296692, 2023-12-01T09:34:56.692Z, 1379.7235286, 451.60141940000005
1701423296709, 2023-12-01T09:34:56.709Z, 1379.9920376, 450.3963084
1701423296723, 2023-12-01T09:34:56.723Z, 1380.0130207999998, 450.66778459999995
1701423296739, 2023-12-01T09:34:56.739Z, 1380.7618782000002, 450.8952152
1701423296755, 2023-12-01T09:34:56.755Z, 1381.6034990000003, 451.1737048
1701423296771, 2023-12-01T09:34:56.771Z, 1380.8935662, 451.8842532
1701423296785, 2023-12-01T09:34:56.785Z, 1380.0659202000002, 451.33033019999993
1701423296801, 2023-12-01T09:34:56.801Z, 1378.8983358, 443.13404819999994
1701423296818, 2023-12-01T09:34:56.818Z, 1377.6012816, 435.0402118
1701423296831, 2023-12-01T09:34:56.831Z, 1376.6190124, 427.1368702
1701423296847, 2023-12-01T09:34:56.847Z, 1377.3902944, 420.42572440000004
1701423296863, 2023-12-01T09:34:56.863Z, 1379.830292, 418.10398060000006
1701423296878, 2023-12-01T09:34:56.878Z, 1384.765607, 423.4874272
1701423296894, 2023-12-01T09:34:56.894Z, 1380.6761862, 432.3878068
1701423296922, 2023-12-01T09:34:56.922Z, 1373.2090899999998, 439.50886
1701423296941, 2023-12-01T09:34:56.941Z, 1364.4832880000001, 445.09668220000003
1701423296957, 2023-12-01T09:34:56.957Z, 1354.5815546, 447.4977272
1701423296972, 2023-12-01T09:34:56.972Z, 1342.7364308, 448.5681302
1701423296989, 2023-12-01T09:34:56.989Z, 1347.3710084, 442.1224028
1701423297003, 2023-12-01T09:34:57.003Z, 1358.9647352, 439.0818524
1701423297018, 2023-12-01T09:34:57.018Z, 1370.7323166, 437.59253920000003
1701423297035, 2023-12-01T09:34:57.035Z, 1382.0822868, 435.7633742
1701423297050, 2023-12-01T09:34:57.050Z, 1392.0886634, 434.7435808
1701423297072, 2023-12-01T09:34:57.072Z, 1395.1570276, 440.59519980000005
1701423297096, 2023-12-01T09:34:57.096Z, 1394.0273294, 445.7666784
1701423297111, 2023-12-01T09:34:57.111Z, 1383.8304076, 449.87902399999996
1701423297127, 2023-12-01T09:34:57.127Z, 1377.148907, 450.270503
1701423297143, 2023-12-01T09:34:57.143Z, 1372.9474243999998, 448.7374308
1701423297159, 2023-12-01T09:34:57.159Z, 1368.9551855999998, 443.0790562
1701423297174, 2023-12-01T09:34:57.174Z, 1369.6068186, 436.81169520000003
1701423297190, 2023-12-01T09:34:57.190Z, 1380.4691579999999, 431.49078360000004
1701423297224, 2023-12-01T09:34:57.224Z, 1389.5050337999999, 426.30995679999995
1701423297239, 2023-12-01T09:34:57.239Z, 1395.840345, 421.85966720000005
1701423297254, 2023-12-01T09:34:57.254Z, 1405.6365336000001, 423.28294079999995
1701423297270, 2023-12-01T09:34:57.270Z, 1423.9441118000002, 429.726992
1701423297288, 2023-12-01T09:34:57.288Z, 1445.2634546, 439.3522056
1701423297300, 2023-12-01T09:34:57.300Z, 1466.7118194, 451.5613402
1701423297317, 2023-12-01T09:34:57.317Z, 1492.2649371999998, 465.2572808
1701423297347, 2023-12-01T09:34:57.347Z, 1524.1411536, 482.23492079999994
1701423297395, 2023-12-01T09:34:57.395Z, 1550.3293954, 497.3771544
1701423297411, 2023-12-01T09:34:57.411Z, 1575.6413272000002, 507.23622480000006
1701423297443, 2023-12-01T09:34:57.443Z, 1599.4173282, 514.5110052
1701423297460, 2023-12-01T09:34:57.460Z, 1608.1059784000001, 502.5845786
1701423297477, 2023-12-01T09:34:57.477Z, 1593.0032732, 483.8382638
1701423297492, 2023-12-01T09:34:57.492Z, 1557.0672485999999, 467.4862959999999
1701423297507, 2023-12-01T09:34:57.507Z, 1517.0791746, 452.870942
1701423297541, 2023-12-01T09:34:57.541Z, 1469.6815714, 444.73073320000003
1701423297552, 2023-12-01T09:34:57.552Z, 1435.0683875999998, 453.8610282000001
1701423297567, 2023-12-01T09:34:57.567Z, 1420.9147932, 459.99173460000003
1701423297583, 2023-12-01T09:34:57.583Z, 1421.1301588000001, 460.03552099999996
1701423297615, 2023-12-01T09:34:57.615Z, 1427.6977234, 458.70775979999996
1701423297631, 2023-12-01T09:34:57.631Z, 1463.0036558, 458.20205219999997
1701423297674, 2023-12-01T09:34:57.674Z, 1523.4127666, 461.43697199999997
1701423297713, 2023-12-01T09:34:57.713Z, 1577.7913064, 461.575904
1701423297726, 2023-12-01T09:34:57.726Z, 1638.7436782, 464.4077114
1701423297758, 2023-12-01T09:34:57.758Z, 1690.426856, 476.00703379999993
1701423297774, 2023-12-01T09:34:57.774Z, 1726.1074696, 483.5119828
1701423297792, 2023-12-01T09:34:57.792Z, 1737.6691822, 488.9914238
1701423297838, 2023-12-01T09:34:57.838Z, 1734.3307935999997, 505.8465264
1701423297856, 2023-12-01T09:34:57.856Z, 1727.2751146000003, 518.701341
1701423297867, 2023-12-01T09:34:57.867Z, 1631.551007, 534.9933998
1701423297884, 2023-12-01T09:34:57.884Z, 1511.8633138, 552.6521918000001
1701423297900, 2023-12-01T09:34:57.900Z, 1395.3922446000001, 565.5289700000001
1701423297915, 2023-12-01T09:34:57.915Z, 1290.7695928, 573.0377632
1701423297931, 2023-12-01T09:34:57.931Z, 1181.427502, 583.9440756
1701423297945, 2023-12-01T09:34:57.945Z, 1163.6625874, 588.1764424
1701423297976, 2023-12-01T09:34:57.976Z, 1159.0812526, 592.0959362000001
1701423297992, 2023-12-01T09:34:57.992Z, 1144.5887260000002, 596.731501
1701423298008, 2023-12-01T09:34:58.008Z, 1133.076606, 599.3005648
1701423298025, 2023-12-01T09:34:58.025Z, 1121.4474284, 599.8854488
1701423298040, 2023-12-01T09:34:58.040Z, 1112.9372124000001, 595.9973928
1701423298057, 2023-12-01T09:34:58.057Z, 1106.9102156000001, 587.8824552
1701423298072, 2023-12-01T09:34:58.072Z, 1106.4651674000002, 581.5492266
1701423298089, 2023-12-01T09:34:58.089Z, 1103.893363, 574.5113375999999
1701423298106, 2023-12-01T09:34:58.106Z, 1102.626366, 566.3513992
1701423298127, 2023-12-01T09:34:58.127Z, 1100.1057814, 557.2078589999999
1701423298139, 2023-12-01T09:34:58.139Z, 1105.387888, 548.8676352
1701423298167, 2023-12-01T09:34:58.167Z, 1117.3842592, 541.8655167999999
1701423298184, 2023-12-01T09:34:58.184Z, 1138.9723414, 540.8026744
1701423298213, 2023-12-01T09:34:58.213Z, 1163.0752168000001, 543.1037144
1701423298229, 2023-12-01T09:34:58.229Z, 1186.5396065999998, 545.2418254
1701423298245, 2023-12-01T09:34:58.245Z, 1207.9316276000002, 552.8034986
1701423298291, 2023-12-01T09:34:58.291Z, 1222.5699882000001, 560.3784918000001
1701423298307, 2023-12-01T09:34:58.307Z, 1227.4560136, 569.3463378
1701423298322, 2023-12-01T09:34:58.322Z, 1230.6889452, 577.456365
1701423298338, 2023-12-01T09:34:58.338Z, 1233.6537289999999, 589.5458526
1701423298354, 2023-12-01T09:34:58.354Z, 1234.7386407999998, 598.9597196
1701423298372, 2023-12-01T09:34:58.372Z, 1235.6151393999999, 607.4226900000001
1701423298389, 2023-12-01T09:34:58.389Z, 1238.9227204000001, 610.5596816
1701423298406, 2023-12-01T09:34:58.406Z, 1243.3283996000002, 610.8365100000001
1701423298431, 2023-12-01T09:34:58.431Z, 1250.9882498000002, 609.2355324
1701423298449, 2023-12-01T09:34:58.449Z, 1263.536658, 608.3828792
1701423298466, 2023-12-01T09:34:58.466Z, 1262.4402323999998, 606.939299
1701423298483, 2023-12-01T09:34:58.483Z, 1243.5829566, 605.7907008
1701423298512, 2023-12-01T09:34:58.512Z, 1216.6472262, 605.682276
1701423298543, 2023-12-01T09:34:58.543Z, 1177.2824214, 602.2135228
1701423298576, 2023-12-01T09:34:58.576Z, 1126.6610612, 596.980626
1701423298591, 2023-12-01T09:34:58.591Z, 1090.4443242000002, 592.9934814000001
1701423298607, 2023-12-01T09:34:58.607Z, 1070.1457024000001, 589.7390878
1701423298622, 2023-12-01T09:34:58.622Z, 1055.4238042000002, 587.2975708
1701423298637, 2023-12-01T09:34:58.637Z, 1046.6720014, 587.5113554000001
1701423298654, 2023-12-01T09:34:58.654Z, 1046.1372646, 589.9481882
1701423298669, 2023-12-01T09:34:58.669Z, 1045.0240147999998, 592.6225684
1701423298684, 2023-12-01T09:34:58.684Z, 1042.402709, 593.8867542
1701423298700, 2023-12-01T09:34:58.700Z, 1041.1669974000001, 591.9858532000001
1701423298718, 2023-12-01T09:34:58.718Z, 1041.0553312, 589.8231728
1701423298747, 2023-12-01T09:34:58.747Z, 1040.979177, 583.2366952
1701423298763, 2023-12-01T09:34:58.763Z, 1041.5510742, 574.0278058
1701423298797, 2023-12-01T09:34:58.797Z, 1045.7106534000002, 567.5556282
1701423298816, 2023-12-01T09:34:58.816Z, 1048.470345, 563.9195946
1701423298826, 2023-12-01T09:34:58.826Z, 1052.8545462, 560.185013
1701423298842, 2023-12-01T09:34:58.842Z, 1055.4964607999998, 559.473726
1701423298857, 2023-12-01T09:34:58.857Z, 1057.5887123999998, 560.3209242
1701423298873, 2023-12-01T09:34:58.873Z, 1061.1645928, 557.5494510000001
1701423298888, 2023-12-01T09:34:58.888Z, 1066.0320121999998, 555.4277258
1701423298905, 2023-12-01T09:34:58.905Z, 1068.2285479999998, 553.3157482
1701423298919, 2023-12-01T09:34:58.919Z, 1072.0629807999999, 552.113002
1701423298936, 2023-12-01T09:34:58.936Z, 1076.4127231999998, 551.2691778000001
1701423298952, 2023-12-01T09:34:58.952Z, 1073.9117754000001, 552.0752866
1701423298967, 2023-12-01T09:34:58.967Z, 1070.1408806, 552.9743166000001
1701423298983, 2023-12-01T09:34:58.983Z, 1072.7027654, 555.8570143999999
1701423298999, 2023-12-01T09:34:58.999Z, 1068.4792744, 556.664608
1701423299022, 2023-12-01T09:34:59.022Z, 1063.745221, 557.2202722
1701423299032, 2023-12-01T09:34:59.032Z, 1058.4576220000001, 555.5633872000001
1701423299061, 2023-12-01T09:34:59.061Z, 1057.1878716, 554.7896202
1701423299077, 2023-12-01T09:34:59.077Z, 1055.1281588, 553.8976633999999
1701423299093, 2023-12-01T09:34:59.093Z, 1048.5759104, 551.7617154
1701423299109, 2023-12-01T09:34:59.109Z, 1046.7568228, 550.0587364
1701423299124, 2023-12-01T09:34:59.124Z, 1050.1592138, 550.5533792
1701423299141, 2023-12-01T09:34:59.141Z, 1046.4183552, 548.6021883999999
1701423299173, 2023-12-01T09:34:59.173Z, 1039.7751428000001, 545.5232676
1701423299187, 2023-12-01T09:34:59.187Z, 1043.8187566, 546.8409462
1701423299204, 2023-12-01T09:34:59.204Z, 1046.3631966, 549.397943
1701423299218, 2023-12-01T09:34:59.218Z, 1059.5746534, 551.2595020000001
1701423299234, 2023-12-01T09:34:59.234Z, 1079.6994828000002, 553.8416682
1701423299253, 2023-12-01T09:34:59.253Z, 1110.2152514000002, 554.7483368000001
1701423299265, 2023-12-01T09:34:59.265Z, 1145.5417186, 555.0480074
1701423299281, 2023-12-01T09:34:59.281Z, 1179.1134086, 553.137505
1701423299296, 2023-12-01T09:34:59.296Z, 1202.195009, 551.17198
1701423299328, 2023-12-01T09:34:59.328Z, 1224.3987354, 550.5629428
1701423299374, 2023-12-01T09:34:59.374Z, 1234.7157158000002, 551.3500702
1701423299389, 2023-12-01T09:34:59.389Z, 1237.9513038, 551.100235
1701423299420, 2023-12-01T09:34:59.420Z, 1244.614094, 552.6174178
1701423299437, 2023-12-01T09:34:59.437Z, 1254.5834464, 555.7342468
1701423299471, 2023-12-01T09:34:59.471Z, 1255.1014481999998, 559.7255510000001
1701423299500, 2023-12-01T09:34:59.500Z, 1255.02329, 570.6902704000001
1701423299530, 2023-12-01T09:34:59.530Z, 1253.0595248000002, 581.4083594
1701423299547, 2023-12-01T09:34:59.547Z, 1233.9270824, 600.867814
1701423299576, 2023-12-01T09:34:59.576Z, 1209.0302754, 619.9767807999999
1701423299592, 2023-12-01T09:34:59.592Z, 1190.1097956, 632.5898329999999
1701423299640, 2023-12-01T09:34:59.640Z, 1174.3776891999998, 637.1456188
1701423299655, 2023-12-01T09:34:59.655Z, 1156.1281632, 639.6359074
1701423299672, 2023-12-01T09:34:59.672Z, 1150.4444962000002, 633.4490704
1701423299687, 2023-12-01T09:34:59.687Z, 1147.8068642, 627.1815280000001
1701423299705, 2023-12-01T09:34:59.705Z, 1147.163118, 626.6666524
1701423299721, 2023-12-01T09:34:59.721Z, 1150.9371030000002, 627.307144
1701423299739, 2023-12-01T09:34:59.739Z, 1158.4506276, 630.5010892
1701423299750, 2023-12-01T09:34:59.750Z, 1164.9842918, 633.3316044000001
1701423299773, 2023-12-01T09:34:59.773Z, 1173.1616603999998, 636.0282484
1701423299787, 2023-12-01T09:34:59.787Z, 1188.2115406, 638.7743362
1701423299799, 2023-12-01T09:34:59.799Z, 1201.4121424, 643.0736898
1701423299830, 2023-12-01T09:34:59.830Z, 1213.3285402000001, 647.7456244
1701423299845, 2023-12-01T09:34:59.845Z, 1225.6717962, 651.5776672
1701423299862, 2023-12-01T09:34:59.862Z, 1218.9929152, 655.8843737999999
1701423299878, 2023-12-01T09:34:59.878Z, 1204.5691001999999, 658.8477972
1701423299892, 2023-12-01T09:34:59.892Z, 1177.5327942, 658.4648902
1701423299925, 2023-12-01T09:34:59.925Z, 1152.3358905999999, 656.927945
1701423299940, 2023-12-01T09:34:59.940Z, 1127.5330996, 656.094619
1701423299957, 2023-12-01T09:34:59.957Z, 1093.1403632, 644.2456018
1701423299971, 2023-12-01T09:34:59.971Z, 1058.7795357999998, 632.6418934
1701423299987, 2023-12-01T09:34:59.987Z, 1032.3301761999999, 622.406268
1701423300003, 2023-12-01T09:35:00.003Z, 1008.0756701999999, 613.7360593999999
1701423300025, 2023-12-01T09:35:00.025Z, 984.4870736, 605.5621962000001
1701423300036, 2023-12-01T09:35:00.036Z, 989.6164421999999, 608.0499583999999
1701423300051, 2023-12-01T09:35:00.051Z, 1000.9418216, 612.6157262
1701423300070, 2023-12-01T09:35:00.070Z, 1013.750377, 617.7453806
1701423300099, 2023-12-01T09:35:00.099Z, 1024.5086892, 620.2045398000001
1701423300114, 2023-12-01T09:35:00.114Z, 1035.1235856, 621.9340013999999
1701423300130, 2023-12-01T09:35:00.130Z, 1041.2478634, 621.3220174
1701423300146, 2023-12-01T09:35:00.146Z, 1043.3647334000002, 619.705883
1701423300161, 2023-12-01T09:35:00.161Z, 1049.7848387999998, 617.8337978000001
1701423300177, 2023-12-01T09:35:00.177Z, 1059.0436368, 615.9101366000001
1701423300192, 2023-12-01T09:35:00.192Z, 1067.0795436, 613.8279375999999
1701423300222, 2023-12-01T09:35:00.222Z, 1077.7886306, 613.2708574000001
1701423300240, 2023-12-01T09:35:00.240Z, 1083.6809693999999, 612.653221
1701423300255, 2023-12-01T09:35:00.255Z, 1082.0232242, 612.180375
1701423300271, 2023-12-01T09:35:00.271Z, 1052.6413029999999, 616.368564
1701423300287, 2023-12-01T09:35:00.287Z, 1015.2804114, 622.763665
1701423300304, 2023-12-01T09:35:00.304Z, 919.3017666, 627.3910264
1701423300319, 2023-12-01T09:35:00.319Z, 820.4803384, 631.0972761999999
1701423300334, 2023-12-01T09:35:00.334Z, 711.5966058000001, 634.8116334
1701423300350, 2023-12-01T09:35:00.350Z, 613.8078004, 633.9676518
1701423300374, 2023-12-01T09:35:00.374Z, 488.96328740000007, 625.911013
1701423300397, 2023-12-01T09:35:00.397Z, 486.46168479999994, 623.445349
1701423300411, 2023-12-01T09:35:00.411Z, 510.7377812000001, 620.1044287999999
1701423300428, 2023-12-01T09:35:00.428Z, 576.7740362000001, 613.9105097999999
1701423300459, 2023-12-01T09:35:00.459Z, 728.3296936, 600.4549276
1701423300476, 2023-12-01T09:35:00.476Z, 914.98202, 591.7596646
1701423300491, 2023-12-01T09:35:00.491Z, 1037.2839106, 579.932125
1701423300517, 2023-12-01T09:35:00.517Z, 1131.2306928, 572.3235356
1701423300536, 2023-12-01T09:35:00.536Z, 1196.2146948, 570.4265014
1701423300553, 2023-12-01T09:35:00.553Z, 1188.1077968000002, 577.9197414
1701423300569, 2023-12-01T09:35:00.569Z, 1177.4440964, 584.9307355999999
1701423300585, 2023-12-01T09:35:00.585Z, 1161.1060080000002, 590.8150017999999
1701423300599, 2023-12-01T09:35:00.600Z, 1152.8771852, 595.357748
1701423300616, 2023-12-01T09:35:00.616Z, 1142.5299890000001, 596.1651748
1701423300631, 2023-12-01T09:35:00.631Z, 1131.9408071999999, 598.6760968
1701423300647, 2023-12-01T09:35:00.647Z, 1123.9870942000002, 602.9543266000001
1701423300670, 2023-12-01T09:35:00.670Z, 1109.2072036, 603.7202856
1701423300695, 2023-12-01T09:35:00.695Z, 1092.6849802000002, 602.1552178
1701423300711, 2023-12-01T09:35:00.711Z, 1080.6506658, 599.9345845999999
1701423300726, 2023-12-01T09:35:00.726Z, 1073.2504642, 597.169288
1701423300742, 2023-12-01T09:35:00.742Z, 1066.3671789999999, 591.4487868
1701423300758, 2023-12-01T09:35:00.758Z, 1068.5116256000001, 588.1518862
1701423300774, 2023-12-01T09:35:00.774Z, 1071.5069792, 586.1431034
1701423300788, 2023-12-01T09:35:00.788Z, 1067.7253649999998, 591.5162488
1701423300824, 2023-12-01T09:35:00.824Z, 1064.6367154, 599.4139408000001
1701423300836, 2023-12-01T09:35:00.836Z, 1062.4547698000001, 609.086772
1701423300852, 2023-12-01T09:35:00.852Z, 1064.6867802000002, 619.8372018
1701423300869, 2023-12-01T09:35:00.869Z, 1065.9413692, 630.0689333999999
1701423300885, 2023-12-01T09:35:00.885Z, 1072.9450948, 635.498097
1701423300899, 2023-12-01T09:35:00.899Z, 1074.093043, 636.7890652
1701423300915, 2023-12-01T09:35:00.915Z, 1068.4847842, 638.7853332000001
1701423300931, 2023-12-01T09:35:00.931Z, 1058.9207144000002, 641.145439
1701423300949, 2023-12-01T09:35:00.949Z, 1051.8400674, 642.0517832
1701423300980, 2023-12-01T09:35:00.980Z, 1049.168045, 641.2298158
1701423300994, 2023-12-01T09:35:00.994Z, 1050.6407041999998, 640.0250566
1701423301010, 2023-12-01T09:35:01.010Z, 1051.9050434, 635.2940348
1701423301027, 2023-12-01T09:35:01.027Z, 1056.652953, 632.6090542
1701423301044, 2023-12-01T09:35:01.044Z, 1061.0725946, 639.8491934
1701423301074, 2023-12-01T09:35:01.074Z, 1056.8903492000002, 640.5440914
1701423301089, 2023-12-01T09:35:01.089Z, 962.8659756000001, 648.0845744000001
1701423301106, 2023-12-01T09:35:01.106Z, 857.2096442000002, 659.386313
1701423301124, 2023-12-01T09:35:01.124Z, 752.8728066, 669.0841401999999
1701423301153, 2023-12-01T09:35:01.153Z, 662.8217357999999, 670.5595304000001
1701423301170, 2023-12-01T09:35:01.170Z, 530.1500485999999, 678.1018707999999
1701423301186, 2023-12-01T09:35:01.186Z, 479.19738959999995, 683.7138062
1701423301202, 2023-12-01T09:35:01.202Z, 439.6749572, 688.9421128
1701423301217, 2023-12-01T09:35:01.217Z, 395.9545872, 693.2512346
1701423301232, 2023-12-01T09:35:01.232Z, 336.08178540000006, 697.0979831999999
1701423301248, 2023-12-01T09:35:01.248Z, 321.48922559999994, 702.472454
1701423301273, 2023-12-01T09:35:01.273Z, 307.85584779999994, 703.3544009999999
1701423301297, 2023-12-01T09:35:01.297Z, 299.7773822, 703.4361288
1701423301311, 2023-12-01T09:35:01.311Z, 287.9666588, 703.6836311999999
1701423301326, 2023-12-01T09:35:01.326Z, 277.67789660000005, 700.6073567999999
1701423301357, 2023-12-01T09:35:01.357Z, 268.7016112, 696.0559164
1701423301374, 2023-12-01T09:35:01.374Z, 263.3711816, 691.6512837999999
1701423301389, 2023-12-01T09:35:01.389Z, 257.0355772, 687.2194539999999
1701423301406, 2023-12-01T09:35:01.406Z, 252.90235479999996, 683.5081352
1701423301420, 2023-12-01T09:35:01.420Z, 242.25710880000003, 677.452241
1701423301454, 2023-12-01T09:35:01.454Z, 233.5489318, 674.9277522000001
1701423301468, 2023-12-01T09:35:01.468Z, 226.78617260000001, 671.9571138
1701423301484, 2023-12-01T09:35:01.484Z, 213.6852096, 665.9563204
1701423301499, 2023-12-01T09:35:01.499Z, 212.416081, 661.7209428
1701423301515, 2023-12-01T09:35:01.515Z, 215.1401218, 663.1606388
1701423301530, 2023-12-01T09:35:01.530Z, 222.3216562, 665.5357338
1701423301545, 2023-12-01T09:35:01.545Z, 235.67931799999997, 668.6629101999999
1701423301571, 2023-12-01T09:35:01.571Z, 274.73026259999995, 676.0713812
1701423301593, 2023-12-01T09:35:01.593Z, 309.8416544, 681.0611177999999
1701423301609, 2023-12-01T09:35:01.609Z, 340.9268578, 687.140189
1701423301624, 2023-12-01T09:35:01.624Z, 372.69354619999996, 689.4077500000001
1701423301640, 2023-12-01T09:35:01.640Z, 395.92400999999995, 692.6627902000001
1701423301657, 2023-12-01T09:35:01.657Z, 399.00129159999994, 694.2160294
1701423301672, 2023-12-01T09:35:01.672Z, 392.6192732, 696.2502944
1701423301689, 2023-12-01T09:35:01.689Z, 391.451285, 697.6502350000001
1701423301703, 2023-12-01T09:35:01.703Z, 380.25315059999997, 699.6771575999999
1701423301723, 2023-12-01T09:35:01.723Z, 371.394708, 701.7555937999998
1701423301734, 2023-12-01T09:35:01.734Z, 363.46941619999996, 701.3233063999999
1701423301765, 2023-12-01T09:35:01.765Z, 362.2644354, 703.9270456
1701423301780, 2023-12-01T09:35:01.780Z, 364.1513698, 706.1735468
1701423301812, 2023-12-01T09:35:01.812Z, 383.38077499999997, 703.5375615999999
1701423301827, 2023-12-01T09:35:01.827Z, 396.9358136, 698.0473674
1701423301843, 2023-12-01T09:35:01.843Z, 442.60867419999994, 689.7143442
1701423301867, 2023-12-01T09:35:01.867Z, 508.35420439999996, 671.5686956
1701423301890, 2023-12-01T09:35:01.890Z, 588.4111426000001, 648.8522454
1701423301906, 2023-12-01T09:35:01.906Z, 689.1808894, 623.7324048
1701423301922, 2023-12-01T09:35:01.922Z, 805.5655874, 587.4112678
1701423301952, 2023-12-01T09:35:01.952Z, 904.0864254, 562.1755718
1701423301968, 2023-12-01T09:35:01.968Z, 982.945711, 543.6239406
1701425839011, 2023-12-01T10:17:19.011Z, 1125.9554187999997, 392.65746920000004
1701425839040, 2023-12-01T10:17:19.040Z, 1117.6433706000003, 393.6583628
1701425839415, 2023-12-01T10:17:19.415Z, 951.3471602, 367.5502268
1701425839431, 2023-12-01T10:17:19.431Z, 793.6570770000001, 333.322594
1701425839446, 2023-12-01T10:17:19.446Z, 635.6548, 292.72374720000005
1701425839461, 2023-12-01T10:17:19.461Z, 480.98260120000003, 249.438288
1701425839477, 2023-12-01T10:17:19.477Z, 331.6578404, 211.3884388
1701425839494, 2023-12-01T10:17:19.494Z, 335.00790240000003, 200.1610682
1701425839514, 2023-12-01T10:17:19.514Z, 333.80103560000003, 197.80988680000002
1701425839541, 2023-12-01T10:17:19.541Z, 331.7619102, 199.3031446
1701425839556, 2023-12-01T10:17:19.556Z, 325.313774, 209.8406454
1701425839588, 2023-12-01T10:17:19.588Z, 311.589181, 216.32660860000001
1701425839604, 2023-12-01T10:17:19.604Z, 290.196987, 224.9102018
1701425839620, 2023-12-01T10:17:19.620Z, 275.98507359999996, 228.7131374
1701425839636, 2023-12-01T10:17:19.636Z, 258.08018319999996, 239.4757838
1701425839661, 2023-12-01T10:17:19.661Z, 230.8695624, 237.7726536
1701425839683, 2023-12-01T10:17:19.683Z, 213.37864140000002, 237.2143974
1701425839731, 2023-12-01T10:17:19.731Z, 209.06851820000003, 236.41371859999998
1701425839761, 2023-12-01T10:17:19.761Z, 185.0307456, 223.3181916
1701425840014, 2023-12-01T10:17:20.014Z, 163.4125018, 212.2050238
1701425840060, 2023-12-01T10:17:20.060Z, 153.93014739999998, 198.8563046
1701425840090, 2023-12-01T10:17:20.090Z, 142.3243248, 191.3932432
1701425840122, 2023-12-01T10:17:20.122Z, 127.37363339999999, 192.55557519999996
1701425840373, 2023-12-01T10:17:20.373Z, 308.9290056, 278.20132380000007
1701425840388, 2023-12-01T10:17:20.388Z, 499.2853208, 340.326018
1701425840420, 2023-12-01T10:17:20.420Z, 685.7667935999999, 410.006707
1701425840436, 2023-12-01T10:17:20.436Z, 866.0761298, 477.46904340000003
1701425840482, 2023-12-01T10:17:20.482Z, 1046.6310746, 532.3954262
1701425840529, 2023-12-01T10:17:20.529Z, 1051.5771192, 515.7588198
1701425840637, 2023-12-01T10:17:20.637Z, 1080.9073039999998, 506.1869726
1701425840668, 2023-12-01T10:17:20.668Z, 1116.3967726, 499.7612444
1701425840683, 2023-12-01T10:17:20.683Z, 1158.5615384, 488.43955960000005
1701425840731, 2023-12-01T10:17:20.731Z, 1202.5139906, 486.5188924
1701425840747, 2023-12-01T10:17:20.747Z, 1240.8177626000002, 483.37671280000006
1701425840778, 2023-12-01T10:17:20.778Z, 1241.5392342, 484.9262254
1701425840793, 2023-12-01T10:17:20.793Z, 1230.5400758, 485.02918259999996
1701425840825, 2023-12-01T10:17:20.825Z, 1251.3186010000002, 482.06306779999994
1701425840840, 2023-12-01T10:17:20.840Z, 1246.5746806, 475.84433980000006
1701425840863, 2023-12-01T10:17:20.863Z, 1261.5112674, 471.19930220000003
1701425840889, 2023-12-01T10:17:20.889Z, 1292.4449855999999, 471.4812028
1701425840903, 2023-12-01T10:17:20.903Z, 1321.1754409999999, 470.04994960000005
1701425840918, 2023-12-01T10:17:20.918Z, 1314.6315224, 472.258011
1701425840934, 2023-12-01T10:17:20.934Z, 1331.6372586, 473.47029119999996
1701425840966, 2023-12-01T10:17:20.966Z, 1330.1928348000001, 474.0459796
1701425840982, 2023-12-01T10:17:20.982Z, 1318.9502968000002, 475.41075220000005
1701425840998, 2023-12-01T10:17:20.998Z, 1313.8557708, 473.59402339999997
1701425841015, 2023-12-01T10:17:21.015Z, 1317.4169411999999, 470.6640228
1701425841030, 2023-12-01T10:17:21.030Z, 1313.5587388, 466.6083152
1701425841045, 2023-12-01T10:17:21.045Z, 1307.8824013999997, 462.50430480000006
1701425841060, 2023-12-01T10:17:21.060Z, 1299.7463764000001, 458.78651199999996
1701425841075, 2023-12-01T10:17:21.075Z, 1290.5581378, 459.322912
1701425841091, 2023-12-01T10:17:21.091Z, 1274.6189977999998, 461.83043699999996
1701425841107, 2023-12-01T10:17:21.107Z, 1266.0570355999998, 465.46072540000006
1701425841123, 2023-12-01T10:17:21.123Z, 1251.5262687999998, 469.45140760000004
1701425841138, 2023-12-01T10:17:21.138Z, 1239.1455736, 472.90628180000004
1701425841187, 2023-12-01T10:17:21.187Z, 1239.3192274, 477.3790382
1701425841200, 2023-12-01T10:17:21.200Z, 1242.5153836, 479.774248
1701425841217, 2023-12-01T10:17:21.217Z, 1237.996937, 477.50091919999994
1701425841232, 2023-12-01T10:17:21.232Z, 1241.0475961999998, 474.492736
1701425841247, 2023-12-01T10:17:21.247Z, 1244.5528616, 472.67623679999997
1701425841266, 2023-12-01T10:17:21.266Z, 1235.1988016, 469.8501316
1701425841279, 2023-12-01T10:17:21.279Z, 1226.9353070000002, 469.30125699999996
1701425841294, 2023-12-01T10:17:21.294Z, 1224.6405852000003, 472.4518578
1701425841314, 2023-12-01T10:17:21.314Z, 1220.6400294, 476.27110039999997
1701425841341, 2023-12-01T10:17:21.341Z, 1209.2010212, 479.22533840000006
1701425841374, 2023-12-01T10:17:21.374Z, 1206.485778, 484.4673524
1701425841386, 2023-12-01T10:17:21.386Z, 1195.2625070000001, 487.4352562
1701425841419, 2023-12-01T10:17:21.419Z, 1178.5212286, 491.11722879999996
1701425841465, 2023-12-01T10:17:21.465Z, 1155.3702614000001, 492.68338359999996
1701425841513, 2023-12-01T10:17:21.513Z, 1137.6033380000001, 489.15505139999993
1701425841530, 2023-12-01T10:17:21.530Z, 1118.2607198, 482.5409738
1701425841561, 2023-12-01T10:17:21.561Z, 1110.0336094, 480.46736
1701425841591, 2023-12-01T10:17:21.591Z, 1115.2943144, 479.90585839999994
1701425841639, 2023-12-01T10:17:21.639Z, 1132.4360564, 482.72254760000004
1701425841655, 2023-12-01T10:17:21.655Z, 1150.3027656, 490.0738016
1701425841672, 2023-12-01T10:17:21.672Z, 1170.0252614, 496.9222186
1701425841702, 2023-12-01T10:17:21.702Z, 1179.4859976, 496.65701
1701425841717, 2023-12-01T10:17:21.717Z, 1173.219977, 492.0491048
1701425841733, 2023-12-01T10:17:21.733Z, 1160.6183826000001, 486.656138
1701425841762, 2023-12-01T10:17:21.762Z, 1149.1123268, 481.57727400000005
1701425841781, 2023-12-01T10:17:21.781Z, 1134.9598442000001, 479.3775448
1701425841812, 2023-12-01T10:17:21.812Z, 1132.77682, 481.7635698
1701425841826, 2023-12-01T10:17:21.826Z, 1135.0974576, 484.83258480000006
1701425841842, 2023-12-01T10:17:21.842Z, 1134.8211159999998, 486.44183699999996
1701425841858, 2023-12-01T10:17:21.858Z, 1123.4996264000001, 487.09316259999997
1701425841874, 2023-12-01T10:17:21.874Z, 1118.2260580000002, 486.5571852
1701425841890, 2023-12-01T10:17:21.890Z, 1105.2529849999999, 484.61377460000006
1701425841915, 2023-12-01T10:17:21.915Z, 1099.466494, 484.0327582
1701425841938, 2023-12-01T10:17:21.938Z, 1101.8427128, 484.800878
1701425841956, 2023-12-01T10:17:21.956Z, 1120.9133972, 486.2239958
1701425841968, 2023-12-01T10:17:21.968Z, 1147.3047359999998, 484.51725080000006
1701425841985, 2023-12-01T10:17:21.985Z, 1168.885261, 482.11640180000006
1701425842000, 2023-12-01T10:17:22.000Z, 1192.83377, 479.2748296
1701425842015, 2023-12-01T10:17:22.015Z, 1214.5627398000001, 475.491801
1701425842031, 2023-12-01T10:17:22.031Z, 1221.5233256, 471.2372824
1701425842063, 2023-12-01T10:17:22.063Z, 1213.1141406, 470.58928299999997
1701425842079, 2023-12-01T10:17:22.079Z, 1215.8211471999998, 470.4073996
1701425842095, 2023-12-01T10:17:22.095Z, 1214.6923193999999, 472.04360959999997
1701425842109, 2023-12-01T10:17:22.109Z, 1209.906856, 474.53071680000005
1701425842125, 2023-12-01T10:17:22.125Z, 1223.1133224, 478.44753760000003
1701425842141, 2023-12-01T10:17:22.141Z, 1239.3257614, 481.6716516
1701425842156, 2023-12-01T10:17:22.156Z, 1236.8958782, 486.82205379999994
1701425842171, 2023-12-01T10:17:22.171Z, 1233.9547135999999, 490.4996186
1701425842187, 2023-12-01T10:17:22.187Z, 1236.9431198, 494.12950060000003
1701425842362, 2023-12-01T10:17:22.362Z, 1197.4886994, 493.1963036
1701425842390, 2023-12-01T10:17:22.390Z, 1156.76779, 492.575198
1701425842406, 2023-12-01T10:17:22.406Z, 1133.1696662, 489.2764816
1701425842454, 2023-12-01T10:17:22.454Z, 1115.1754774, 485.9495844
1701425842485, 2023-12-01T10:17:22.485Z, 1110.381642, 484.0119906
1701425842534, 2023-12-01T10:17:22.534Z, 1141.2948136, 487.099187
1701425842548, 2023-12-01T10:17:22.548Z, 1171.9246562, 488.4393474
1701425842582, 2023-12-01T10:17:22.582Z, 1196.4393172, 493.52898540000007
1701425842599, 2023-12-01T10:17:22.599Z, 1205.7533782, 497.0723236
1701425842629, 2023-12-01T10:17:22.629Z, 1206.5650638, 519.4003766
1701425842644, 2023-12-01T10:17:22.644Z, 1202.0226076, 542.8340390000001
1701425842675, 2023-12-01T10:17:22.675Z, 1195.2407988, 577.4402424
1701425842690, 2023-12-01T10:17:22.690Z, 1194.1288938, 616.384089
1701425842707, 2023-12-01T10:17:22.707Z, 1201.5503166, 682.3573756
1701425842755, 2023-12-01T10:17:22.755Z, 1199.7485755999999, 726.6092851999999
1701425842770, 2023-12-01T10:17:22.770Z, 1199.5928761999999, 769.5660536
1701425842912, 2023-12-01T10:17:22.912Z, 1237.3096278, 810.063306
1701425842942, 2023-12-01T10:17:22.942Z, 1270.5400006, 843.5631598
1701425843006, 2023-12-01T10:17:23.006Z, 1281.2193872, 834.6226285999999
1701425843037, 2023-12-01T10:17:23.037Z, 1289.6435424000001, 828.4176682
1701425843053, 2023-12-01T10:17:23.053Z, 1293.8379224, 820.2910291999999
1701425843084, 2023-12-01T10:17:23.084Z, 1272.3284304000001, 812.9584682
1701425843114, 2023-12-01T10:17:23.114Z, 1258.3971612, 806.1595572
1701425843130, 2023-12-01T10:17:23.130Z, 1260.1498717999998, 813.528479
1701425843162, 2023-12-01T10:17:23.162Z, 1270.416014, 819.9823804
1701425843178, 2023-12-01T10:17:23.178Z, 1275.0186171999999, 824.9173951999999
1701425843209, 2023-12-01T10:17:23.209Z, 1267.4380816, 821.598627
1701425843227, 2023-12-01T10:17:23.227Z, 1243.5471342, 816.210753
1701425843267, 2023-12-01T10:17:23.267Z, 1231.8714414, 814.8291766
1701425843320, 2023-12-01T10:17:23.320Z, 1201.9549682000002, 808.9070006
1701425843337, 2023-12-01T10:17:23.337Z, 1190.2634296, 808.8676714000001
1701425843353, 2023-12-01T10:17:23.353Z, 1183.3621945999998, 809.1428608
1701425843383, 2023-12-01T10:17:23.383Z, 1186.112464, 808.482437
1701425843431, 2023-12-01T10:17:23.431Z, 1185.3368071999998, 805.8049166000001
1701425843446, 2023-12-01T10:17:23.446Z, 1195.9718745999999, 806.7993484
1701425843478, 2023-12-01T10:17:23.478Z, 1198.7866116, 804.3650405999999
1701425843493, 2023-12-01T10:17:23.493Z, 1184.9948024, 799.7761182
1701425843524, 2023-12-01T10:17:23.524Z, 1178.2831557999998, 797.1038064
1701425843540, 2023-12-01T10:17:23.540Z, 1169.3448073999998, 794.1663564
1701425843571, 2023-12-01T10:17:23.571Z, 1162.392787, 791.6248023999999
1701425843588, 2023-12-01T10:17:23.588Z, 1151.9856682000002, 789.1178382
1701425843619, 2023-12-01T10:17:23.619Z, 1160.5852476, 789.030548
1701425843634, 2023-12-01T10:17:23.634Z, 1156.8461222, 789.3226861999999
1701425843667, 2023-12-01T10:17:23.667Z, 1159.9137008000002, 790.954883
1701425843681, 2023-12-01T10:17:23.681Z, 1158.0661512000001, 790.4931700000001
1701425843714, 2023-12-01T10:17:23.714Z, 1157.9467582, 790.9097738
1701425843745, 2023-12-01T10:17:23.745Z, 1159.2231282, 790.3937866
1701425843762, 2023-12-01T10:17:23.762Z, 1161.6685288, 789.4790336000001
1701425843791, 2023-12-01T10:17:23.791Z, 1161.4785298, 787.1194466
1701425843807, 2023-12-01T10:17:23.807Z, 1160.5334440000001, 787.4196102
1701425843839, 2023-12-01T10:17:23.839Z, 1161.6942987999998, 787.9738832
1701425843888, 2023-12-01T10:17:23.888Z, 1158.1937193999997, 789.9852215999999
1701425843903, 2023-12-01T10:17:23.903Z, 1157.4877718, 792.6667685999998
1701425843935, 2023-12-01T10:17:23.935Z, 1156.5131738, 796.8903886
1701425843950, 2023-12-01T10:17:23.950Z, 1161.3753868, 800.575958
1701425843982, 2023-12-01T10:17:23.982Z, 1165.5184144, 802.4018336000001
1701425843997, 2023-12-01T10:17:23.997Z, 1164.9461053999999, 803.7380924
1701425844015, 2023-12-01T10:17:24.015Z, 1169.8376240000002, 810.3555829999999
1701425844029, 2023-12-01T10:17:24.029Z, 1169.4022402, 815.066843
1701425844064, 2023-12-01T10:17:24.064Z, 1172.7143952000001, 821.4167734
1701425844077, 2023-12-01T10:17:24.077Z, 1171.7695312, 825.7082192
1701425844111, 2023-12-01T10:17:24.111Z, 1175.1035542, 826.8063204000002
1701425844124, 2023-12-01T10:17:24.124Z, 1168.3634888, 821.706071
1701425844171, 2023-12-01T10:17:24.171Z, 1167.1802572000001, 818.4209022
1701425844203, 2023-12-01T10:17:24.203Z, 1166.9806148000002, 814.2277059999999
1701425844218, 2023-12-01T10:17:24.218Z, 1169.8923849999999, 812.3597422
1701425844251, 2023-12-01T10:17:24.251Z, 1175.538994, 816.0702153999999
1701425844266, 2023-12-01T10:17:24.266Z, 1179.0992854, 820.1143199999999
1701425844297, 2023-12-01T10:17:24.297Z, 1179.0579232, 823.7861808
1701425844346, 2023-12-01T10:17:24.346Z, 1177.1438514000001, 825.9588921999999
1701425844361, 2023-12-01T10:17:24.361Z, 1175.0210746, 828.3020446
1701425844376, 2023-12-01T10:17:24.376Z, 1172.9044754000001, 832.3850571999999
1701425844393, 2023-12-01T10:17:24.393Z, 1171.8376113999998, 835.5969035999999
1701425844424, 2023-12-01T10:17:24.424Z, 1168.6809125999998, 838.9502696
1701425844439, 2023-12-01T10:17:24.439Z, 1165.4255776, 843.5954792
1701425844463, 2023-12-01T10:17:24.463Z, 1163.5894598, 847.9929826
1701425844486, 2023-12-01T10:17:24.486Z, 1159.413838, 848.2359248
1701425844518, 2023-12-01T10:17:24.518Z, 1161.5614905999998, 849.1681784
1701425844533, 2023-12-01T10:17:24.533Z, 1166.94099, 850.2911444000001
1701425844567, 2023-12-01T10:17:24.567Z, 1168.60169, 851.019578
1701425844581, 2023-12-01T10:17:24.581Z, 1169.2463733999998, 851.8246907999999
1701425844614, 2023-12-01T10:17:24.614Z, 1167.9472304, 852.1907834
1701425844645, 2023-12-01T10:17:24.645Z, 1164.502978, 854.5450138
1701425844662, 2023-12-01T10:17:24.662Z, 1160.3413931999999, 856.0251515999998
1701425844695, 2023-12-01T10:17:24.695Z, 1152.4589408, 855.1362922000001
1701425844711, 2023-12-01T10:17:24.711Z, 1146.3524338000002, 853.5413897999999
1701425844743, 2023-12-01T10:17:24.743Z, 1141.8989946000002, 851.2804768
1701425844788, 2023-12-01T10:17:24.788Z, 1140.3762062, 848.2029920000001
1701425844804, 2023-12-01T10:17:24.804Z, 1138.8501906000001, 845.5241931999999
1701425844822, 2023-12-01T10:17:24.822Z, 1141.8313107999998, 845.5998062000001
1701425844851, 2023-12-01T10:17:24.851Z, 1145.7255402000003, 848.4951094
1701425844883, 2023-12-01T10:17:24.883Z, 1152.4042046, 854.990047
1701425844913, 2023-12-01T10:17:24.913Z, 1160.8790516, 863.58402
1701425844930, 2023-12-01T10:17:24.930Z, 1171.0395242, 873.5958311999999
1701425844961, 2023-12-01T10:17:24.961Z, 1177.982442, 882.9372114
1701425844981, 2023-12-01T10:17:24.981Z, 1169.8370220000002, 891.6921692
1701425845011, 2023-12-01T10:17:25.011Z, 1159.9250021999999, 896.5673029999998
1701425845027, 2023-12-01T10:17:25.027Z, 1146.1074084, 897.3921661999999
1701425845073, 2023-12-01T10:17:25.073Z, 1075.83125, 880.4947466
1701425845093, 2023-12-01T10:17:25.093Z, 1001.3824754, 861.6838568
1701425845185, 2023-12-01T10:17:25.185Z, 835.1311761999999, 814.6585324