1701364693007, 2023-11-30T17:18:13.007Z, 921.0887925999999, 741.9455777999999
1701364693034, 2023-11-30T17:18:13.034Z, 781.1727622, 717.7867506
1701364693048, 2023-11-30T17:18:13.048Z, 637.4927128, 693.440307
1701364693061, 2023-11-30T17:18:13.061Z, 487.76675159999996, 667.985938
1701364693086, 2023-11-30T17:18:13.086Z, 435.9286768, 661.566313
1701364693102, 2023-11-30T17:18:13.102Z, 423.88510660000003, 663.6177772
1701364693118, 2023-11-30T17:18:13.118Z, 411.7174222, 667.0879836
1701364693133, 2023-11-30T17:18:13.133Z, 404.7390388, 669.5568174
1701364693148, 2023-11-30T17:18:13.148Z, 405.692899, 672.8640664
1701364693164, 2023-11-30T17:18:13.164Z, 407.97654420000003, 675.3439645999999
1701364693180, 2023-11-30T17:18:13.180Z, 406.3620124, 673.712332
1701364693210, 2023-11-30T17:18:13.210Z, 404.7030036, 672.3607718
1701364693226, 2023-11-30T17:18:13.226Z, 400.8626838, 672.3245936000001
1701364693243, 2023-11-30T17:18:13.243Z, 384.86500420000004, 676.9360196
1701364693257, 2023-11-30T17:18:13.257Z, 367.48917079999995, 681.2084616
1701364693274, 2023-11-30T17:18:13.274Z, 348.9835372, 684.9508543999999
1701364693288, 2023-11-30T17:18:13.288Z, 328.5994912, 689.2875322
1701364693304, 2023-11-30T17:18:13.304Z, 311.82028920000005, 692.1596751999999
1701364693334, 2023-11-30T17:18:13.334Z, 304.911593, 691.071189
1701364693351, 2023-11-30T17:18:13.351Z, 296.6477238, 689.3955546
1701364693368, 2023-11-30T17:18:13.368Z, 289.6084726, 688.7502402
1701364693382, 2023-11-30T17:18:13.382Z, 287.53219520000005, 687.2424358000001
1701364693397, 2023-11-30T17:18:13.397Z, 283.47536279999997, 687.0336012
1701364693413, 2023-11-30T17:18:13.413Z, 275.1995924, 689.0060302
1701364693430, 2023-11-30T17:18:13.430Z, 266.5835072, 693.7606098
1701364693443, 2023-11-30T17:18:13.443Z, 257.476487, 699.2181042
1701364693458, 2023-11-30T17:18:13.458Z, 248.54764, 705.5822513999999
1701364693482, 2023-11-30T17:18:13.482Z, 258.6416312, 711.8904399999999
1701364693505, 2023-11-30T17:18:13.505Z, 341.0595972, 716.3285232000001
1701364693520, 2023-11-30T17:18:13.520Z, 439.9176964, 719.9656076
1701364693536, 2023-11-30T17:18:13.536Z, 545.9617846000001, 723.546761
1701364693552, 2023-11-30T17:18:13.552Z, 662.2758666, 727.5499476
1701364693568, 2023-11-30T17:18:13.568Z, 834.2633502000001, 737.3055612
1701364693584, 2023-11-30T17:18:13.584Z, 940.1460824, 745.4506788000001
1701364693603, 2023-11-30T17:18:13.603Z, 1030.6754130000002, 752.1371588000001
1701364693630, 2023-11-30T17:18:13.630Z, 1113.8899946, 757.3742750000001
1701364693648, 2023-11-30T17:18:13.648Z, 1186.9350922, 760.3965178000001
1701364693676, 2023-11-30T17:18:13.676Z, 1186.7211642000002, 756.9334414
1701364693692, 2023-11-30T17:18:13.692Z, 1191.137251, 758.6350136
1701364693707, 2023-11-30T17:18:13.707Z, 1194.8194170000002, 760.7506366
1701364693722, 2023-11-30T17:18:13.722Z, 1196.4543586, 764.1460549999999
1701364693738, 2023-11-30T17:18:13.738Z, 1195.2665222, 771.5112601999999
1701364693754, 2023-11-30T17:18:13.754Z, 1192.1482004000002, 780.3884936000001
1701364693782, 2023-11-30T17:18:13.782Z, 1184.559648, 785.6077636
1701364693796, 2023-11-30T17:18:13.796Z, 1175.873905, 794.7887032000001
1701364693819, 2023-11-30T17:18:13.819Z, 1170.485759, 802.9742108
1701364693834, 2023-11-30T17:18:13.834Z, 1164.7333276000002, 809.6538521999998
1701364693850, 2023-11-30T17:18:13.850Z, 1157.115916, 816.654314
1701364693865, 2023-11-30T17:18:13.865Z, 1152.9240402, 820.6218848000001
1701364693880, 2023-11-30T17:18:13.880Z, 1149.4046826, 821.646522
1701364693896, 2023-11-30T17:18:13.896Z, 1147.017851, 823.0776900000001
1701364693911, 2023-11-30T17:18:13.911Z, 1147.7023894, 824.6870417999999
1701364693933, 2023-11-30T17:18:13.933Z, 1152.7959836000002, 825.4374700000001
1701364693942, 2023-11-30T17:18:13.942Z, 1155.6101234, 827.324977
1701364693961, 2023-11-30T17:18:13.961Z, 1167.8483952, 819.2713394
1701364693990, 2023-11-30T17:18:13.990Z, 1176.9964168, 812.5590244
1701364694005, 2023-11-30T17:18:14.005Z, 1181.5597868, 806.6595110000001
1701364694021, 2023-11-30T17:18:14.021Z, 1184.1793978, 800.5073692
1701364694036, 2023-11-30T17:18:14.036Z, 1189.0407946, 793.006865
1701364694068, 2023-11-30T17:18:14.068Z, 1183.2265674, 793.8156234
1701364694083, 2023-11-30T17:18:14.083Z, 1180.1631392, 793.318602
1701364694098, 2023-11-30T17:18:14.098Z, 1173.1162834000002, 794.0040753999999
1701364694114, 2023-11-30T17:18:14.114Z, 1167.9517585999997, 793.7046644
1701364694131, 2023-11-30T17:18:14.131Z, 1156.5526728, 796.4088398
1701364694146, 2023-11-30T17:18:14.146Z, 1146.4546874, 798.3543236
1701364694161, 2023-11-30T17:18:14.161Z, 1135.1067192, 799.001749
1701364694178, 2023-11-30T17:18:14.178Z, 1131.550547, 795.9024358
1701364694195, 2023-11-30T17:18:14.195Z, 1127.1312966, 794.1383758000001
1701364694208, 2023-11-30T17:18:14.208Z, 1126.6067088000002, 791.9564664000001
1701364694234, 2023-11-30T17:18:14.234Z, 1128.5710414, 792.7299352
1701364694246, 2023-11-30T17:18:14.246Z, 1129.8355694000002, 793.301557
1701364694270, 2023-11-30T17:18:14.270Z, 1132.0214892, 794.6237284
1701364694285, 2023-11-30T17:18:14.285Z, 1133.4721948, 794.523336
1701364694301, 2023-11-30T17:18:14.301Z, 1134.0724146, 794.5475752
1701364694317, 2023-11-30T17:18:14.317Z, 1133.4000124, 792.6999233999999
1701364694333, 2023-11-30T17:18:14.333Z, 1133.3495644, 792.2238862
1701364694347, 2023-11-30T17:18:14.347Z, 1132.2065432000002, 791.5322514
1701364694363, 2023-11-30T17:18:14.363Z, 1131.125411, 791.6874782000001
1701364694385, 2023-11-30T17:18:14.385Z, 1129.793125, 791.3712158000001
1701364694393, 2023-11-30T17:18:14.393Z, 1128.0090722, 791.586903
1701364694411, 2023-11-30T17:18:14.411Z, 1125.4413198, 793.1382580000001
1701364694440, 2023-11-30T17:18:14.440Z, 1123.8243628, 794.7514870000001
1701364694457, 2023-11-30T17:18:14.457Z, 1124.5382894, 796.1430092
1701364694487, 2023-11-30T17:18:14.487Z, 1125.98162, 796.8664838
1701364694520, 2023-11-30T17:18:14.520Z, 1130.1538794, 797.1886628
1701364694533, 2023-11-30T17:18:14.533Z, 1134.2632042, 796.2657132000002
1701364694549, 2023-11-30T17:18:14.549Z, 1135.5548523999998, 793.187684
1701364694564, 2023-11-30T17:18:14.564Z, 1134.1713094, 789.957127
1701364694581, 2023-11-30T17:18:14.581Z, 1133.6827342000001, 787.5995596
1701364694595, 2023-11-30T17:18:14.595Z, 1131.6584544000002, 785.6342332
1701364694612, 2023-11-30T17:18:14.612Z, 1133.0739738, 783.1960728
1701364694626, 2023-11-30T17:18:14.626Z, 1135.3397529999997, 783.0588156
1701364694642, 2023-11-30T17:18:14.642Z, 1147.4967702000001, 782.3031042
1701364694658, 2023-11-30T17:18:14.658Z, 1159.5493024, 780.7737564
1701364694683, 2023-11-30T17:18:14.683Z, 1171.1638580000001, 779.4118646
1701364694697, 2023-11-30T17:18:14.697Z, 1176.4697426, 779.1788388
1701364694708, 2023-11-30T17:18:14.708Z, 1183.5102688000002, 778.6019812000001
1701364694736, 2023-11-30T17:18:14.736Z, 1169.8428106, 780.3484578
1701364694750, 2023-11-30T17:18:14.750Z, 1157.4353476000001, 782.0740814000001
1701364694767, 2023-11-30T17:18:14.767Z, 1146.8815094, 783.4582996
1701364694781, 2023-11-30T17:18:14.781Z, 1137.8079492, 784.5491368
1701364694796, 2023-11-30T17:18:14.796Z, 1128.1238084000001, 785.4566922000001
1701364694811, 2023-11-30T17:18:14.811Z, 1128.720233, 785.3430034
1701364694835, 2023-11-30T17:18:14.835Z, 1127.9115493999998, 785.7678048
1701364694845, 2023-11-30T17:18:14.845Z, 1128.6282268000002, 785.1605394000001
1701364694875, 2023-11-30T17:18:14.875Z, 1136.8854059999999, 783.1664674000001
1701364694890, 2023-11-30T17:18:14.890Z, 1144.2346162, 781.7056776000002
1701364694922, 2023-11-30T17:18:14.922Z, 1154.6949478000001, 781.3635384
1701364694938, 2023-11-30T17:18:14.938Z, 1158.7425018, 788.0524486
1701364694955, 2023-11-30T17:18:14.955Z, 1165.62851, 797.9266805999999
1701364694986, 2023-11-30T17:18:14.986Z, 1180.3503150000001, 809.9812608
1701364695001, 2023-11-30T17:18:15.001Z, 1200.717527, 821.6717322000001
1701364695017, 2023-11-30T17:18:15.017Z, 1216.7333584, 831.9886114000001
1701364695035, 2023-11-30T17:18:15.035Z, 1258.2717528, 838.8186542
1701364695065, 2023-11-30T17:18:15.065Z, 1294.762686, 844.7390601999999
1701364695080, 2023-11-30T17:18:15.080Z, 1322.0951068, 850.2071963999999
1701364695112, 2023-11-30T17:18:15.112Z, 1361.0781554, 859.5494826
1701364695146, 2023-11-30T17:18:15.146Z, 1413.0475392, 870.4487858
1701364695159, 2023-11-30T17:18:15.159Z, 1444.6060578, 876.9490765999999
1701364695207, 2023-11-30T17:18:15.207Z, 1483.3102892, 883.2084790000001
1701364695253, 2023-11-30T17:18:15.253Z, 1510.2521493999998, 885.1530692
1701364695286, 2023-11-30T17:18:15.286Z, 1524.7407386, 884.9180982
1701364695301, 2023-11-30T17:18:15.301Z, 1530.6688405999998, 883.7176714000001
1701364695333, 2023-11-30T17:18:15.333Z, 1524.2098288000002, 884.9178694
1701364695350, 2023-11-30T17:18:15.350Z, 1509.0560326, 885.662564
1701364695382, 2023-11-30T17:18:15.382Z, 1507.5285775999998, 890.4542958
1701364695397, 2023-11-30T17:18:15.397Z, 1503.9931689999999, 893.4500879999999
1701364695475, 2023-11-30T17:18:15.475Z, 1483.7177155999998, 898.4828312000002
1701364695600, 2023-11-30T17:18:15.600Z, 1482.5956591999998, 901.5183285999999
1701364695616, 2023-11-30T17:18:15.616Z, 1472.6950934, 904.4398408000001
1701364695630, 2023-11-30T17:18:15.630Z, 1457.402278, 906.8938371999999
1701364695646, 2023-11-30T17:18:15.646Z, 1444.0593549999999, 907.96916
1701364695662, 2023-11-30T17:18:15.662Z, 1446.1196370000002, 903.4401389999999
1701364695677, 2023-11-30T17:18:15.677Z, 1436.747037, 896.3296127999998
1701364695693, 2023-11-30T17:18:15.693Z, 1427.9730886, 884.7106722000001
1701364695707, 2023-11-30T17:18:15.707Z, 1414.2003917999998, 869.1667057999999
1701364695732, 2023-11-30T17:18:15.732Z, 1389.6497154, 846.8722988
1701364695755, 2023-11-30T17:18:15.755Z, 1356.5439927999998, 824.0566445999999
1701364695770, 2023-11-30T17:18:15.770Z, 1324.465201, 798.2504756000001
1701364695787, 2023-11-30T17:18:15.787Z, 1300.881233, 776.6553028000001
1701364695802, 2023-11-30T17:18:15.802Z, 1275.5652378, 760.6852386
1701364695817, 2023-11-30T17:18:15.817Z, 1259.0646842, 749.6409621999999
1701364695834, 2023-11-30T17:18:15.834Z, 1249.1565886, 742.9106641999999
1701364695849, 2023-11-30T17:18:15.849Z, 1243.5164208, 742.4258637999999
1701364695864, 2023-11-30T17:18:15.864Z, 1237.8746322, 741.8192008
1701364695879, 2023-11-30T17:18:15.879Z, 1239.8695724, 741.5692996
1701364695899, 2023-11-30T17:18:15.899Z, 1242.0084786, 744.0511186
1701364695925, 2023-11-30T17:18:15.925Z, 1243.9508223999999, 746.6901426000001
1701364695942, 2023-11-30T17:18:15.942Z, 1246.8508866, 750.502549
1701364695972, 2023-11-30T17:18:15.972Z, 1250.2077027999999, 755.1707759999999
1701364695988, 2023-11-30T17:18:15.988Z, 1246.35648, 755.7636746000001
1701364696004, 2023-11-30T17:18:16.004Z, 1236.9977901999998, 757.4849488000001
1701364696035, 2023-11-30T17:18:16.035Z, 1228.5384418, 758.1952438000001
1701364696049, 2023-11-30T17:18:16.049Z, 1219.3647416, 758.2580882
1701364696066, 2023-11-30T17:18:16.066Z, 1207.0774276, 758.2693468
1701364696081, 2023-11-30T17:18:16.081Z, 1201.116683, 761.8766186
1701364696096, 2023-11-30T17:18:16.096Z, 1198.0433315999999, 765.1956392
1701364696112, 2023-11-30T17:18:16.112Z, 1194.3164934000001, 767.9930007999999
1701364696128, 2023-11-30T17:18:16.128Z, 1194.470756, 769.1938554000001
1701364696142, 2023-11-30T17:18:16.142Z, 1196.0250194, 769.7198903999999
1701364696158, 2023-11-30T17:18:16.158Z, 1195.6509328, 769.0256233999999
1701364696183, 2023-11-30T17:18:16.183Z, 1194.1746604, 767.6331972
1701364696204, 2023-11-30T17:18:16.204Z, 1194.1805454, 766.2305888
1701366911023, 2023-11-30T17:55:11.023Z, 906.6829694, 556.6036372
1701366911039, 2023-11-30T17:55:11.039Z, 908.336309, 558.3474556
1701366911069, 2023-11-30T17:55:11.069Z, 909.3316118, 557.5369479999999
1701366911085, 2023-11-30T17:55:11.085Z, 910.2089063999999, 556.775687
1701366911115, 2023-11-30T17:55:11.115Z, 910.3724712, 555.7091876000001
1701366911163, 2023-11-30T17:55:11.163Z, 911.7388338000001, 555.5092465999999
1701366911178, 2023-11-30T17:55:11.178Z, 914.1524380000001, 556.3003632
1701366911224, 2023-11-30T17:55:11.224Z, 922.3564161999999, 591.3842695999999
1701366911257, 2023-11-30T17:55:11.257Z, 933.0602186, 640.3146014
1701366911273, 2023-11-30T17:55:11.273Z, 944.9990469999999, 692.2054631999999
1701366911295, 2023-11-30T17:55:11.295Z, 953.8677344, 744.3406092000001
1701366911319, 2023-11-30T17:55:11.319Z, 961.522929, 796.6492008
1701366911351, 2023-11-30T17:55:11.351Z, 964.9348682, 818.3636991999999
1701366911367, 2023-11-30T17:55:11.367Z, 967.3928854, 826.2456867999999
1701366911398, 2023-11-30T17:55:11.398Z, 965.3157916, 831.3582018
1701366911460, 2023-11-30T17:55:11.460Z, 997.3202124, 843.2315011999999
1701366911490, 2023-11-30T17:55:11.490Z, 1043.6358744000001, 857.7114874000001
1701366911522, 2023-11-30T17:55:11.522Z, 1084.2313304, 867.7162427999999
1701366911538, 2023-11-30T17:55:11.538Z, 1121.9325702, 877.1220366
1701366911567, 2023-11-30T17:55:11.567Z, 1164.5727382, 888.7108736000002
1701366911615, 2023-11-30T17:55:11.615Z, 1166.9074344, 891.3712786
1701366911630, 2023-11-30T17:55:11.630Z, 1105.217149, 872.5230437999999
1701366911662, 2023-11-30T17:55:11.662Z, 1067.4841676, 863.1433145999999
1701366911676, 2023-11-30T17:55:11.676Z, 1037.880948, 857.9852976
1701366911708, 2023-11-30T17:55:11.708Z, 1026.7573830000001, 857.187473
1701366911723, 2023-11-30T17:55:11.723Z, 1025.3598722000002, 856.0807536
1701366911742, 2023-11-30T17:55:11.742Z, 1038.048222, 866.6404249999999
1701366911758, 2023-11-30T17:55:11.758Z, 1030.1466132, 867.0028249999999
1701366911787, 2023-11-30T17:55:11.787Z, 1015.1517326000001, 860.742275
1701366911801, 2023-11-30T17:55:11.801Z, 973.1797426, 848.0162056000001
1701366911835, 2023-11-30T17:55:11.835Z, 925.9593262000001, 836.355056
1701366911850, 2023-11-30T17:55:11.850Z, 915.0946246, 829.9308957999999
1701366911893, 2023-11-30T17:55:11.893Z, 905.1790644, 825.0821689999999
1701366911927, 2023-11-30T17:55:11.927Z, 895.6547737999999, 823.4522870000001
1701366911943, 2023-11-30T17:55:11.943Z, 891.7787042, 818.1387758
1701366911975, 2023-11-30T17:55:11.975Z, 895.8254042000001, 818.9388228
1701366911991, 2023-11-30T17:55:11.991Z, 931.2026056000001, 835.4041793999999
1701366912085, 2023-11-30T17:55:12.085Z, 967.2567464, 854.0758248
1701366912124, 2023-11-30T17:55:12.124Z, 1001.4891414, 866.3331648
1701366912165, 2023-11-30T17:55:12.165Z, 1035.16415, 883.754895
1701366912212, 2023-11-30T17:55:12.212Z, 1040.5007825999999, 893.6644689999999
1701366912259, 2023-11-30T17:55:12.259Z, 1010.5761912, 887.1081049999999
1701366912306, 2023-11-30T17:55:12.306Z, 979.9557465999999, 878.9939486
1701366912383, 2023-11-30T17:55:12.383Z, 988.6089005999999, 880.5065032
1701366912448, 2023-11-30T17:55:12.448Z, 1005.3546578000002, 882.7962789999999
1701366912477, 2023-11-30T17:55:12.477Z, 1042.0150102, 880.2488483999999
1701366912522, 2023-11-30T17:55:12.522Z, 1047.9586020000002, 878.3085936
1701370011011, 2023-11-30T18:46:51.011Z, 1195.49613, 401.13760920000004
1701370011057, 2023-11-30T18:46:51.057Z, 1231.6891867999998, 413.89334040000006
1701370011090, 2023-11-30T18:46:51.090Z, 1297.0871436, 436.31288680000006
1701370011107, 2023-11-30T18:46:51.107Z, 1346.806264, 452.3464366
1701370011136, 2023-11-30T18:46:51.136Z, 1369.5127438, 459.82703440000006
1701370011152, 2023-11-30T18:46:51.152Z, 1399.346546, 472.1520431999999
1701370011181, 2023-11-30T18:46:51.181Z, 1384.0648244, 468.9978152
1701370011228, 2023-11-30T18:46:51.228Z, 1325.0799652, 449.98218779999996
1701370011243, 2023-11-30T18:46:51.243Z, 1283.714077, 439.2604224
1701370011274, 2023-11-30T18:46:51.274Z, 1264.3034732, 435.31467219999996
1701370011290, 2023-11-30T18:46:51.290Z, 1259.5892994, 438.099907
1701370011322, 2023-11-30T18:46:51.322Z, 1252.5813398, 437.6459738
1701370011339, 2023-11-30T18:46:51.339Z, 1265.5550698000002, 444.92874279999995
1701370011358, 2023-11-30T18:46:51.358Z, 1263.38776, 443.94624860000005
1701370011383, 2023-11-30T18:46:51.383Z, 1281.4005212, 451.9116934
1701370011415, 2023-11-30T18:46:51.415Z, 1271.9113022000001, 442.4956924
1701370011447, 2023-11-30T18:46:51.447Z, 1270.7629014000001, 433.7764988
1701370011479, 2023-11-30T18:46:51.479Z, 1275.913186, 426.4693386
1701370011541, 2023-11-30T18:46:51.541Z, 1321.625759, 424.33467200000007
1701370011589, 2023-11-30T18:46:51.589Z, 1359.526439, 414.45945900000004
1701370011636, 2023-11-30T18:46:51.636Z, 1396.9024450000002, 421.2708024
1701370011730, 2023-11-30T18:46:51.730Z, 1411.4220406, 446.4260442
1701370011746, 2023-11-30T18:46:51.746Z, 1408.6082959999999, 476.82255599999996
1701370011764, 2023-11-30T18:46:51.764Z, 1328.8549428000001, 514.9052224
1701370011793, 2023-11-30T18:46:51.793Z, 1254.1841954, 561.805267
1701370011826, 2023-11-30T18:46:51.826Z, 1170.5504918, 599.1668436
1701370011840, 2023-11-30T18:46:51.840Z, 1122.1068718, 628.5537806
1701370011857, 2023-11-30T18:46:51.857Z, 1065.6375034, 652.9553428
1701370011873, 2023-11-30T18:46:51.873Z, 1062.1564465999998, 670.181734
1701370011902, 2023-11-30T18:46:51.902Z, 1047.7409670000002, 680.408186
1701370011918, 2023-11-30T18:46:51.918Z, 1056.4392927999997, 687.1757516
1701370011960, 2023-11-30T18:46:51.960Z, 1063.5836664, 698.863606
1701370011997, 2023-11-30T18:46:51.997Z, 1077.6633782000001, 699.3175914000001
1701370012014, 2023-11-30T18:46:52.014Z, 1055.6156444, 695.6337857999999
1701370012033, 2023-11-30T18:46:52.033Z, 1034.704625, 694.49262
1701370012063, 2023-11-30T18:46:52.063Z, 1017.7688066000001, 700.3332035999999
1701370012092, 2023-11-30T18:46:52.092Z, 990.3974609999999, 696.7134318
1701370012124, 2023-11-30T18:46:52.124Z, 1010.2709766, 715.1738714
1701370012139, 2023-11-30T18:46:52.139Z, 1056.6914391999999, 729.972885
1701370012170, 2023-11-30T18:46:52.170Z, 1098.7112297999997, 735.2034238
1701370012185, 2023-11-30T18:46:52.185Z, 1133.6214242, 739.6076496000001
1701370012217, 2023-11-30T18:46:52.217Z, 1160.9446118, 737.1389182
1701370012233, 2023-11-30T18:46:52.233Z, 1158.3553044, 723.7259788
1701370012260, 2023-11-30T18:46:52.260Z, 1145.4557026, 715.541885
1701370012271, 2023-11-30T18:46:52.271Z, 1149.0720338, 717.0251472
1701370012311, 2023-11-30T18:46:52.311Z, 1139.2322946, 713.305957
1701370012325, 2023-11-30T18:46:52.325Z, 1153.1392698, 721.1903752
1701370012357, 2023-11-30T18:46:52.357Z, 1148.4144468, 723.5748732
1701370012373, 2023-11-30T18:46:52.373Z, 1162.6488906, 726.1994572
1701370012591, 2023-11-30T18:46:52.591Z, 1136.6080296, 729.3358000000001
1701370012622, 2023-11-30T18:46:52.622Z, 1080.2832318, 726.8019342
1701370012639, 2023-11-30T18:46:52.639Z, 1013.1347845999999, 720.9196082
1701370012672, 2023-11-30T18:46:52.672Z, 954.7596582, 717.1702346
1701370012686, 2023-11-30T18:46:52.686Z, 884.779252, 712.48617
1701370012721, 2023-11-30T18:46:52.721Z, 885.1539552, 713.512361
1701370012764, 2023-11-30T18:46:52.764Z, 934.5290848000001, 723.3378736000001
1701370012778, 2023-11-30T18:46:52.778Z, 983.940288, 733.8257192
1701370012797, 2023-11-30T18:46:52.797Z, 1027.4272236000002, 743.2840198
1701370012824, 2023-11-30T18:46:52.824Z, 1036.9734626, 745.1898248
1701370012857, 2023-11-30T18:46:52.857Z, 1007.5584214, 739.2871404
1701370012885, 2023-11-30T18:46:52.885Z, 960.8983003999999, 731.563343
1701370012902, 2023-11-30T18:46:52.902Z, 917.120255, 723.9223498000001
1701370012933, 2023-11-30T18:46:52.933Z, 878.1479810000001, 715.8406106
1701370012948, 2023-11-30T18:46:52.948Z, 889.4748468, 718.6656258
1701370012979, 2023-11-30T18:46:52.979Z, 898.7454777999999, 720.644845
1701370013027, 2023-11-30T18:46:53.027Z, 929.2558923999999, 727.8082185999999
1701370013043, 2023-11-30T18:46:53.043Z, 968.3686478, 736.3810694
1701370013073, 2023-11-30T18:46:53.073Z, 1000.7830485999999, 742.9976816
1701370013090, 2023-11-30T18:46:53.090Z, 986.0699192, 731.6039912
1701370013120, 2023-11-30T18:46:53.120Z, 972.3544554, 722.724745
1701370013135, 2023-11-30T18:46:53.135Z, 952.0814193999998, 711.0254676
1701370013156, 2023-11-30T18:46:53.156Z, 925.7395434, 703.9724819999999
1701370013181, 2023-11-30T18:46:53.181Z, 911.223055, 703.8234410000001
1701370013204, 2023-11-30T18:46:53.204Z, 921.6696228000001, 717.7295458000001
1701370013228, 2023-11-30T18:46:53.228Z, 945.346647, 730.7453174
1701370013247, 2023-11-30T18:46:53.247Z, 948.3771036, 736.9510254
1701370013275, 2023-11-30T18:46:53.275Z, 959.4214635999999, 739.2228014000001
1701370013307, 2023-11-30T18:46:53.307Z, 952.6423918, 732.0409418000002
1701370013338, 2023-11-30T18:46:53.338Z, 959.9603078, 717.480192
1701370013354, 2023-11-30T18:46:53.354Z, 963.1432876000001, 705.1007269999999
1701370013385, 2023-11-30T18:46:53.385Z, 979.850052, 696.1083654
1701370013400, 2023-11-30T18:46:53.400Z, 980.7117204, 683.9029273999998
1701370013432, 2023-11-30T18:46:53.432Z, 995.2422339999999, 676.988916
1701370013480, 2023-11-30T18:46:53.480Z, 1000.939427, 676.4506498000001
1701370013494, 2023-11-30T18:46:53.494Z, 997.383497, 671.6458116
1701370013526, 2023-11-30T18:46:53.526Z, 995.8650244, 671.5479866000001
1701370013540, 2023-11-30T18:46:53.540Z, 1009.2222302, 674.2088258
1701370013575, 2023-11-30T18:46:53.575Z, 1023.5527692, 676.6552522
1701370013588, 2023-11-30T18:46:53.588Z, 1034.7629458, 682.9796409999999
1701370013611, 2023-11-30T18:46:53.611Z, 1027.7117804, 689.7896633999999
1701370013634, 2023-11-30T18:46:53.634Z, 1019.3215216000001, 692.7840742000001
1701370013654, 2023-11-30T18:46:53.654Z, 997.5838498, 694.5110920000001
1701370013666, 2023-11-30T18:46:53.666Z, 975.306947, 697.3030151999999
1701370013697, 2023-11-30T18:46:53.697Z, 940.9995204, 691.5017186
1701370013713, 2023-11-30T18:46:53.713Z, 929.3428541999999, 687.8863690000001
1701370013757, 2023-11-30T18:46:53.757Z, 916.212305, 684.9143581999999
1701370013791, 2023-11-30T18:46:53.791Z, 892.4314314, 687.5969568
1701370013806, 2023-11-30T18:46:53.806Z, 867.3796222000001, 689.9703086
1701370013837, 2023-11-30T18:46:53.837Z, 864.4632718, 699.7371676
1701370013853, 2023-11-30T18:46:53.853Z, 870.6767997999999, 709.9524878
1701370013883, 2023-11-30T18:46:53.883Z, 867.7663862000002, 712.9168057999999
1701370013947, 2023-11-30T18:46:53.947Z, 895.5706676, 716.0183958
1701370013978, 2023-11-30T18:46:53.978Z, 913.458734, 718.4332296
1701370013993, 2023-11-30T18:46:53.993Z, 920.4172914000001, 717.7174156
1701370014011, 2023-11-30T18:46:54.011Z, 912.346263, 709.9359786
1701370014041, 2023-11-30T18:46:54.041Z, 929.8953538, 712.524825
1701370014057, 2023-11-30T18:46:54.057Z, 919.2973818, 706.1762734
1701370014070, 2023-11-30T18:46:54.070Z, 929.2633482000001, 703.0282932
1701370014102, 2023-11-30T18:46:54.102Z, 941.2777374, 702.2058119999999
1701370014117, 2023-11-30T18:46:54.117Z, 956.6473759999999, 707.0191618
1701370014149, 2023-11-30T18:46:54.149Z, 943.0656676000001, 698.9620350000001
1701370014163, 2023-11-30T18:46:54.163Z, 934.4667188, 691.4899171999999
1701370014206, 2023-11-30T18:46:54.206Z, 916.985317, 682.4051926
1701370014243, 2023-11-30T18:46:54.243Z, 896.0025898, 679.0740466
1701370014258, 2023-11-30T18:46:54.258Z, 876.0872932, 675.7413354
1701370014289, 2023-11-30T18:46:54.289Z, 870.6218885999999, 682.3207104
1701370014305, 2023-11-30T18:46:54.305Z, 883.2969244, 693.0640706
1701370014336, 2023-11-30T18:46:54.336Z, 887.3166355999999, 702.3343042
1701370014376, 2023-11-30T18:46:54.376Z, 884.479068, 703.391403
1701370014398, 2023-11-30T18:46:54.398Z, 882.6047632, 704.4722388
1701370014429, 2023-11-30T18:46:54.429Z, 905.3773940000001, 707.2077397999999
1701370014445, 2023-11-30T18:46:54.445Z, 919.3435356, 708.0505866000001
1701370014464, 2023-11-30T18:46:54.464Z, 910.5951702, 705.7563626
1701370014476, 2023-11-30T18:46:54.476Z, 917.2411518000001, 706.1821622
1701370014508, 2023-11-30T18:46:54.508Z, 919.1854664, 709.4829278
1701370014525, 2023-11-30T18:46:54.525Z, 896.1451008, 713.93381
1701370014555, 2023-11-30T18:46:54.555Z, 869.9202165999999, 723.7095924000001
1701370014603, 2023-11-30T18:46:54.603Z, 870.7367534000001, 736.7121372
1701370014619, 2023-11-30T18:46:54.619Z, 869.5748836, 757.3293136
1701370014696, 2023-11-30T18:46:54.696Z, 870.2328874000001, 775.1544968000001
1701370014712, 2023-11-30T18:46:54.712Z, 870.038311, 788.7376498000001
1701370014871, 2023-11-30T18:46:54.871Z, 862.5902026, 809.7682398
1701370014886, 2023-11-30T18:46:54.886Z, 871.5935442000002, 836.2387708
1701370014918, 2023-11-30T18:46:54.918Z, 871.1772908, 851.7760780000001
1701370014933, 2023-11-30T18:46:54.933Z, 886.2532825999999, 869.8179938000001
1701370014956, 2023-11-30T18:46:54.956Z, 895.6352368, 887.227569
1701370014981, 2023-11-30T18:46:54.981Z, 896.4454088, 888.0372146
1701370015013, 2023-11-30T18:46:55.013Z, 882.8407338000001, 883.6805238000001
1701370015027, 2023-11-30T18:46:55.027Z, 878.2781429999999, 885.3474932000001
1701370015046, 2023-11-30T18:46:55.046Z, 858.5330322, 882.9768559999999
1701370015075, 2023-11-30T18:46:55.075Z, 844.8639300000001, 882.4859948
1701370015108, 2023-11-30T18:46:55.108Z, 843.2258730000001, 884.9400485999998
1701370015137, 2023-11-30T18:46:55.137Z, 840.5277006, 886.6936862
1701370015153, 2023-11-30T18:46:55.153Z, 839.0831201999999, 884.8234348
1701370015201, 2023-11-30T18:46:55.201Z, 838.5120812000001, 882.6775834
1701370015232, 2023-11-30T18:46:55.232Z, 839.083, 879.6521974000001
1701370015280, 2023-11-30T18:46:55.280Z, 841.2270574, 877.1216517999999
1701370015295, 2023-11-30T18:46:55.295Z, 844.3251207999999, 875.3582178
1701370015326, 2023-11-30T18:46:55.326Z, 850.0070496000001, 873.7817957999999
1701370015407, 2023-11-30T18:46:55.407Z, 871.9782026, 879.552043
1701370015433, 2023-11-30T18:46:55.433Z, 893.0058508, 885.6081946
1701370015451, 2023-11-30T18:46:55.451Z, 893.8842831999998, 886.3224268000001
1701370015481, 2023-11-30T18:46:55.481Z, 893.7603738, 886.3194599999999
1701370015498, 2023-11-30T18:46:55.498Z, 891.6392264, 886.1775252
1701370015515, 2023-11-30T18:46:55.515Z, 872.0509838, 880.538819
1701370015555, 2023-11-30T18:46:55.555Z, 852.3020849999999, 875.3780532000001
1701370015589, 2023-11-30T18:46:55.589Z, 851.4483103999999, 874.5229855999999
1701370015606, 2023-11-30T18:46:55.606Z, 852.3108746, 874.9654032000001
1701370015638, 2023-11-30T18:46:55.638Z, 853.0116544, 875.7274730000001
1701370015732, 2023-11-30T18:46:55.732Z, 854.9363473999999, 874.6504607999999
1701370015778, 2023-11-30T18:46:55.778Z, 872.5963426000001, 880.071377
1701370015816, 2023-11-30T18:46:55.816Z, 884.3092348, 880.0252367999999
1701370015840, 2023-11-30T18:46:55.840Z, 909.9950323999999, 885.5965592
1701370015872, 2023-11-30T18:46:55.872Z, 933.0578136, 890.0841278
1701370015903, 2023-11-30T18:46:55.903Z, 938.6507912, 885.4797052
1701370015921, 2023-11-30T18:46:55.921Z, 935.8880132, 876.6999777999999
1701370015948, 2023-11-30T18:46:55.948Z, 945.2894328, 875.7203928000001
1701370015964, 2023-11-30T18:46:55.964Z, 942.7114922000001, 871.4008512
1701370016013, 2023-11-30T18:46:56.013Z, 962.8655436000001, 872.463266
1701370016044, 2023-11-30T18:46:56.044Z, 998.9451568000001, 880.764436
1701370016059, 2023-11-30T18:46:56.059Z, 1029.2207824000002, 884.9448411999999
1701370016089, 2023-11-30T18:46:56.089Z, 1048.1947564, 883.8294060000001
1701370016105, 2023-11-30T18:46:56.105Z, 1075.4138722, 882.5865411999999
1701370016137, 2023-11-30T18:46:56.137Z, 1083.397148, 873.6684693999999
1701370016185, 2023-11-30T18:46:56.185Z, 1087.080125, 863.9479654
1701370016199, 2023-11-30T18:46:56.199Z, 1116.443324, 865.1388094
1701370016215, 2023-11-30T18:46:56.215Z, 1156.1271276, 870.5264936
1701370016261, 2023-11-30T18:46:56.261Z, 1195.7273057999998, 873.7187342
1701370016276, 2023-11-30T18:46:56.276Z, 1226.0727906, 874.27217
1701370016305, 2023-11-30T18:46:56.305Z, 1259.7922570000003, 877.8736896
1701370016494, 2023-11-30T18:46:56.494Z, 1262.6016504, 869.3596546000001
1701370016510, 2023-11-30T18:46:56.510Z, 1266.4619496, 863.4083314000002
1701370016541, 2023-11-30T18:46:56.541Z, 1258.8483284, 856.7274136
1701370016557, 2023-11-30T18:46:56.557Z, 1260.7789390000003, 855.5362526000001
1701370016587, 2023-11-30T18:46:56.587Z, 1264.353935, 859.7392114
1701370016634, 2023-11-30T18:46:56.634Z, 1270.6540504, 865.0384534000001
1701370016649, 2023-11-30T18:46:56.649Z, 1271.3443768, 867.319134
1701370016665, 2023-11-30T18:46:56.665Z, 1247.569153, 868.4885084
1701423302001, 2023-12-01T09:35:02.001Z, 1052.835771, 532.1743874
1701423302249, 2023-12-01T09:35:02.249Z, 1134.874176, 529.4786071999999
1701423302263, 2023-12-01T09:35:02.263Z, 1204.8864927999998, 541.7885699999999
1701423302294, 2023-12-01T09:35:02.294Z, 1261.6451464000002, 549.0481154
1701423302321, 2023-12-01T09:35:02.321Z, 1312.757487, 553.8802514000001
1701423302342, 2023-12-01T09:35:02.342Z, 1338.293809, 543.9456005999999
1701423302360, 2023-12-01T09:35:02.360Z, 1332.2093176, 536.2628167999999
1701423302374, 2023-12-01T09:35:02.374Z, 1329.9959913999999, 528.0562922
1701423302390, 2023-12-01T09:35:02.390Z, 1321.5957022, 524.818869
1701423302405, 2023-12-01T09:35:02.405Z, 1317.4379192000001, 537.4556021999999
1701423302421, 2023-12-01T09:35:02.421Z, 1331.396321, 561.8958864
1701423302437, 2023-12-01T09:35:02.437Z, 1329.9286656, 580.6918824
1701423302453, 2023-12-01T09:35:02.453Z, 1330.2601143999998, 600.6545086000001
1701423302487, 2023-12-01T09:35:02.487Z, 1332.5644625999998, 622.7432754
1701423302501, 2023-12-01T09:35:02.501Z, 1327.8852886, 633.4252462000001
1701423302516, 2023-12-01T09:35:02.516Z, 1322.2497793999999, 647.6010560000001
1701423302545, 2023-12-01T09:35:02.545Z, 1315.3239546, 664.3583194
1701423302562, 2023-12-01T09:35:02.562Z, 1306.3204776000002, 675.9235054
1701423302577, 2023-12-01T09:35:02.577Z, 1303.9146676, 677.0212873999999
1701423302593, 2023-12-01T09:35:02.593Z, 1310.1508264, 673.3609544000001
1701423302623, 2023-12-01T09:35:02.623Z, 1322.5511388, 663.5970758000001
1701423302639, 2023-12-01T09:35:02.639Z, 1333.5175844, 655.574746
1701423302655, 2023-12-01T09:35:02.655Z, 1339.686996, 650.3760212
1701423302671, 2023-12-01T09:35:02.671Z, 1345.28649, 652.0402809999999
1701423302687, 2023-12-01T09:35:02.687Z, 1348.4356997999998, 655.9136758000001
1701423302703, 2023-12-01T09:35:02.703Z, 1339.5598256, 663.0561604
1701423302719, 2023-12-01T09:35:02.719Z, 1331.7468549999999, 669.4377338
1701423302740, 2023-12-01T09:35:02.740Z, 1325.19623, 674.6555032000001
1701423302751, 2023-12-01T09:35:02.751Z, 1317.8957882, 675.8858904000001
1701423302771, 2023-12-01T09:35:02.771Z, 1307.9814916, 677.1564132000001
1701423302796, 2023-12-01T09:35:02.796Z, 1291.615966, 670.4572974
1701423302812, 2023-12-01T09:35:02.812Z, 1274.1605162, 661.2120017999999
1701423302829, 2023-12-01T09:35:02.829Z, 1237.887112, 655.05656
1701423302844, 2023-12-01T09:35:02.844Z, 1193.6991400000002, 649.4886556
1701423302860, 2023-12-01T09:35:02.860Z, 1148.9863836, 646.6500262
1701423302876, 2023-12-01T09:35:02.876Z, 1115.6949822, 649.0466435999999
1701423302891, 2023-12-01T09:35:02.891Z, 1083.6134779999998, 653.5967138
1701423302919, 2023-12-01T09:35:02.919Z, 1070.235848, 655.3689662
1701423302934, 2023-12-01T09:35:02.934Z, 1062.0673972, 657.7813874
1701423302971, 2023-12-01T09:35:02.971Z, 1060.0786066, 660.4106398000001
1701423302985, 2023-12-01T09:35:02.985Z, 1062.6904102, 666.2412862
1701423303001, 2023-12-01T09:35:03.001Z, 1066.9437176, 669.8456524
1701423303017, 2023-12-01T09:35:03.017Z, 1073.2615535999998, 671.0938610000001
1701423303035, 2023-12-01T09:35:03.035Z, 1081.1326224, 670.911101
1701423303050, 2023-12-01T09:35:03.050Z, 1084.2386524, 665.550194
1701423303073, 2023-12-01T09:35:03.073Z, 1090.5343492, 646.1350828
1701423303083, 2023-12-01T09:35:03.083Z, 1094.2913568, 629.5126268
1701423303113, 2023-12-01T09:35:03.113Z, 1093.895912, 622.2736274
1701423303129, 2023-12-01T09:35:03.129Z, 1094.405767, 616.9430742000001
1701423303152, 2023-12-01T09:35:03.152Z, 1093.5079744, 618.9896314
1701423303176, 2023-12-01T09:35:03.176Z, 1084.6360954, 637.8119688
1701423303207, 2023-12-01T09:35:03.207Z, 1075.5772436, 646.9697942
1701423303223, 2023-12-01T09:35:03.223Z, 1070.4209286, 651.9833552
1701423303238, 2023-12-01T09:35:03.238Z, 1063.3703659999999, 654.7850552
1701423303254, 2023-12-01T09:35:03.254Z, 1060.6552583999999, 655.3942464
1701423303269, 2023-12-01T09:35:03.269Z, 1060.2981655999997, 653.1325408
1701423303286, 2023-12-01T09:35:03.286Z, 1062.5309876, 660.0135374
1701423303303, 2023-12-01T09:35:03.303Z, 1062.8901190000001, 662.2033096
1701423303319, 2023-12-01T09:35:03.319Z, 1064.2909506, 664.9558623999999
1701423303334, 2023-12-01T09:35:03.334Z, 1064.975635, 665.9360810000001
1701423303350, 2023-12-01T09:35:03.350Z, 1063.925577, 665.9266572
1701423303372, 2023-12-01T09:35:03.372Z, 1064.084392, 665.4570054000001
1701423303397, 2023-12-01T09:35:03.397Z, 1065.3393666, 666.7641694
1701423303427, 2023-12-01T09:35:03.427Z, 1069.2375084, 672.4840144000001
1701423303445, 2023-12-01T09:35:03.445Z, 1072.3274794000001, 676.4828766
1701423303477, 2023-12-01T09:35:03.477Z, 1076.776969, 679.7697734000001
1701423303493, 2023-12-01T09:35:03.493Z, 1080.8551333999999, 679.8963488
1701423303525, 2023-12-01T09:35:03.525Z, 1086.411306, 677.7844282000001
1701423303542, 2023-12-01T09:35:03.542Z, 1087.596615, 670.3386152
1701423303556, 2023-12-01T09:35:03.556Z, 1089.0478064, 664.2809998
1701423303571, 2023-12-01T09:35:03.571Z, 1088.9272999999998, 658.088924
1701423303587, 2023-12-01T09:35:03.587Z, 1086.9815328, 653.3061984
1701423303603, 2023-12-01T09:35:03.603Z, 1083.1800856, 649.6130129999999
1701423303619, 2023-12-01T09:35:03.619Z, 1081.6909689999998, 648.290329
1701423303635, 2023-12-01T09:35:03.635Z, 1079.4045383999999, 644.732573
1701423303650, 2023-12-01T09:35:03.650Z, 1077.8698, 642.7406434000001
1701423303671, 2023-12-01T09:35:03.671Z, 1074.2537613999998, 643.2579704
1701423303702, 2023-12-01T09:35:03.702Z, 1069.9810226000002, 649.6535756000001
1701423303718, 2023-12-01T09:35:03.718Z, 1064.8979709999999, 655.936383
1701423303747, 2023-12-01T09:35:03.747Z, 1063.0091138, 668.600621
1701423303762, 2023-12-01T09:35:03.762Z, 1061.1010262, 679.8288956
1701423303793, 2023-12-01T09:35:03.793Z, 1066.2066770000001, 697.9763172
1701423303808, 2023-12-01T09:35:03.808Z, 1075.88132, 715.7447255999999
1701423303824, 2023-12-01T09:35:03.824Z, 1087.2254564, 738.3246548
1701423303841, 2023-12-01T09:35:03.841Z, 1096.6702534, 758.9731554
1701423303855, 2023-12-01T09:35:03.855Z, 1105.1766154, 776.8821752
1701423303872, 2023-12-01T09:35:03.872Z, 1110.4121966000002, 790.2650538
1701423303887, 2023-12-01T09:35:03.887Z, 1110.2362142, 801.9166388
1701423303920, 2023-12-01T09:35:03.920Z, 1103.7565408, 812.8466032
1701423303934, 2023-12-01T09:35:03.934Z, 1095.960747, 821.3380234
1701423303950, 2023-12-01T09:35:03.950Z, 1090.1302394, 831.0565008000001
1701423303972, 2023-12-01T09:35:03.972Z, 1081.8732254, 833.6675798
1701423304000, 2023-12-01T09:35:04.000Z, 1073.195537, 828.6533696
1701423304015, 2023-12-01T09:35:04.015Z, 1069.0802018000002, 816.5744422
1701423304030, 2023-12-01T09:35:04.030Z, 1065.0648688, 803.6160007999999
1701423304045, 2023-12-01T09:35:04.045Z, 1060.1682329999999, 790.259427
1701423304061, 2023-12-01T09:35:04.061Z, 1056.8857468, 779.071468
1701423304076, 2023-12-01T09:35:04.076Z, 1054.6499026, 770.2764712000001
1701423304092, 2023-12-01T09:35:04.092Z, 1052.9508110000002, 762.6595684
1701423304119, 2023-12-01T09:35:04.119Z, 1051.253759, 759.1360436
1701423304135, 2023-12-01T09:35:04.135Z, 1048.9522784, 758.511958
1701423304155, 2023-12-01T09:35:04.155Z, 1048.634837, 760.4968795999999
1701423304171, 2023-12-01T09:35:04.171Z, 1053.9255476, 764.2019591999999
1701423304186, 2023-12-01T09:35:04.186Z, 1060.3532276, 768.0242683999999
1701423304201, 2023-12-01T09:35:04.201Z, 1065.093533, 767.5397316
1701423304217, 2023-12-01T09:35:04.217Z, 1072.3346986000001, 766.070746
1701423304234, 2023-12-01T09:35:04.234Z, 1075.7116580000002, 760.3725122
1701423304421, 2023-12-01T09:35:04.421Z, 1100.945018, 786.9692313999999
1701423304470, 2023-12-01T09:35:04.470Z, 1140.9423468, 797.6506362
1701423304517, 2023-12-01T09:35:04.517Z, 1188.9072896000002, 804.1286952
1701423304570, 2023-12-01T09:35:04.570Z, 1226.1491182000002, 799.1790436
1701423304610, 2023-12-01T09:35:04.610Z, 1267.630078, 797.595067
1701423304626, 2023-12-01T09:35:04.626Z, 1281.6301286000003, 766.9511898000001
1701423304642, 2023-12-01T09:35:04.642Z, 1273.55521, 759.1516518000001
1701423304658, 2023-12-01T09:35:04.658Z, 1260.210297, 756.1407953999999
1701423304676, 2023-12-01T09:35:04.676Z, 1261.1884916, 769.4669388000001
1701423304692, 2023-12-01T09:35:04.692Z, 1261.9443872, 783.4313686
1701423304722, 2023-12-01T09:35:04.722Z, 1255.5928689999998, 791.5183881999999
1701423304738, 2023-12-01T09:35:04.738Z, 1255.7665902, 793.5732134000001
1701423304754, 2023-12-01T09:35:04.754Z, 1257.6975846, 796.5608232
1701423304769, 2023-12-01T09:35:04.769Z, 1250.705492, 794.2425106000001
1701423304786, 2023-12-01T09:35:04.786Z, 1240.508767, 790.0332510000001
1701423304801, 2023-12-01T09:35:04.801Z, 1239.3043963999999, 789.2894383999999
1701423304817, 2023-12-01T09:35:04.817Z, 1238.8913545999999, 788.5105169999999
1701423304833, 2023-12-01T09:35:04.833Z, 1235.2094968, 784.8392676
1701423304872, 2023-12-01T09:35:04.872Z, 1244.0639736, 783.7451571999999
1701423304895, 2023-12-01T09:35:04.895Z, 1259.0366524, 783.6915495999999
1701423304911, 2023-12-01T09:35:04.911Z, 1262.6306499999998, 785.4256494
1701423304926, 2023-12-01T09:35:04.926Z, 1245.7856942000003, 784.3387260000001
1701423304941, 2023-12-01T09:35:04.941Z, 1221.5205424, 781.7161264
1701423304957, 2023-12-01T09:35:04.957Z, 1186.153025, 776.5193372000001
1701423304973, 2023-12-01T09:35:04.973Z, 1149.53548, 772.7830434
1701423304993, 2023-12-01T09:35:04.993Z, 1126.6542104, 767.5916032
1701423305020, 2023-12-01T09:35:05.020Z, 1109.3792212, 766.496817
1701423305037, 2023-12-01T09:35:05.037Z, 1102.83963, 769.1255818
1701423305066, 2023-12-01T09:35:05.066Z, 1105.0573553999998, 779.0169864000001
1701423305083, 2023-12-01T09:35:05.083Z, 1104.3231569999998, 787.5909272
1701423305098, 2023-12-01T09:35:05.098Z, 1102.2850052, 796.2267727999999
1701423305115, 2023-12-01T09:35:05.115Z, 1109.647393, 801.4636534
1701423305130, 2023-12-01T09:35:05.130Z, 1116.276604, 807.9519516
1701423305145, 2023-12-01T09:35:05.145Z, 1114.9683496, 806.9575064
1701423305171, 2023-12-01T09:35:05.171Z, 1113.4254434, 804.2903232000001
1701423305191, 2023-12-01T09:35:05.191Z, 1112.11473, 801.0237340000001
1701423305222, 2023-12-01T09:35:05.222Z, 1117.1479032000002, 797.6261779999999
1701423305237, 2023-12-01T09:35:05.237Z, 1121.212941, 791.887852
1701423305253, 2023-12-01T09:35:05.253Z, 1126.518518, 787.9910744000001
1701423305268, 2023-12-01T09:35:05.268Z, 1124.7179866000001, 782.900481
1701423305286, 2023-12-01T09:35:05.286Z, 1118.789381, 779.5893867999999
1701423305300, 2023-12-01T09:35:05.300Z, 1107.5910472, 781.5999847999999
1701423305321, 2023-12-01T09:35:05.321Z, 1094.1898809999998, 786.0618357999999
1701423305348, 2023-12-01T09:35:05.348Z, 1081.9172750000002, 788.7110806000001
1701423305367, 2023-12-01T09:35:05.367Z, 1074.7671768, 794.9554126
1701423305383, 2023-12-01T09:35:05.383Z, 1069.6745124, 799.4783538
1701423305410, 2023-12-01T09:35:05.410Z, 1061.2066048000002, 795.7330116
1701423305426, 2023-12-01T09:35:05.426Z, 1064.6439708, 795.6089048000001
1701423305442, 2023-12-01T09:35:05.442Z, 1073.3936568, 797.5398488000001
1701423305474, 2023-12-01T09:35:05.474Z, 1083.5213092, 803.2653678
1701423305489, 2023-12-01T09:35:05.489Z, 1090.0143612, 813.7511996000001
1701423305506, 2023-12-01T09:35:05.506Z, 1103.321231, 833.977603
1701423305521, 2023-12-01T09:35:05.521Z, 1103.2428802, 848.3910942
1701423305537, 2023-12-01T09:35:05.537Z, 1095.6786081999999, 862.4565454
1701423305553, 2023-12-01T09:35:05.553Z, 1088.0624512, 872.9958698
1701423305571, 2023-12-01T09:35:05.571Z, 1088.0465462, 881.4501130000001
1701423305586, 2023-12-01T09:35:05.586Z, 1084.5381802, 887.5730526
1701423305625, 2023-12-01T09:35:05.625Z, 1077.7488986, 893.9264116
1701423305649, 2023-12-01T09:35:05.649Z, 1073.7103556, 900.8851318
1701423305788, 2023-12-01T09:35:05.788Z, 1077.495276, 903.2772235999998
1701423305805, 2023-12-01T09:35:05.805Z, 1072.5285516, 898.2817382
1701423305820, 2023-12-01T09:35:05.820Z, 1068.920766, 886.2967012000001
1701423305836, 2023-12-01T09:35:05.836Z, 1071.7766284, 873.1657148
1701423305851, 2023-12-01T09:35:05.851Z, 1072.855687, 863.1214954
1701423305867, 2023-12-01T09:35:05.867Z, 1068.619203, 854.7306664
1701423305882, 2023-12-01T09:35:05.882Z, 1070.9701786, 850.0946756
1701423305897, 2023-12-01T09:35:05.897Z, 1077.0395919999999, 853.1603914
1701423305918, 2023-12-01T09:35:05.918Z, 1085.2976204000001, 861.3487286
1701423305935, 2023-12-01T09:35:05.935Z, 1090.938395, 862.6805958000001
1701423305960, 2023-12-01T09:35:05.960Z, 1092.5369699999999, 861.0545957999999
1701423305993, 2023-12-01T09:35:05.993Z, 1085.710396, 852.8173049999999
1701423306011, 2023-12-01T09:35:06.011Z, 1077.0461178, 837.0694977999999
1701423306011, 2023-12-01T09:35:06.011Z, 1064.6099192, 813.5559345999999
1701423306037, 2023-12-01T09:35:06.037Z, 1052.0986016, 793.1825106
1701423306054, 2023-12-01T09:35:06.054Z, 1040.202589, 783.880324
1701423306086, 2023-12-01T09:35:06.086Z, 1040.6754796, 788.819334
1701423306102, 2023-12-01T09:35:06.102Z, 1043.2603987999998, 794.5944554
1701423306133, 2023-12-01T09:35:06.133Z, 1047.8374028000003, 808.3407892
1701423306148, 2023-12-01T09:35:06.148Z, 1056.3412329999999, 819.0358796
1701423306163, 2023-12-01T09:35:06.163Z, 1060.2095092, 825.1768544
1701423306180, 2023-12-01T09:35:06.180Z, 1059.4703667999997, 824.944025
1701423306195, 2023-12-01T09:35:06.195Z, 1055.970854, 828.1131472000001
1701423306220, 2023-12-01T09:35:06.220Z, 1055.6754646, 838.5066031999999
1701423306256, 2023-12-01T09:35:06.256Z, 1047.8905158, 848.075252
1701423306272, 2023-12-01T09:35:06.272Z, 1045.6890992, 854.7746645999999
1701423306303, 2023-12-01T09:35:06.303Z, 1045.0833473999999, 865.3617672
1701423306319, 2023-12-01T09:35:06.319Z, 1049.713457, 880.40177
1701423306335, 2023-12-01T09:35:06.335Z, 1050.2078476, 882.4511292000001
1701423306351, 2023-12-01T09:35:06.351Z, 1057.1140994, 883.4426444000001
1701423306369, 2023-12-01T09:35:06.369Z, 1063.7404298000001, 883.8563548
1701423306397, 2023-12-01T09:35:06.397Z, 1066.1516016, 881.7875596
1701423306413, 2023-12-01T09:35:06.413Z, 1064.2833302, 878.3420902
1701423306430, 2023-12-01T09:35:06.430Z, 1059.2559496, 875.6550960000001
1701423306460, 2023-12-01T09:35:06.460Z, 1054.142223, 877.0138002
1701423306475, 2023-12-01T09:35:06.475Z, 1056.9564963999999, 879.2064130000001
1701423306491, 2023-12-01T09:35:06.491Z, 1061.3865578, 882.8254542000001
1701423306539, 2023-12-01T09:35:06.539Z, 1065.6653996, 886.3175588
1701423306554, 2023-12-01T09:35:06.554Z, 1071.822378, 889.6449410000001
1701423306571, 2023-12-01T09:35:06.571Z, 1077.184604, 894.4498720000001
1701423306728, 2023-12-01T09:35:06.728Z, 1073.670912, 898.6689772
1701423306744, 2023-12-01T09:35:06.744Z, 1067.8358618, 901.3552139999999
1701423306759, 2023-12-01T09:35:06.759Z, 1060.5572028000001, 899.4396108000001
1701423306775, 2023-12-01T09:35:06.775Z, 1055.0273644, 899.8221814000001
1701423306791, 2023-12-01T09:35:06.791Z, 1051.3050052, 898.665935
1701423306822, 2023-12-01T09:35:06.822Z, 1049.6246987999998, 898.4702018
1701423306838, 2023-12-01T09:35:06.838Z, 1051.0646302, 896.9540494
1701423306855, 2023-12-01T09:35:06.855Z, 1053.7919562, 898.1826649999999
1701423306870, 2023-12-01T09:35:06.870Z, 1056.2644943999999, 897.725228
1701423306884, 2023-12-01T09:35:06.884Z, 1055.0538057999997, 900.6029043999999
1701423306932, 2023-12-01T09:35:06.932Z, 1057.395211, 901.94208
1701423306948, 2023-12-01T09:35:06.948Z, 1063.982869, 902.1969750000001
1701423306971, 2023-12-01T09:35:06.971Z, 1072.804323, 899.9925618000001
1701423306985, 2023-12-01T09:35:06.985Z, 1082.2553110000001, 898.7588496000001
1701423307010, 2023-12-01T09:35:07.010Z, 1093.5146994, 894.6157858
1701423307104, 2023-12-01T09:35:07.104Z, 1096.1853544, 894.9851253999999
1701423307122, 2023-12-01T09:35:07.122Z, 1091.9497224, 892.667931
1701423307136, 2023-12-01T09:35:07.136Z, 1076.0944656, 892.6683168000002
1701423307168, 2023-12-01T09:35:07.168Z, 1052.9759967999998, 887.416049
1701423307184, 2023-12-01T09:35:07.184Z, 1035.9736712, 882.7837487999999
1701423307199, 2023-12-01T09:35:07.199Z, 1024.9249556, 874.9592663999999
1701423307215, 2023-12-01T09:35:07.215Z, 1016.6457897999999, 871.1258918
1701423307233, 2023-12-01T09:35:07.233Z, 1017.9043933999999, 868.646925
1701423307248, 2023-12-01T09:35:07.248Z, 1026.9179924, 870.5079929999999
1701423307269, 2023-12-01T09:35:07.269Z, 1027.9572858, 872.0721262000001
1701423307296, 2023-12-01T09:35:07.296Z, 1026.4756676, 874.4685821999999
1701423307316, 2023-12-01T09:35:07.316Z, 1024.1483640000001, 876.5874033999999
1701423307325, 2023-12-01T09:35:07.325Z, 1022.4766599999999, 877.2804232000001
1701423307342, 2023-12-01T09:35:07.342Z, 1012.9706495999999, 878.2795931999999
1701423307356, 2023-12-01T09:35:07.356Z, 1005.3379294, 878.5192654
1701423307372, 2023-12-01T09:35:07.372Z, 1000.7652605999999, 879.2725029999999
1701423307387, 2023-12-01T09:35:07.387Z, 997.7589978, 883.3019618000001
1701423307403, 2023-12-01T09:35:07.403Z, 996.7653614000001, 884.7968285999999
1701423307422, 2023-12-01T09:35:07.422Z, 1005.3045118000002, 887.5319303999999
1701423307435, 2023-12-01T09:35:07.435Z, 1015.6993986000001, 891.7629433999998
1701423307450, 2023-12-01T09:35:07.450Z, 1032.6295706, 892.7318172000001
1701423307466, 2023-12-01T09:35:07.466Z, 1048.3459876000002, 889.6710413999999
1701423307482, 2023-12-01T09:35:07.482Z, 1061.3810652, 889.4889903999999
1701423307497, 2023-12-01T09:35:07.497Z, 1071.4482564, 888.4044713999999
1701423307530, 2023-12-01T09:35:07.530Z, 1087.5142872000001, 886.553824
1701423307547, 2023-12-01T09:35:07.547Z, 1090.4231014, 888.4519630000001
1701423307571, 2023-12-01T09:35:07.571Z, 1095.6231328, 890.1516652
1701423307592, 2023-12-01T09:35:07.592Z, 1089.4161656, 891.9460776
1701423307607, 2023-12-01T09:35:07.607Z, 1077.6669984, 896.385779
1701423307794, 2023-12-01T09:35:07.794Z, 1076.7406226, 899.0681038
1701423307841, 2023-12-01T09:35:07.841Z, 1071.2653091999998, 898.7144695999999
1701423307888, 2023-12-01T09:35:07.888Z, 1065.8128319999998, 894.7578166
1701423307900, 2023-12-01T09:35:07.900Z, 1071.6302265999998, 890.0655320000002
1701423307938, 2023-12-01T09:35:07.938Z, 1089.8675724, 890.3335128000001
1701423307953, 2023-12-01T09:35:07.953Z, 1087.3492653999997, 890.0125953999999
1701423307968, 2023-12-01T09:35:07.968Z, 1091.5492887999999, 890.1514054000002
1701423307984, 2023-12-01T09:35:07.984Z, 1091.5182, 893.8076678000001
1701423308021, 2023-12-01T09:35:08.021Z, 1086.3749463999998, 890.4822942000001
1701423308080, 2023-12-01T09:35:08.080Z, 1115.9114055999999, 890.4409626
1701423308252, 2023-12-01T09:35:08.252Z, 1169.2780126, 892.6960025999999
1701423308503, 2023-12-01T09:35:08.503Z, 1195.096024, 894.5394338
1701423308534, 2023-12-01T09:35:08.534Z, 1222.7383834, 897.6531075999999
1701425845214, 2023-12-01T10:17:25.214Z, 676.9117652, 770.9074264
1701425845230, 2023-12-01T10:17:25.230Z, 514.7204624, 729.4851070000001
1701425845247, 2023-12-01T10:17:25.247Z, 396.7153696, 705.9285120000001
1701425845264, 2023-12-01T10:17:25.264Z, 273.5129544, 685.0201069999999
1701425845279, 2023-12-01T10:17:25.279Z, 262.0106174, 691.2272563999999
1701425845295, 2023-12-01T10:17:25.295Z, 245.3487032, 694.5176600000001
1701425845310, 2023-12-01T10:17:25.310Z, 229.4525358, 696.7822699999999
1701425845325, 2023-12-01T10:17:25.325Z, 229.6673756, 697.283265
1701425845342, 2023-12-01T10:17:25.342Z, 256.58716300000003, 696.112794
1701425845371, 2023-12-01T10:17:25.371Z, 285.5090682, 692.4685928000001
1701425845387, 2023-12-01T10:17:25.387Z, 311.8428328, 691.1968366000001
1701425845403, 2023-12-01T10:17:25.403Z, 349.8833086, 688.523107
1701425845422, 2023-12-01T10:17:25.422Z, 377.5264256, 687.6876588
1701425845435, 2023-12-01T10:17:25.435Z, 390.58318499999996, 686.6386178
1701425845466, 2023-12-01T10:17:25.466Z, 393.99359300000003, 687.3327486000001
1701425845482, 2023-12-01T10:17:25.482Z, 389.8522468, 690.0663205999999
1701425845518, 2023-12-01T10:17:25.518Z, 374.0154606, 690.6142179999999
1701425845546, 2023-12-01T10:17:25.546Z, 360.6617222, 684.5530866
1701425845563, 2023-12-01T10:17:25.563Z, 349.2612818, 684.2182202000001
1701425845594, 2023-12-01T10:17:25.594Z, 360.157969, 690.1452882
1701425845610, 2023-12-01T10:17:25.610Z, 379.64903960000004, 690.9392192
1701425845625, 2023-12-01T10:17:25.625Z, 398.2779932, 695.7163692000001
1701425845639, 2023-12-01T10:17:25.639Z, 420.92506080000004, 702.4706000000001
1701425845662, 2023-12-01T10:17:25.662Z, 448.34518740000004, 706.3430780000001
1701425845678, 2023-12-01T10:17:25.678Z, 450.5807446, 704.2760064000001
1701425845700, 2023-12-01T10:17:25.700Z, 439.2304252, 705.586564
1701425845717, 2023-12-01T10:17:25.717Z, 435.5110294, 703.9914031999999
1701425845733, 2023-12-01T10:17:25.733Z, 428.0056148, 706.3630304000001
1701425845747, 2023-12-01T10:17:25.747Z, 414.21774139999997, 705.0637418
1701425845763, 2023-12-01T10:17:25.763Z, 403.38517600000006, 698.1387102
1701425845778, 2023-12-01T10:17:25.778Z, 402.5875714, 690.3275738
1701425845795, 2023-12-01T10:17:25.795Z, 400.17191199999996, 682.277501
1701425845843, 2023-12-01T10:17:25.843Z, 398.9299252, 678.4467543999999
1701425845873, 2023-12-01T10:17:25.873Z, 399.64139439999997, 678.8551894
1701425845887, 2023-12-01T10:17:25.887Z, 402.5540068, 685.2252402
1701425845903, 2023-12-01T10:17:25.903Z, 403.16707840000004, 690.5214244000001
1701425845921, 2023-12-01T10:17:25.921Z, 400.8931884, 698.8364516
1701425845934, 2023-12-01T10:17:25.934Z, 400.37488279999997, 700.6756746
1701425845966, 2023-12-01T10:17:25.966Z, 396.88770239999997, 697.0026798000001
1701425845981, 2023-12-01T10:17:25.981Z, 391.7875718, 690.9524147999999
1701425845997, 2023-12-01T10:17:25.997Z, 386.150725, 685.374913
1701425846016, 2023-12-01T10:17:26.016Z, 381.446368, 680.0468658
1701425846027, 2023-12-01T10:17:26.027Z, 373.2070542, 677.6305
1701425846043, 2023-12-01T10:17:26.043Z, 361.2772846, 680.7889728
1701425846058, 2023-12-01T10:17:26.058Z, 348.2393656, 687.5229628
1701425846077, 2023-12-01T10:17:26.077Z, 342.4556444, 690.6616798
1701425846089, 2023-12-01T10:17:26.089Z, 334.864161, 694.0864712
1701425846111, 2023-12-01T10:17:26.111Z, 328.27985820000004, 697.1578288
1701425846128, 2023-12-01T10:17:26.128Z, 324.2602182, 699.4011124
1701425846153, 2023-12-01T10:17:26.153Z, 320.86577420000003, 700.8088156
1701425846167, 2023-12-01T10:17:26.167Z, 307.4140034, 716.9728578
1701425846184, 2023-12-01T10:17:26.184Z, 293.3853488, 734.0145436
1701425846198, 2023-12-01T10:17:26.198Z, 276.80469519999997, 760.5841798
1701425846230, 2023-12-01T10:17:26.230Z, 256.0826762, 789.6783448000001
1701425846245, 2023-12-01T10:17:26.245Z, 230.10189359999998, 826.1220278000001
1701425848094, 2023-12-01T10:17:28.094Z, 209.241738, 850.5819862000001
1701425848110, 2023-12-01T10:17:28.110Z, 189.816076, 867.9777218000002
1701425848126, 2023-12-01T10:17:28.126Z, 181.8024186, 880.8367332
1701425848188, 2023-12-01T10:17:28.188Z, 178.60958179999997, 891.8482412
1701425849038, 2023-12-01T10:17:29.038Z, 169.4323112, 886.2685228
1701425849069, 2023-12-01T10:17:29.069Z, 171.67247940000001, 883.073052
1701425849084, 2023-12-01T10:17:29.084Z, 178.6240112, 886.6296384
1701425849997, 2023-12-01T10:17:29.997Z, 156.3316558, 880.6459422
1701425850016, 2023-12-01T10:17:30.016Z, 122.48512320000002, 874.0162998
1701425850045, 2023-12-01T10:17:30.045Z, 102.1826744, 875.7725543999999
1701425850222, 2023-12-01T10:17:30.222Z, 313.50179560000004, 882.0213793999999
1701425850251, 2023-12-01T10:17:30.251Z, 523.2851440000001, 884.7722031999999
1701425850283, 2023-12-01T10:17:30.283Z, 751.188091, 891.4960192000001
1701425850344, 2023-12-01T10:17:30.344Z, 1001.7105534, 891.576196
1701425850376, 2023-12-01T10:17:30.376Z, 1259.0077096, 892.924618
1701425850424, 2023-12-01T10:17:30.424Z, 1278.8468658, 890.2542582
1701425850439, 2023-12-01T10:17:30.439Z, 1296.474467, 887.7763336
1701425850832, 2023-12-01T10:17:30.832Z, 1327.5214934, 888.6503898000001
1701425850848, 2023-12-01T10:17:30.848Z, 1338.0462214, 892.649244
1701425850866, 2023-12-01T10:17:30.866Z, 1346.3268708, 896.1828573999999
1701425850880, 2023-12-01T10:17:30.880Z, 1352.7066202, 897.4852426
1701425851059, 2023-12-01T10:17:31.059Z, 1371.7137926, 900.4705418000001
1701425851084, 2023-12-01T10:17:31.084Z, 1384.7045102, 898.0596228
1701425851099, 2023-12-01T10:17:31.099Z, 1415.4314236000002, 899.7003832
1701425851131, 2023-12-01T10:17:31.131Z, 1313.092132, 859.3105687999999
1701425851144, 2023-12-01T10:17:31.144Z, 1234.4232619999998, 828.2030360000001
1701425851176, 2023-12-01T10:17:31.176Z, 1126.3886272, 794.1013942000001
1701425851191, 2023-12-01T10:17:31.191Z, 1035.6672516, 768.7817458
1701425851239, 2023-12-01T10:17:31.239Z, 802.1535727999999, 720.4616371999999
1701425851257, 2023-12-01T10:17:31.257Z, 676.5378168, 710.7646666
1701425851286, 2023-12-01T10:17:31.286Z, 524.2858706, 692.1793703999999
1701425851317, 2023-12-01T10:17:31.317Z, 388.274814, 676.9502954000001
1701425851337, 2023-12-01T10:17:31.337Z, 221.977203, 652.2343232000001
1701425851363, 2023-12-01T10:17:31.363Z, 183.30641640000002, 648.4055597999999
1701425851374, 2023-12-01T10:17:31.374Z, 168.96930319999998, 647.2872708000001
1701425851397, 2023-12-01T10:17:31.397Z, 158.10062299999998, 651.0508718
1701425851412, 2023-12-01T10:17:31.412Z, 142.7088854, 650.0899188000001
1701425851428, 2023-12-01T10:17:31.428Z, 141.76000720000002, 652.160996
1701425851444, 2023-12-01T10:17:31.444Z, 148.4640932, 657.059125
1701425851459, 2023-12-01T10:17:31.459Z, 138.5868546, 665.6336566
1701425851475, 2023-12-01T10:17:31.475Z, 128.932934, 667.9671519999999
1701425851491, 2023-12-01T10:17:31.491Z, 128.5006924, 676.1221216
1701425851510, 2023-12-01T10:17:31.510Z, 125.1338706, 683.5747712
1701425851528, 2023-12-01T10:17:31.528Z, 120.095478, 688.1969914
1701425851554, 2023-12-01T10:17:31.554Z, 125.24813160000001, 689.6630416
1701425851570, 2023-12-01T10:17:31.570Z, 135.89670819999998, 689.1614669999999
1701425851586, 2023-12-01T10:17:31.586Z, 135.32544979999997, 688.9811166
1701425851601, 2023-12-01T10:17:31.601Z, 132.83674059999998, 687.884843
1701425851617, 2023-12-01T10:17:31.617Z, 133.9334496, 685.7573378000001
1701425851632, 2023-12-01T10:17:31.632Z, 139.1730814, 677.885875
1701425851663, 2023-12-01T10:17:31.663Z, 138.4466906, 668.509314
1701425851680, 2023-12-01T10:17:31.680Z, 145.080173, 655.3041678000001
1701425851695, 2023-12-01T10:17:31.695Z, 150.5252694, 640.1914934
1701425851712, 2023-12-01T10:17:31.712Z, 152.20543500000002, 622.8758664
1701425851727, 2023-12-01T10:17:31.727Z, 151.2403796, 611.2089530000001
1701425851743, 2023-12-01T10:17:31.743Z, 147.98335, 603.2135088
1701425851757, 2023-12-01T10:17:31.757Z, 145.5787374, 598.4999412
1701425851773, 2023-12-01T10:17:31.773Z, 143.9699144, 597.4563856
1701425851789, 2023-12-01T10:17:31.789Z, 144.9787854, 598.7239434
1701425851814, 2023-12-01T10:17:31.814Z, 146.1169108, 600.0915636
1701425851837, 2023-12-01T10:17:31.837Z, 147.01923159999998, 601.0632468
1701425851854, 2023-12-01T10:17:31.854Z, 145.48056460000004, 602.649231
1701425851868, 2023-12-01T10:17:31.868Z, 143.6648902, 602.540401
1701425851883, 2023-12-01T10:17:31.883Z, 140.2939382, 603.1020164
1701425851898, 2023-12-01T10:17:31.898Z, 130.3832844, 605.8055234000001
1701425851914, 2023-12-01T10:17:31.914Z, 122.01362559999998, 608.1469669999999
1701425851930, 2023-12-01T10:17:31.930Z, 116.4635462, 608.142877
1701425851945, 2023-12-01T10:17:31.945Z, 109.2416006, 609.636299
1701425851962, 2023-12-01T10:17:31.962Z, 105.38007480000002, 610.6558987999999
1701425851992, 2023-12-01T10:17:31.992Z, 105.7550084, 610.2263816000001
1701425852008, 2023-12-01T10:17:32.008Z, 105.380061, 612.304719
1701425852024, 2023-12-01T10:17:32.024Z, 105.81469380000001, 615.5171692
1701425852040, 2023-12-01T10:17:32.040Z, 106.77484880000002, 616.1072561999999
1701425852056, 2023-12-01T10:17:32.056Z, 104.84037479999999, 617.407041
1701425852071, 2023-12-01T10:17:32.071Z, 105.14519620000002, 617.2578618
1701425852088, 2023-12-01T10:17:32.088Z, 106.4959984, 618.714943
1701425852112, 2023-12-01T10:17:32.112Z, 106.5917616, 618.6434590000001
1701425852137, 2023-12-01T10:17:32.137Z, 108.3995366, 622.090772
1701425852150, 2023-12-01T10:17:32.150Z, 107.1071252, 624.0321186000001
1701425852167, 2023-12-01T10:17:32.167Z, 103.8152934, 628.225913
1701425852183, 2023-12-01T10:17:32.183Z, 94.29164759999999, 629.973962
1701425852199, 2023-12-01T10:17:32.199Z, 87.9148008, 632.1672224
1701425852214, 2023-12-01T10:17:32.214Z, 71.7757996, 637.471047
1701425852230, 2023-12-01T10:17:32.230Z, 57.109325200000015, 645.4554364
1701425852246, 2023-12-01T10:17:32.246Z, 46.8774962, 650.7757762
1701425852277, 2023-12-01T10:17:32.277Z, 48.9875946, 653.1195928
1701425852293, 2023-12-01T10:17:32.293Z, 44.25185080000001, 654.5968214
1701425852324, 2023-12-01T10:17:32.324Z, 50.530691000000004, 649.946698
1701425852340, 2023-12-01T10:17:32.340Z, 46.4173392, 641.4833402
1701425852355, 2023-12-01T10:17:32.355Z, 45.122066600000004, 628.4340218
1701425852371, 2023-12-01T10:17:32.371Z, 38.8106346, 617.7084476
1701425852387, 2023-12-01T10:17:32.387Z, 30.626029600000003, 611.623888
1701425852410, 2023-12-01T10:17:32.410Z, 27.8652242, 605.7492067999999
1701425852435, 2023-12-01T10:17:32.435Z, 32.143196, 605.1431322000001
1701425852450, 2023-12-01T10:17:32.450Z, 34.002027, 608.4085344000001
1701425852464, 2023-12-01T10:17:32.464Z, 36.1934278, 610.79134
1701425852480, 2023-12-01T10:17:32.480Z, 37.3913738, 611.4885972
1701425852496, 2023-12-01T10:17:32.496Z, 32.008936399999996, 613.1666646
1701425852513, 2023-12-01T10:17:32.513Z, 34.13024059999999, 611.7543201999999
1701425852528, 2023-12-01T10:17:32.528Z, 30.4439082, 612.2340156
1701425852543, 2023-12-01T10:17:32.543Z, 23.51821, 613.0078024000001
1701425852562, 2023-12-01T10:17:32.562Z, 20.5596654, 612.6453147999999
1701425852591, 2023-12-01T10:17:32.591Z, 21.7926444, 608.9462422
1701425852606, 2023-12-01T10:17:32.606Z, 18.1023568, 606.0657136000001
1701425852622, 2023-12-01T10:17:32.622Z, 13.991968200000002, 607.9012498000001
1701425852638, 2023-12-01T10:17:32.638Z, 14.146657, 608.7385612
1701425852654, 2023-12-01T10:17:32.654Z, 14.675968000000001, 609.9781832000001
1701425852669, 2023-12-01T10:17:32.669Z, 10.6667594, 614.9738934000001
1701425852685, 2023-12-01T10:17:32.685Z, 13.207468599999999, 617.6380596000001
1701425852712, 2023-12-01T10:17:32.712Z, 24.2057446, 612.0648698
1701425852733, 2023-12-01T10:17:32.733Z, 34.029485, 606.8979168
1701425852748, 2023-12-01T10:17:32.748Z, 41.469836599999994, 602.8958352000001
1701425852764, 2023-12-01T10:17:32.764Z, 50.236137199999995, 597.0082534000001
1701425852780, 2023-12-01T10:17:32.780Z, 55.802576599999995, 592.5139428
1701425852797, 2023-12-01T10:17:32.797Z, 44.9311014, 600.95695
1701425852828, 2023-12-01T10:17:32.828Z, 31.833972999999997, 606.3081494
1701425852844, 2023-12-01T10:17:32.844Z, 60.6664308, 585.8170097999999
1701425852876, 2023-12-01T10:17:32.876Z, 75.7190688, 579.3100423999999
1701425852892, 2023-12-01T10:17:32.892Z, 99.60502060000002, 566.076232
1701425852907, 2023-12-01T10:17:32.907Z, 111.9446508, 561.0151579999999
1701425852925, 2023-12-01T10:17:32.925Z, 122.94057819999998, 560.6483335999999
1701425852939, 2023-12-01T10:17:32.939Z, 96.04933220000002, 585.044325
1701425852955, 2023-12-01T10:17:32.955Z, 83.02964640000002, 598.2226750000001
1701425852970, 2023-12-01T10:17:32.970Z, 124.3721426, 647.4463378
1701425853012, 2023-12-01T10:17:33.012Z, 192.3011196, 678.6839854
1701425853064, 2023-12-01T10:17:33.064Z, 306.5640136, 722.9838785999999
1701425853112, 2023-12-01T10:17:33.112Z, 466.47248440000004, 778.1651206
1701425853127, 2023-12-01T10:17:33.127Z, 627.183224, 834.1387726
1701425853694, 2023-12-01T10:17:33.694Z, 678.2157876, 732.568379
1701425853709, 2023-12-01T10:17:33.709Z, 716.2022272, 636.3312341999999
1701425853725, 2023-12-01T10:17:33.725Z, 712.0651066, 524.4350715999999
1701425853741, 2023-12-01T10:17:33.741Z, 661.6584628, 401.4580394
1701425853761, 2023-12-01T10:17:33.761Z, 611.0401362, 276.0776594
1701425853788, 2023-12-01T10:17:33.788Z, 605.5850096, 279.1715568
1701425853804, 2023-12-01T10:17:33.804Z, 604.9272498, 279.4417078
1701425853836, 2023-12-01T10:17:33.836Z, 603.2230958, 281.21240100000006
1701425853852, 2023-12-01T10:17:33.852Z, 600.163642, 283.621542
1701425853868, 2023-12-01T10:17:33.868Z, 595.116263, 286.51595280000004
1701425853899, 2023-12-01T10:17:33.899Z, 591.623024, 289.6448408
1701425853914, 2023-12-01T10:17:33.914Z, 593.5594684, 290.67901759999995
1701425853930, 2023-12-01T10:17:33.930Z, 656.5149306, 282.42543639999997
1701425853963, 2023-12-01T10:17:33.963Z, 726.9098965999999, 272.10809959999995
1701425853976, 2023-12-01T10:17:33.976Z, 802.4899462, 260.3158348
1701425854008, 2023-12-01T10:17:34.008Z, 883.0826626, 246.11587099999997
1701425854023, 2023-12-01T10:17:34.023Z, 960.6895828, 234.62820879999998
1701425854075, 2023-12-01T10:17:34.075Z, 975.9315636000001, 229.833732
1701425854103, 2023-12-01T10:17:34.103Z, 982.552179, 230.20964220000002
1701425854119, 2023-12-01T10:17:34.119Z, 980.8654946, 233.079998
1701425854135, 2023-12-01T10:17:34.135Z, 969.9623793999999, 240.0906176
1701425854150, 2023-12-01T10:17:34.150Z, 967.2111849999999, 233.9547624
1701425854166, 2023-12-01T10:17:34.166Z, 959.7679058, 216.58837499999998
1701425854964, 2023-12-01T10:17:34.964Z, 908.0223917999999, 177.9707838
1701425854996, 2023-12-01T10:17:34.996Z, 793.4643874, 195.4105486
1701425855043, 2023-12-01T10:17:35.043Z, 652.7126236, 240.03959060000003
1701425855059, 2023-12-01T10:17:35.059Z, 508.1561271999999, 294.46624199999997
1701425855090, 2023-12-01T10:17:35.090Z, 364.9006158, 364.291385
1701425855138, 2023-12-01T10:17:35.138Z, 264.2611938, 454.7130204
1701425855153, 2023-12-01T10:17:35.153Z, 225.80160220000002, 493.28646280000004
1701425855185, 2023-12-01T10:17:35.185Z, 241.13180219999998, 500.52677059999996
1701425855201, 2023-12-01T10:17:35.201Z, 339.4012752, 487.8169052
1701425855216, 2023-12-01T10:17:35.216Z, 476.91326259999994, 469.3073111999999
1701425855232, 2023-12-01T10:17:35.232Z, 649.2638823999999, 445.67510780000003
1701425855261, 2023-12-01T10:17:35.261Z, 861.7554944, 414.6187334
1701425855279, 2023-12-01T10:17:35.279Z, 1049.403528, 387.8541178
1701425855310, 2023-12-01T10:17:35.310Z, 1151.1470364, 383.9219104
1701425855326, 2023-12-01T10:17:35.326Z, 1219.9946628000002, 384.934699
1701425855342, 2023-12-01T10:17:35.342Z, 1262.5776982, 388.58073339999993
1701425855357, 2023-12-01T10:17:35.357Z, 1271.253637, 397.40968799999996
1701425855373, 2023-12-01T10:17:35.373Z, 1278.5249265999998, 407.91488059999995
1701425855389, 2023-12-01T10:17:35.389Z, 1288.2902216000002, 418.87528860000003
1701425855413, 2023-12-01T10:17:35.413Z, 1299.1327142000002, 422.5547718000001
1701425855435, 2023-12-01T10:17:35.435Z, 1315.1225848000001, 410.2461184
1701425855451, 2023-12-01T10:17:35.451Z, 1362.6998402, 338.635832
1701425855466, 2023-12-01T10:17:35.466Z, 1404.126395, 273.76748580000003
1701425855481, 2023-12-01T10:17:35.481Z, 1444.0645698, 203.166299
1701425855497, 2023-12-01T10:17:35.497Z, 1482.2324426, 133.88400800000002
1701425855512, 2023-12-01T10:17:35.512Z, 1517.6791332, 75.2106784
1701425855528, 2023-12-01T10:17:35.528Z, 1521.655912, 70.748435
1701425855543, 2023-12-01T10:17:35.543Z, 1527.7294200000001, 59.797256399999995
1701425855563, 2023-12-01T10:17:35.563Z, 1536.1550327999998, 49.876236399999996
1701425855589, 2023-12-01T10:17:35.589Z, 1539.5300832, 45.728531399999994
1701425855606, 2023-12-01T10:17:35.606Z, 1536.2067374, 41.3605264
1701425855621, 2023-12-01T10:17:35.621Z, 1530.9792568, 40.375344
1701425855636, 2023-12-01T10:17:35.636Z, 1530.1385034, 37.7528468
1701425855652, 2023-12-01T10:17:35.652Z, 1526.9929466, 34.807511399999996
1701425855668, 2023-12-01T10:17:35.668Z, 1522.6731706, 34.585281800000004
1701425855685, 2023-12-01T10:17:35.685Z, 1511.8094732000002, 48.19050560000001
1701425855893, 2023-12-01T10:17:35.893Z, 1498.7630020000001, 217.8196142
1701425855906, 2023-12-01T10:17:35.906Z, 1475.9893768000002, 386.47393999999997
1701425855937, 2023-12-01T10:17:35.937Z, 1457.3759588, 556.1963125999999
1701425855952, 2023-12-01T10:17:35.952Z, 1437.7800430000002, 724.6822872
1701425855967, 2023-12-01T10:17:35.967Z, 1422.3221518, 883.1384244000001
1701425855984, 2023-12-01T10:17:35.984Z, 1406.604761, 882.9975758
1701425856010, 2023-12-01T10:17:36.010Z, 1395.2090211999998, 872.7901732
1701425856030, 2023-12-01T10:17:36.030Z, 1384.2443595999998, 866.8068243999999
1701425856046, 2023-12-01T10:17:36.046Z, 1378.1893085999998, 857.5076548
1701425856076, 2023-12-01T10:17:36.076Z, 1378.2470018, 847.7215262
1701425856091, 2023-12-01T10:17:36.091Z, 1383.7039774, 841.9647834
1701425856138, 2023-12-01T10:17:36.138Z, 1403.1005172, 850.9734246
1701425856325, 2023-12-01T10:17:36.325Z, 1414.8776026, 848.127487
1701425856342, 2023-12-01T10:17:36.342Z, 1421.3254476, 859.4820958
1701425856358, 2023-12-01T10:17:36.358Z, 1430.101767, 871.1235208
1701425856403, 2023-12-01T10:17:36.403Z, 1436.7303696000001, 879.7802767999999
1701425856418, 2023-12-01T10:17:36.418Z, 1427.9863446, 884.5205196
1701425856435, 2023-12-01T10:17:36.435Z, 1422.5235622000002, 897.6582884000002
1701425856461, 2023-12-01T10:17:36.461Z, 1418.4207826, 897.3094669999998
1701425856481, 2023-12-01T10:17:36.481Z, 1415.3058144000001, 897.5145522
1701425856496, 2023-12-01T10:17:36.496Z, 1409.8083012000002, 897.1434968
1701425856511, 2023-12-01T10:17:36.511Z, 1416.4850682000001, 889.9827423999999
1701425856526, 2023-12-01T10:17:36.526Z, 1424.1966392, 882.8801351999998
1701425856542, 2023-12-01T10:17:36.542Z, 1435.0481718, 876.595874
1701425856557, 2023-12-01T10:17:36.557Z, 1438.5618666000003, 871.4024846
1701425856574, 2023-12-01T10:17:36.574Z, 1443.8416224, 866.4098630000001
1701425856589, 2023-12-01T10:17:36.589Z, 1443.6903998000003, 866.537746
1701425856613, 2023-12-01T10:17:36.613Z, 1434.1156566, 857.1374594000001
1701425856637, 2023-12-01T10:17:36.637Z, 1416.5131838000002, 827.8562704
1701425856653, 2023-12-01T10:17:36.653Z, 1395.4300678, 780.2662167999999
1701425856668, 2023-12-01T10:17:36.668Z, 1369.9674282, 720.7647684
1701425856684, 2023-12-01T10:17:36.684Z, 1336.3079596, 632.3656646
1701425856700, 2023-12-01T10:17:36.700Z, 1307.8140206, 538.3108497999999
1701425856717, 2023-12-01T10:17:36.717Z, 1285.2231608000002, 462.71432880000003
1701425856731, 2023-12-01T10:17:36.731Z, 1269.9776972, 412.90037220000005
1701425856762, 2023-12-01T10:17:36.762Z, 1239.1667653999998, 349.577668
1701425856784, 2023-12-01T10:17:36.784Z, 1217.864354, 315.4600188
1701425856796, 2023-12-01T10:17:36.796Z, 1198.2299004000001, 291.66006419999997
1701425856811, 2023-12-01T10:17:36.811Z, 1178.7673300000001, 269.44232500000004
1701425856826, 2023-12-01T10:17:36.826Z, 1155.9019942, 239.41023959999998
1701425856842, 2023-12-01T10:17:36.842Z, 1151.6831216, 235.8884782
1701425856858, 2023-12-01T10:17:36.858Z, 1147.9597474, 229.21411859999998
1701425856873, 2023-12-01T10:17:36.873Z, 1144.9249931999998, 227.713365
1701425856889, 2023-12-01T10:17:36.889Z, 1144.0671694, 223.64960200000002