1701364677885, 2023-11-30T17:17:57.885Z, 287.632832, 245.445915
1701364677914, 2023-11-30T17:17:57.914Z, 284.434215, 258.70009849999997
1701364677930, 2023-11-30T17:17:57.930Z, 282.03494233333333, 265.114871
1701364677947, 2023-11-30T17:17:57.947Z, 270.851641, 276.96322
1701364677981, 2023-11-30T17:17:57.981Z, 268.3102952, 283.7823762
1701364677981, 2023-11-30T17:17:57.981Z, 263.463849, 297.11527639999997
1701364678007, 2023-11-30T17:17:58.007Z, 261.23225679999996, 303.603057
1701364678023, 2023-11-30T17:17:58.023Z, 260.51582820000004, 308.1450342
1701364678039, 2023-11-30T17:17:58.039Z, 275.2419524, 301.1124792
1701364678055, 2023-11-30T17:17:58.055Z, 285.85258839999995, 294.3397016
1701364678071, 2023-11-30T17:17:58.071Z, 293.5023792, 288.4190592
1701364678103, 2023-11-30T17:17:58.103Z, 298.3418274, 285.0436182
1701364678118, 2023-11-30T17:17:58.118Z, 292.7782522, 283.378431
1701364678134, 2023-11-30T17:17:58.134Z, 282.6061428, 283.3622596
1701364678150, 2023-11-30T17:17:58.150Z, 271.3223732, 283.55718220000006
1701364678167, 2023-11-30T17:17:58.167Z, 260.43827419999997, 283.868674
1701364678207, 2023-11-30T17:17:58.207Z, 251.00085040000005, 283.0148074
1701364678232, 2023-11-30T17:17:58.232Z, 250.75495140000004, 281.6995256
1701364678255, 2023-11-30T17:17:58.255Z, 247.8710908, 283.7599848
1701364678282, 2023-11-30T17:17:58.282Z, 243.9310934, 292.22272000000004
1701364678307, 2023-11-30T17:17:58.307Z, 242.4813646, 298.030577
1701364678339, 2023-11-30T17:17:58.339Z, 240.7500746, 299.348739
1701364678369, 2023-11-30T17:17:58.369Z, 239.35869599999995, 298.34548540000003
1701364678413, 2023-11-30T17:17:58.413Z, 237.6247014, 294.9711504
1701364678448, 2023-11-30T17:17:58.448Z, 238.1556304, 284.69247600000006
1701364678481, 2023-11-30T17:17:58.481Z, 241.1718898, 277.1426074
1701364678531, 2023-11-30T17:17:58.531Z, 249.12016480000003, 271.6730228
1701364678558, 2023-11-30T17:17:58.558Z, 258.1197196, 264.2425804
1701364678575, 2023-11-30T17:17:58.575Z, 261.859831, 264.12944660000005
1701364678605, 2023-11-30T17:17:58.605Z, 268.4935512, 260.04654760000005
1701364678619, 2023-11-30T17:17:58.619Z, 268.6051234, 260.2374314
1701364678638, 2023-11-30T17:17:58.638Z, 270.97692960000006, 258.00687320000003
1701364678654, 2023-11-30T17:17:58.654Z, 277.13868940000003, 257.5318516
1701364678682, 2023-11-30T17:17:58.682Z, 284.4411528, 255.45438199999998
1701364678697, 2023-11-30T17:17:58.697Z, 285.3177352, 261.54071139999996
1701364678714, 2023-11-30T17:17:58.714Z, 294.8727464, 262.3817436
1701364678744, 2023-11-30T17:17:58.744Z, 301.8326854, 266.4953168
1701364678760, 2023-11-30T17:17:58.760Z, 314.5774062, 270.1328166
1701364678785, 2023-11-30T17:17:58.785Z, 332.3659156, 270.6034702
1701364678808, 2023-11-30T17:17:58.808Z, 342.8769976, 279.4340186
1701364678839, 2023-11-30T17:17:58.839Z, 351.5368914, 286.5335054
1701364678855, 2023-11-30T17:17:58.855Z, 355.5395798, 294.703133
1701364678869, 2023-11-30T17:17:58.869Z, 351.3687468, 303.40945059999996
1701364678884, 2023-11-30T17:17:58.884Z, 347.32077680000003, 311.76770500000003
1701364678900, 2023-11-30T17:17:58.900Z, 355.7493302, 305.5263648
1701364678915, 2023-11-30T17:17:58.915Z, 360.81246300000004, 300.8750782
1701364678934, 2023-11-30T17:17:58.934Z, 366.5160872, 298.05485980000003
1701364678962, 2023-11-30T17:17:58.962Z, 369.4467704, 297.2922162
1701364678992, 2023-11-30T17:17:58.992Z, 369.4270928, 288.1054716
1701364679008, 2023-11-30T17:17:59.008Z, 357.00735040000006, 275.315775
1701364679023, 2023-11-30T17:17:59.023Z, 337.0349384, 267.6725094
1701364679039, 2023-11-30T17:17:59.039Z, 311.1811844, 264.5622198
1701364679055, 2023-11-30T17:17:59.055Z, 285.8866256, 264.6689152
1701364679083, 2023-11-30T17:17:59.083Z, 251.95195180000002, 286.97058260000006
1701364679101, 2023-11-30T17:17:59.101Z, 228.83127919999998, 315.562334
1701364679117, 2023-11-30T17:17:59.117Z, 213.86580480000003, 339.25875780000007
1701364679132, 2023-11-30T17:17:59.132Z, 202.2795556, 364.4567952
1701364679148, 2023-11-30T17:17:59.148Z, 194.41060520000002, 375.31317019999994
1701364679164, 2023-11-30T17:17:59.164Z, 197.12607240000003, 372.88362820000003
1701364679179, 2023-11-30T17:17:59.179Z, 199.70097479999998, 370.08575959999996
1701364679194, 2023-11-30T17:17:59.194Z, 199.75082020000002, 368.19275020000003
1701364679209, 2023-11-30T17:17:59.209Z, 201.437163, 361.023959
1701364679228, 2023-11-30T17:17:59.228Z, 198.0859334, 366.0784194
1701364679255, 2023-11-30T17:17:59.255Z, 196.0925742, 372.2992736
1701364679270, 2023-11-30T17:17:59.270Z, 194.8327744, 379.30056759999997
1701364679285, 2023-11-30T17:17:59.285Z, 195.678233, 386.7156604
1701364679300, 2023-11-30T17:17:59.300Z, 198.57804979999997, 394.8482506
1701364679315, 2023-11-30T17:17:59.315Z, 203.7463882, 405.4309934
1701364679331, 2023-11-30T17:17:59.331Z, 208.1650526, 415.1396982
1701364679347, 2023-11-30T17:17:59.347Z, 209.5670306, 429.9773284
1701364679363, 2023-11-30T17:17:59.363Z, 209.53889839999997, 445.1633132
1701364679383, 2023-11-30T17:17:59.383Z, 203.03731900000002, 463.77355880000005
1701364679410, 2023-11-30T17:17:59.410Z, 197.3440356, 476.1824226
1701364679428, 2023-11-30T17:17:59.428Z, 196.81582540000002, 477.7384634
1701364679456, 2023-11-30T17:17:59.456Z, 198.62445400000001, 473.20673539999996
1701364679473, 2023-11-30T17:17:59.473Z, 201.2492646, 464.6004946
1701364679489, 2023-11-30T17:17:59.489Z, 209.51841440000004, 448.1147482
1701364679504, 2023-11-30T17:17:59.504Z, 212.36891959999997, 439.90426919999993
1701364679533, 2023-11-30T17:17:59.533Z, 208.26399080000002, 443.738743
1701364679551, 2023-11-30T17:17:59.551Z, 208.6113484, 445.79235719999997
1701364679567, 2023-11-30T17:17:59.567Z, 225.88461900000001, 448.7462911999999
1701364679582, 2023-11-30T17:17:59.582Z, 242.13273279999999, 453.79220219999996
1701364679598, 2023-11-30T17:17:59.598Z, 262.8276088, 453.5841297999999
1701364679613, 2023-11-30T17:17:59.613Z, 285.733097, 451.098712
1701364679629, 2023-11-30T17:17:59.629Z, 303.5918716, 450.7534576
1701364679647, 2023-11-30T17:17:59.647Z, 304.0048456, 452.5402544
1701364679660, 2023-11-30T17:17:59.660Z, 304.8916878, 453.4640274
1701364679681, 2023-11-30T17:17:59.681Z, 304.1789194, 453.5630560000001
1701364679706, 2023-11-30T17:17:59.706Z, 302.5436778, 456.0994074
1701364679721, 2023-11-30T17:17:59.721Z, 307.80572620000004, 457.86265199999997
1701364679737, 2023-11-30T17:17:59.737Z, 312.7179384, 459.9259518
1701364679768, 2023-11-30T17:17:59.768Z, 319.65540160000006, 462.80357560000004
1701364679784, 2023-11-30T17:17:59.784Z, 326.879409, 464.5912912
1701364679799, 2023-11-30T17:17:59.799Z, 332.05748619999997, 462.47086060000004
1701364679815, 2023-11-30T17:17:59.815Z, 330.52270039999996, 461.0446782
1701364679834, 2023-11-30T17:17:59.834Z, 325.5824004, 459.1851208
1701364679862, 2023-11-30T17:17:59.862Z, 319.4307032, 456.91934340000006
1701364679909, 2023-11-30T17:17:59.909Z, 287.08997739999995, 465.247338
1701364679925, 2023-11-30T17:17:59.925Z, 245.0166754, 482.11685239999997
1701364679940, 2023-11-30T17:17:59.940Z, 202.57000580000002, 499.84221620000005
1701364679956, 2023-11-30T17:17:59.956Z, 163.8026136, 515.2706026
1701364679982, 2023-11-30T17:17:59.982Z, 121.04212819999998, 529.2384222000001
1701364680003, 2023-11-30T17:18:00.003Z, 103.1584128, 533.6778836000001
1701364680019, 2023-11-30T17:18:00.019Z, 96.40140199999999, 535.6784764
1701364680034, 2023-11-30T17:18:00.034Z, 90.1925112, 536.8049669999999
1701364680050, 2023-11-30T17:18:00.050Z, 84.6286446, 538.4780502
1701364680066, 2023-11-30T17:18:00.066Z, 82.3471294, 541.5414858
1701364680082, 2023-11-30T17:18:00.082Z, 81.10640420000001, 543.8336816
1701364680098, 2023-11-30T17:18:00.098Z, 79.620909, 541.1727816
1701364680112, 2023-11-30T17:18:00.112Z, 77.0184828, 539.9547306000001
1701364680130, 2023-11-30T17:18:00.130Z, 77.1971904, 539.7672914
1701364680147, 2023-11-30T17:18:00.147Z, 77.9335048, 540.3155714000001
1701364680174, 2023-11-30T17:18:00.174Z, 81.07604, 541.791713
1701364680198, 2023-11-30T17:18:00.198Z, 95.3163968, 542.8180931999999
1701364680221, 2023-11-30T17:18:00.221Z, 111.87564139999999, 540.3823496000001
1701364680268, 2023-11-30T17:18:00.268Z, 124.77407960000001, 536.9347104000001
1701364680285, 2023-11-30T17:18:00.285Z, 119.77033019999999, 539.296008
1701364680299, 2023-11-30T17:18:00.299Z, 114.99559280000001, 541.2536910000001
1701364680313, 2023-11-30T17:18:00.313Z, 99.46696, 544.3586971999999
1701364680345, 2023-11-30T17:18:00.345Z, 87.36530560000001, 548.4731926
1701364680361, 2023-11-30T17:18:00.361Z, 75.0259882, 552.271375
1701364680392, 2023-11-30T17:18:00.392Z, 82.5352044, 549.8653294
1701364680407, 2023-11-30T17:18:00.407Z, 85.93380960000002, 548.8212137999999
1701364680433, 2023-11-30T17:18:00.433Z, 98.7625108, 546.5488932000001
1701364680454, 2023-11-30T17:18:00.454Z, 112.87242499999999, 545.3210059999999
1701364680469, 2023-11-30T17:18:00.469Z, 131.2407584, 545.2459704
1701364680485, 2023-11-30T17:18:00.485Z, 147.3190856, 545.6131346
1701364680500, 2023-11-30T17:18:00.500Z, 162.90350700000002, 545.2602725999999
1701364680516, 2023-11-30T17:18:00.516Z, 172.6082514, 549.4047367999999
1701364680531, 2023-11-30T17:18:00.531Z, 175.07321900000002, 557.5231068
1701364680547, 2023-11-30T17:18:00.547Z, 173.24295820000003, 566.6547952000001
1701364680562, 2023-11-30T17:18:00.562Z, 170.0433188, 577.5020752
1701364680580, 2023-11-30T17:18:00.580Z, 168.49484660000002, 588.6634610000001
1701364680609, 2023-11-30T17:18:00.609Z, 164.24694359999998, 596.0454804
1701364680624, 2023-11-30T17:18:00.624Z, 161.4413316, 598.6096458
1701364680643, 2023-11-30T17:18:00.643Z, 162.5874628, 594.6895262
1701364680671, 2023-11-30T17:18:00.671Z, 168.82055899999997, 585.6472404
1701364680687, 2023-11-30T17:18:00.687Z, 175.4103036, 582.451253
1701364680702, 2023-11-30T17:18:00.702Z, 180.93793699999998, 580.5376802000001
1701364680735, 2023-11-30T17:18:00.735Z, 187.5660386, 579.9241246
1701364680750, 2023-11-30T17:18:00.750Z, 197.3748538, 582.4744463999999
1701364680767, 2023-11-30T17:18:00.767Z, 203.1275994, 588.5895518
1701364680797, 2023-11-30T17:18:00.797Z, 216.91311919999998, 585.2298905999999
1701364680814, 2023-11-30T17:18:00.814Z, 233.6914804, 580.5728992
1701364680844, 2023-11-30T17:18:00.844Z, 254.25162840000002, 575.4950982
1701364680858, 2023-11-30T17:18:00.858Z, 270.9653386, 574.0367648
1701364680885, 2023-11-30T17:18:00.885Z, 288.89193159999996, 561.3685066
1701364680905, 2023-11-30T17:18:00.905Z, 298.72725779999996, 551.1190226000001
1701364680935, 2023-11-30T17:18:00.935Z, 303.3291064, 547.1851469999999
1701364680951, 2023-11-30T17:18:00.951Z, 303.7787474, 543.3758936
1701364680982, 2023-11-30T17:18:00.982Z, 303.20970940000007, 536.4146827999999
1701364680998, 2023-11-30T17:18:00.998Z, 300.2276912, 538.8845354000001
1701364681046, 2023-11-30T17:18:01.046Z, 299.6304802, 544.9633768
1701364681077, 2023-11-30T17:18:01.077Z, 305.8324646, 549.6697524
1701364681110, 2023-11-30T17:18:01.110Z, 324.83870360000003, 560.6337066
1701364681125, 2023-11-30T17:18:01.125Z, 342.7216894, 569.9102706000001
1701364681139, 2023-11-30T17:18:01.139Z, 353.93716179999996, 585.0292714
1701364681156, 2023-11-30T17:18:01.156Z, 372.4680124, 602.7846786
1701364681183, 2023-11-30T17:18:01.183Z, 384.5351678, 615.0148934
1701364681203, 2023-11-30T17:18:01.203Z, 378.0202262, 618.8668525999999
1701364681217, 2023-11-30T17:18:01.217Z, 370.9984988, 625.2430644
1701364681249, 2023-11-30T17:18:01.249Z, 376.4099362, 622.6608586
1701364681266, 2023-11-30T17:18:01.266Z, 373.79758499999997, 613.5668132000001
1701364681295, 2023-11-30T17:18:01.295Z, 375.77593079999997, 603.0481086000001
1701364681312, 2023-11-30T17:18:01.312Z, 383.58019060000004, 592.8010344
1701364681335, 2023-11-30T17:18:01.335Z, 386.96156, 576.743671
1701364681359, 2023-11-30T17:18:01.359Z, 387.2820912, 564.5903132
1701364681390, 2023-11-30T17:18:01.390Z, 371.4623914, 554.6858761999999
1701364681436, 2023-11-30T17:18:01.436Z, 334.1200232, 548.7273704
1701364681480, 2023-11-30T17:18:01.480Z, 291.81623279999997, 541.8999408
1701364681515, 2023-11-30T17:18:01.515Z, 250.10181820000003, 547.3412255999999
1701364681530, 2023-11-30T17:18:01.530Z, 202.2263026, 554.1077012
1701364681562, 2023-11-30T17:18:01.562Z, 176.5488398, 558.7675786
1701364681579, 2023-11-30T17:18:01.579Z, 167.9817068, 562.9641737999999
1701364681609, 2023-11-30T17:18:01.609Z, 163.6854548, 569.7499147999999
1701364681631, 2023-11-30T17:18:01.631Z, 148.7685666, 576.7812578
1701364681655, 2023-11-30T17:18:01.655Z, 139.49703040000003, 581.5047406000001
1701364681671, 2023-11-30T17:18:01.671Z, 126.29977599999998, 585.6662768
1701364681701, 2023-11-30T17:18:01.701Z, 111.5133376, 592.1505932
1701364681718, 2023-11-30T17:18:01.718Z, 92.0834296, 601.0345442
1701364681749, 2023-11-30T17:18:01.749Z, 88.2979316, 604.9689894
1701364681785, 2023-11-30T17:18:01.785Z, 99.67180800000001, 602.6354236
1701364681795, 2023-11-30T17:18:01.795Z, 108.6935788, 599.9472108
1701364681843, 2023-11-30T17:18:01.843Z, 122.4936868, 593.8269886
1701364681874, 2023-11-30T17:18:01.874Z, 144.9746288, 585.0580448000001
1701364681890, 2023-11-30T17:18:01.890Z, 172.3590278, 574.6475726
1701364681929, 2023-11-30T17:18:01.929Z, 185.2762314, 571.3274074
1701364681968, 2023-11-30T17:18:01.968Z, 190.6804408, 576.0659797999999
1701364681984, 2023-11-30T17:18:01.984Z, 197.7776608, 578.279061
1701364682014, 2023-11-30T17:18:02.014Z, 182.8829414, 592.6789203999999
1701364682030, 2023-11-30T17:18:02.030Z, 153.71615460000004, 601.9060522
1701364682061, 2023-11-30T17:18:02.061Z, 123.00797280000002, 611.4380865999999
1701364682106, 2023-11-30T17:18:02.106Z, 103.8922544, 613.6277096000001
1701364682123, 2023-11-30T17:18:02.123Z, 78.77626219999999, 619.5497286
1701364682155, 2023-11-30T17:18:02.155Z, 59.9765802, 615.9933486
1701364682172, 2023-11-30T17:18:02.172Z, 50.7959714, 618.4816352
1701364682201, 2023-11-30T17:18:02.201Z, 45.770841399999995, 622.390279
1701364682248, 2023-11-30T17:18:02.248Z, 46.7289388, 628.2139696
1701364682280, 2023-11-30T17:18:02.280Z, 56.72895139999999, 631.9179942
1701364682296, 2023-11-30T17:18:02.296Z, 79.2809208, 633.3144891999999
1701364682328, 2023-11-30T17:18:02.328Z, 109.15156640000001, 632.034153
1701364682342, 2023-11-30T17:18:02.342Z, 133.453633, 628.3328610000001
1701364682380, 2023-11-30T17:18:02.380Z, 143.23521599999998, 621.4226744
1701364682396, 2023-11-30T17:18:02.396Z, 133.1578318, 612.3402808
1701364682420, 2023-11-30T17:18:02.420Z, 127.24744099999998, 604.3331496
1701364682435, 2023-11-30T17:18:02.435Z, 115.20827780000002, 599.2537278
1701364682466, 2023-11-30T17:18:02.466Z, 107.1910936, 595.5599604
1701364682482, 2023-11-30T17:18:02.482Z, 100.1791592, 592.5118884
1701364682513, 2023-11-30T17:18:02.513Z, 117.11134700000002, 593.4491043999999
1701364682561, 2023-11-30T17:18:02.561Z, 138.6809502, 594.1272941999999
1701364682574, 2023-11-30T17:18:02.574Z, 155.9303522, 590.0719867999999
1701364682606, 2023-11-30T17:18:02.606Z, 179.2199036, 585.9096557999999
1701364682637, 2023-11-30T17:18:02.637Z, 206.120755, 581.4393269999999
1701364682652, 2023-11-30T17:18:02.652Z, 224.62765760000002, 576.7731239999999
1701364682682, 2023-11-30T17:18:02.682Z, 226.0578102, 570.8680518
1701364682700, 2023-11-30T17:18:02.700Z, 216.35606739999997, 572.4498458
1701364682731, 2023-11-30T17:18:02.731Z, 195.4416176, 574.1186249999998
1701364682747, 2023-11-30T17:18:02.747Z, 173.35347919999998, 576.9316606
1701364682778, 2023-11-30T17:18:02.778Z, 145.00830280000002, 583.4743758
1701364682794, 2023-11-30T17:18:02.794Z, 122.9500462, 588.8563022
1701364682828, 2023-11-30T17:18:02.828Z, 116.78493720000002, 593.3480471999999
1701364682871, 2023-11-30T17:18:02.871Z, 118.7911824, 601.4748950000001
1701364682886, 2023-11-30T17:18:02.886Z, 117.090481, 609.900766
1701364682917, 2023-11-30T17:18:02.917Z, 117.0335406, 613.6527596000001
1701364682933, 2023-11-30T17:18:02.933Z, 117.5142312, 618.2255092
1701364682964, 2023-11-30T17:18:02.964Z, 114.5061408, 616.9077108
1701364683010, 2023-11-30T17:18:03.010Z, 105.5793678, 608.9258990000001
1701364683043, 2023-11-30T17:18:03.043Z, 97.00477279999998, 612.1445896
1701364683060, 2023-11-30T17:18:03.060Z, 94.82096500000002, 613.9110008
1701364683090, 2023-11-30T17:18:03.090Z, 94.7656096, 614.0749796
1701364683106, 2023-11-30T17:18:03.106Z, 96.4204306, 617.4606876
1701364683131, 2023-11-30T17:18:03.131Z, 104.12101320000002, 616.108432
1701364683153, 2023-11-30T17:18:03.153Z, 115.52818099999999, 603.1318918
1701364683183, 2023-11-30T17:18:03.183Z, 125.38339260000001, 591.6609958
1701364683198, 2023-11-30T17:18:03.198Z, 134.6746374, 582.0935605999999
1701364683230, 2023-11-30T17:18:03.230Z, 142.7958506, 575.9549166
1701364683246, 2023-11-30T17:18:03.246Z, 144.9140842, 576.253602
1701364683279, 2023-11-30T17:18:03.279Z, 152.20038060000002, 582.6395392000001
1701364683307, 2023-11-30T17:18:03.307Z, 155.704827, 589.9633172
1701364683323, 2023-11-30T17:18:03.323Z, 156.42074839999998, 599.681016
1701364683338, 2023-11-30T17:18:03.338Z, 159.03434339999998, 607.3909984
1701364683369, 2023-11-30T17:18:03.369Z, 160.5302094, 618.833944
1701364683388, 2023-11-30T17:18:03.388Z, 144.98409, 625.4399470000001
1701364683415, 2023-11-30T17:18:03.415Z, 135.5351654, 634.486559
1701364683432, 2023-11-30T17:18:03.432Z, 122.3583838, 641.0830692000001
1701364683464, 2023-11-30T17:18:03.464Z, 112.549335, 648.1464404000001
1701364683477, 2023-11-30T17:18:03.477Z, 103.02605439999999, 654.9212072
1701364683493, 2023-11-30T17:18:03.493Z, 104.760417, 664.6302432
1701364683509, 2023-11-30T17:18:03.509Z, 97.6193132, 669.1666653999998
1701364683541, 2023-11-30T17:18:03.541Z, 95.9161632, 673.699444
1701364683556, 2023-11-30T17:18:03.556Z, 87.7928018, 675.5464204
1701364683582, 2023-11-30T17:18:03.582Z, 89.99865500000001, 673.4762632
1701364683603, 2023-11-30T17:18:03.603Z, 90.4707214, 667.9887488
1701364683619, 2023-11-30T17:18:03.619Z, 83.8336532, 660.638745
1701364683633, 2023-11-30T17:18:03.633Z, 75.62062519999999, 652.172808
1701364683649, 2023-11-30T17:18:03.649Z, 69.073856, 645.1930801999999
1701364683664, 2023-11-30T17:18:03.664Z, 59.4738022, 639.4417112
1701364683680, 2023-11-30T17:18:03.680Z, 63.1210322, 634.3292296000001
1701364683695, 2023-11-30T17:18:03.695Z, 93.53204840000001, 637.896796
1701364683711, 2023-11-30T17:18:03.711Z, 126.0673366, 643.2558636
1701364683730, 2023-11-30T17:18:03.730Z, 163.82306979999998, 649.6624248
1701364683757, 2023-11-30T17:18:03.757Z, 202.4863522, 658.662964
1701364683774, 2023-11-30T17:18:03.774Z, 232.33396820000002, 663.0484039999999
1701364683793, 2023-11-30T17:18:03.793Z, 246.30538740000003, 665.4422357999999
1701364683819, 2023-11-30T17:18:03.819Z, 258.3221148, 670.3000598
1701364683836, 2023-11-30T17:18:03.836Z, 264.445654, 674.0269866
1701364683865, 2023-11-30T17:18:03.865Z, 262.7822918, 675.7006844
1701364683882, 2023-11-30T17:18:03.882Z, 256.6646918, 682.7221442
1701364683912, 2023-11-30T17:18:03.912Z, 251.86505259999998, 686.8818416
1701364683927, 2023-11-30T17:18:03.927Z, 249.5985586, 689.0509519999999
1701364683944, 2023-11-30T17:18:03.944Z, 249.5732354, 690.6218028000001
1701364683959, 2023-11-30T17:18:03.959Z, 253.342965, 690.1876592000001
1701364683975, 2023-11-30T17:18:03.975Z, 261.7417294, 687.7168455999999
1701364683990, 2023-11-30T17:18:03.990Z, 270.5352772, 684.9874585999999
1701364684006, 2023-11-30T17:18:04.006Z, 279.19365260000006, 681.3879823999999
1701364684032, 2023-11-30T17:18:04.032Z, 286.6753088, 678.084259
1701364684053, 2023-11-30T17:18:04.053Z, 293.6325082, 676.462106
1701364684068, 2023-11-30T17:18:04.068Z, 299.834614, 671.8315934
1701364684084, 2023-11-30T17:18:04.084Z, 306.5106492, 663.8957256
1701364684099, 2023-11-30T17:18:04.099Z, 311.9342928, 656.5742386
1701364684114, 2023-11-30T17:18:04.114Z, 317.5823888, 645.5856094
1701364684129, 2023-11-30T17:18:04.129Z, 319.97370639999997, 636.3676646
1701364684145, 2023-11-30T17:18:04.145Z, 318.881888, 633.9758776
1701364684160, 2023-11-30T17:18:04.160Z, 317.8668746, 634.5434404
1701364684180, 2023-11-30T17:18:04.180Z, 317.0110812, 635.2291706
1701364684197, 2023-11-30T17:18:04.197Z, 322.31308099999995, 644.2569292000001
1701364684223, 2023-11-30T17:18:04.223Z, 325.6562488, 652.606063
1701364684244, 2023-11-30T17:18:04.244Z, 338.3264408, 666.8583338
1701364684269, 2023-11-30T17:18:04.269Z, 354.015826, 679.5536976
1701364684286, 2023-11-30T17:18:04.286Z, 368.9690792, 692.3240086
1701364684316, 2023-11-30T17:18:04.316Z, 380.12921939999995, 697.779466
1701364684348, 2023-11-30T17:18:04.348Z, 392.47302659999997, 701.8684196
1701364684363, 2023-11-30T17:18:04.363Z, 395.975592, 697.131102
1701364684378, 2023-11-30T17:18:04.378Z, 393.3248086, 694.6283104
1701364684394, 2023-11-30T17:18:04.394Z, 392.93569880000007, 688.7563904
1701364684410, 2023-11-30T17:18:04.410Z, 391.0773464, 685.3395606
1701364684425, 2023-11-30T17:18:04.425Z, 392.174683, 681.5699246
1701364684441, 2023-11-30T17:18:04.441Z, 388.60920699999997, 679.1040631999999
1701364684456, 2023-11-30T17:18:04.456Z, 383.097238, 677.3978504
1701364684481, 2023-11-30T17:18:04.481Z, 370.7367722, 680.1503989999999
1701364684503, 2023-11-30T17:18:04.503Z, 352.7771244, 684.2610402
1701364684535, 2023-11-30T17:18:04.535Z, 322.95390779999997, 692.3059138000001
1701364684551, 2023-11-30T17:18:04.551Z, 299.21014640000004, 698.4681392
1701364684581, 2023-11-30T17:18:04.581Z, 278.88748580000004, 702.5633566
1701364684597, 2023-11-30T17:18:04.597Z, 256.11415819999996, 702.9429662
1701364684630, 2023-11-30T17:18:04.630Z, 227.2644022, 703.1538796000001
1701364684662, 2023-11-30T17:18:04.662Z, 206.3089176, 701.4782492
1701364684675, 2023-11-30T17:18:04.675Z, 184.35707319999997, 701.5495224
1701364684692, 2023-11-30T17:18:04.692Z, 158.7819986, 714.143719
1701364684713, 2023-11-30T17:18:04.713Z, 140.6732648, 728.2079904
1701364684721, 2023-11-30T17:18:04.721Z, 134.1944654, 740.4775189999999
1701364684737, 2023-11-30T17:18:04.737Z, 130.58814560000002, 744.3959086
1701364684768, 2023-11-30T17:18:04.768Z, 132.6526324, 745.7040614
1701364684814, 2023-11-30T17:18:04.814Z, 139.9281172, 734.3799974000001
1701364684846, 2023-11-30T17:18:04.846Z, 144.462864, 728.398657
1701364684862, 2023-11-30T17:18:04.862Z, 141.3033976, 727.7388566000001
1701364684878, 2023-11-30T17:18:04.878Z, 136.77872299999999, 738.6003932000001
1701364684894, 2023-11-30T17:18:04.894Z, 125.9085996, 751.519446
1701364684911, 2023-11-30T17:18:04.911Z, 118.223462, 762.6992078000001
1701364684933, 2023-11-30T17:18:04.933Z, 120.07741879999999, 766.025493
1701364684957, 2023-11-30T17:18:04.957Z, 132.838505, 763.8851382
1701364684986, 2023-11-30T17:18:04.986Z, 160.4468728, 751.767741
1701364685005, 2023-11-30T17:18:05.005Z, 192.3902708, 738.553748
1701364685035, 2023-11-30T17:18:05.035Z, 227.3233658, 726.1720154000001
1701364685035, 2023-11-30T17:18:05.035Z, 254.7225, 717.1138218
1701364685082, 2023-11-30T17:18:05.082Z, 277.891411, 707.1391384000001
1701364685101, 2023-11-30T17:18:05.101Z, 286.1215032, 708.283524
1701364685114, 2023-11-30T17:18:05.114Z, 292.0284206, 709.2873416
1701364685130, 2023-11-30T17:18:05.130Z, 289.3989402, 717.3326214000001
1701364685161, 2023-11-30T17:18:05.161Z, 289.8655486, 713.1107228
1701364685176, 2023-11-30T17:18:05.176Z, 290.3179592, 712.2147722
1701364685207, 2023-11-30T17:18:05.207Z, 291.981226, 693.3509786000001
1701364685246, 2023-11-30T17:18:05.246Z, 300.17698340000004, 627.8621262
1701364685301, 2023-11-30T17:18:05.301Z, 313.2992228, 556.3946362
1701364685348, 2023-11-30T17:18:05.348Z, 318.764719, 494.70212200000003
1701364685382, 2023-11-30T17:18:05.382Z, 320.9828566, 429.52837980000004
1701364685441, 2023-11-30T17:18:05.441Z, 322.30466979999994, 368.787643
1701364685472, 2023-11-30T17:18:05.472Z, 316.795693, 352.6920592
1701364685565, 2023-11-30T17:18:05.565Z, 316.4478228, 324.4721512
1701364685581, 2023-11-30T17:18:05.581Z, 320.556185, 295.470779
1701364685612, 2023-11-30T17:18:05.612Z, 331.296434, 270.9484464
1701364685627, 2023-11-30T17:18:05.627Z, 340.2787352, 253.64195820000003
1701364685659, 2023-11-30T17:18:05.659Z, 349.1800397999999, 239.1110852
1701364685683, 2023-11-30T17:18:05.683Z, 362.3003706, 250.35688259999998
1701364685696, 2023-11-30T17:18:05.696Z, 374.5970314, 263.7462942
1701364685707, 2023-11-30T17:18:05.707Z, 383.0811694, 275.10641680000003
1701364685728, 2023-11-30T17:18:05.728Z, 386.48636159999995, 291.82961620000003
1701364685752, 2023-11-30T17:18:05.752Z, 391.8400842, 307.1310634
1701364685770, 2023-11-30T17:18:05.771Z, 382.5854166, 310.6942944
1701364685784, 2023-11-30T17:18:05.784Z, 375.7410592, 308.4391356
1701364685799, 2023-11-30T17:18:05.799Z, 373.0644644, 302.550325
1701364685832, 2023-11-30T17:18:05.832Z, 439.01762180000003, 277.7266788
1701364685846, 2023-11-30T17:18:05.846Z, 517.6809362, 252.99968359999997
1701364685861, 2023-11-30T17:18:05.861Z, 666.874466, 220.38503920000002
1701364685894, 2023-11-30T17:18:05.894Z, 836.8280855999999, 190.421168
1701364685925, 2023-11-30T17:18:05.925Z, 1008.2080303999999, 160.2477396
1701364686019, 2023-11-30T17:18:06.019Z, 1159.8596315999998, 148.90336200000002
1701364686034, 2023-11-30T17:18:06.034Z, 1296.5862247999999, 143.43725639999997
1701364686065, 2023-11-30T17:18:06.065Z, 1364.5064189999998, 148.1713946
1701364686080, 2023-11-30T17:18:06.080Z, 1409.101024, 159.21508060000002
1701364686097, 2023-11-30T17:18:06.097Z, 1449.6092734, 180.1476756
1701364686112, 2023-11-30T17:18:06.112Z, 1446.8159322, 196.08988879999998
1701364686299, 2023-11-30T17:18:06.299Z, 1446.3262877999998, 208.16044259999998
1701364686315, 2023-11-30T17:18:06.315Z, 1453.0978845999998, 216.0555492
1701364686331, 2023-11-30T17:18:06.331Z, 1460.3428640000002, 222.1609014
1701364686347, 2023-11-30T17:18:06.347Z, 1464.6013102000002, 222.44952519999998
1701364686361, 2023-11-30T17:18:06.361Z, 1469.4872902, 222.05902120000002
1701364686376, 2023-11-30T17:18:06.376Z, 1474.338577, 221.00588140000005
1701364686392, 2023-11-30T17:18:06.392Z, 1466.370472, 221.32415220000001
1701364686408, 2023-11-30T17:18:06.408Z, 1455.4696608000002, 219.8101694
1701364686428, 2023-11-30T17:18:06.428Z, 1441.7206668, 221.58425399999996
1701364686455, 2023-11-30T17:18:06.455Z, 1437.8044475999998, 218.35562020000003
1701364686469, 2023-11-30T17:18:06.469Z, 1434.8125932, 211.25210660000002
1701364686485, 2023-11-30T17:18:06.485Z, 1432.1726158, 209.97401159999998
1701364686501, 2023-11-30T17:18:06.501Z, 1436.1087126, 209.9122566
1701364686516, 2023-11-30T17:18:06.516Z, 1441.182969, 209.01852639999998
1701364686533, 2023-11-30T17:18:06.533Z, 1439.5547272, 212.7717018
1701364686548, 2023-11-30T17:18:06.548Z, 1439.5765212, 216.3734208
1701364686563, 2023-11-30T17:18:06.563Z, 1446.4387324, 212.44726999999997
1701364686582, 2023-11-30T17:18:06.582Z, 1451.4134434000002, 207.49692680000004
1701364686610, 2023-11-30T17:18:06.610Z, 1458.2931006000001, 200.2579608
1701364686627, 2023-11-30T17:18:06.627Z, 1460.4215134, 195.92147540000002
1701364686657, 2023-11-30T17:18:06.657Z, 1459.4417440000002, 194.7789352
1701364686671, 2023-11-30T17:18:06.671Z, 1459.085377, 185.9550692
1701364686687, 2023-11-30T17:18:06.687Z, 1458.4793882, 175.7491724
1701364686703, 2023-11-30T17:18:06.703Z, 1452.9377216, 170.742706
1701364686732, 2023-11-30T17:18:06.732Z, 1449.3297238, 164.29478980000002
1701364686750, 2023-11-30T17:18:06.750Z, 1443.852574, 160.6052312
1701364686765, 2023-11-30T17:18:06.765Z, 1444.8102214, 166.0710496
1701364686780, 2023-11-30T17:18:06.780Z, 1444.3257294, 175.110107
1701364686797, 2023-11-30T17:18:06.797Z, 1447.3650998, 179.66709619999997
1701364686812, 2023-11-30T17:18:06.812Z, 1454.460858, 180.53577839999997
1701364686827, 2023-11-30T17:18:06.827Z, 1461.6580443999999, 180.1278162
1701364686844, 2023-11-30T17:18:06.844Z, 1458.8773666, 181.5668338
1701364686858, 2023-11-30T17:18:06.858Z, 1460.1556712, 182.6333892
1701364686878, 2023-11-30T17:18:06.878Z, 1459.6003157999999, 185.9245982
1701364686908, 2023-11-30T17:18:06.908Z, 1459.3277352, 190.71745679999998
1701364686924, 2023-11-30T17:18:06.924Z, 1460.6164876000003, 191.694843
1701364686937, 2023-11-30T17:18:06.937Z, 1459.0901766000002, 192.98035199999998
1701364686952, 2023-11-30T17:18:06.952Z, 1453.5604644, 193.792219
1701364686968, 2023-11-30T17:18:06.968Z, 1450.1526108, 192.4287822
1701364686986, 2023-11-30T17:18:06.986Z, 1447.9926798, 191.17291219999998
1701366891193, 2023-11-30T17:54:51.193Z, 15.033554, 707.560131
1701366891250, 2023-11-30T17:54:51.250Z, 9.705117000000001, 705.7630905
1701366891281, 2023-11-30T17:54:51.281Z, 6.211257333333335, 708.2944896666667
1701366891359, 2023-11-30T17:54:51.359Z, 4.831120750000001, 709.88826625
1701366891377, 2023-11-30T17:54:51.377Z, 7.023833200000001, 709.711121
1701366891405, 2023-11-30T17:54:51.405Z, 13.835057, 718.717732
1701366891422, 2023-11-30T17:54:51.422Z, 24.1621894, 730.9133218
1701366891452, 2023-11-30T17:54:51.452Z, 35.4208048, 741.6874221999999
1701366891493, 2023-11-30T17:54:51.493Z, 47.054161, 750.810011
1701366893166, 2023-11-30T17:54:53.166Z, 48.6133122, 752.935817
1701366893945, 2023-11-30T17:54:53.945Z, 208.8631268, 665.70274
1701366894244, 2023-11-30T17:54:54.244Z, 200.1675406, 561.9419995999999
1701366897613, 2023-11-30T17:54:57.613Z, 215.5259484, 509.75522820000003
1701366897766, 2023-11-30T17:54:57.766Z, 205.36450559999997, 480.4422208
1701366897791, 2023-11-30T17:54:57.791Z, 205.5832484, 461.6686434
1701366897844, 2023-11-30T17:54:57.844Z, 52.5564212, 522.4183102
1701366897890, 2023-11-30T17:54:57.890Z, 74.6327056, 587.1022936
1701366897905, 2023-11-30T17:54:57.905Z, 74.94451899999999, 597.4996480000001
1701366897998, 2023-11-30T17:54:57.998Z, 96.26486, 591.2805384000001
1701366898044, 2023-11-30T17:54:58.044Z, 110.12637379999998, 587.2437702
1701366898136, 2023-11-30T17:54:58.136Z, 112.66605419999999, 593.1105421999999
1701366898167, 2023-11-30T17:54:58.167Z, 89.569448, 562.4304007999999
1701366898392, 2023-11-30T17:54:58.392Z, 73.4707188, 490.93504759999996
1701366898446, 2023-11-30T17:54:58.446Z, 67.20986860000001, 413.21048040000005
1701366898493, 2023-11-30T17:54:58.493Z, 77.967291, 322.07100180000003
1701366898586, 2023-11-30T17:54:58.586Z, 74.7595524, 227.3263548
1701366898618, 2023-11-30T17:54:58.618Z, 108.6536218, 171.7127314
1701366898712, 2023-11-30T17:54:58.712Z, 131.3692312, 152.64478400000002
1701366898850, 2023-11-30T17:54:58.850Z, 134.9531746, 132.89379820000002
1701366898898, 2023-11-30T17:54:58.898Z, 124.15111060000001, 136.0167182
1701366898944, 2023-11-30T17:54:58.944Z, 121.31680180000001, 134.446396
1701366899022, 2023-11-30T17:54:59.022Z, 107.437872, 129.0212898
1701366899293, 2023-11-30T17:54:59.293Z, 120.1422666, 126.20305479999999
1701366899337, 2023-11-30T17:54:59.337Z, 145.4037184, 121.32179
1701366899477, 2023-11-30T17:54:59.477Z, 166.34675980000003, 112.65187719999999
1701366900520, 2023-11-30T17:55:00.520Z, 176.45797460000003, 116.2569606
1701366900567, 2023-11-30T17:55:00.567Z, 173.5872316, 96.1605968
1701366900613, 2023-11-30T17:55:00.613Z, 152.43413999999999, 92.9243382
1701366900692, 2023-11-30T17:55:00.692Z, 138.8558576, 120.9644656
1701366900739, 2023-11-30T17:55:00.739Z, 128.2635986, 143.0127802
1701366900969, 2023-11-30T17:55:00.969Z, 139.748026, 142.11482759999998
1701369997309, 2023-11-30T18:46:37.309Z, 338.449287, 409.531939
1701369997353, 2023-11-30T18:46:37.353Z, 290.81879100000003, 409.753777
1701369997457, 2023-11-30T18:46:37.457Z, 230.97932600000001, 396.5656900000001
1701369997473, 2023-11-30T18:46:37.473Z, 202.05780875000002, 387.621796
1701369997504, 2023-11-30T18:46:37.504Z, 186.43952940000003, 382.2680408
1701369997519, 2023-11-30T18:46:37.519Z, 154.99948160000002, 375.9099176
1701369997556, 2023-11-30T18:46:37.556Z, 167.81554880000002, 377.9449844
1701369997586, 2023-11-30T18:46:37.586Z, 207.8475192, 388.52972580000005
1701369997612, 2023-11-30T18:46:37.612Z, 247.37814480000003, 401.62606800000003
1701369997633, 2023-11-30T18:46:37.633Z, 288.7366128, 412.94575620000006
1701369997658, 2023-11-30T18:46:37.658Z, 318.8081522, 420.7963766
1701369997677, 2023-11-30T18:46:37.677Z, 325.0407214, 419.209969
1701369997751, 2023-11-30T18:46:37.751Z, 318.40283600000004, 412.87389279999996
1701369997767, 2023-11-30T18:46:37.767Z, 286.3067248, 400.6599066
1701369997783, 2023-11-30T18:46:37.783Z, 251.2079826, 390.4857798
1701369997813, 2023-11-30T18:46:37.813Z, 217.05966239999998, 383.25195299999996
1701369997856, 2023-11-30T18:46:37.856Z, 164.9245206, 372.97530959999995
1701369997875, 2023-11-30T18:46:37.875Z, 123.5189386, 367.2020248
1701369997907, 2023-11-30T18:46:37.907Z, 111.31092659999999, 367.834511
1701369997921, 2023-11-30T18:46:37.921Z, 92.3808184, 367.95083539999996
1701369997953, 2023-11-30T18:46:37.953Z, 85.8464646, 368.892263
1701369997968, 2023-11-30T18:46:37.968Z, 83.20801459999998, 369.7567234
1701369998007, 2023-11-30T18:46:38.007Z, 97.61680960000001, 373.05775939999995
1701369998047, 2023-11-30T18:46:38.047Z, 119.6353272, 375.31370860000004
1701369998062, 2023-11-30T18:46:38.062Z, 146.1043684, 377.26430659999994
1701369998170, 2023-11-30T18:46:38.170Z, 172.27820960000003, 367.5136272
1701369998216, 2023-11-30T18:46:38.216Z, 175.36868320000002, 368.09428119999995
1701369998264, 2023-11-30T18:46:38.264Z, 179.21083760000002, 369.8590594
1701369998279, 2023-11-30T18:46:38.279Z, 164.5026742, 369.81828099999996
1701369998306, 2023-11-30T18:46:38.306Z, 172.5313396, 373.0765406
1701369998355, 2023-11-30T18:46:38.355Z, 147.948672, 378.70365639999994
1701369998371, 2023-11-30T18:46:38.371Z, 163.5848018, 373.7461588
1701369998403, 2023-11-30T18:46:38.403Z, 172.7092978, 365.25060479999996
1701369998419, 2023-11-30T18:46:38.419Z, 183.88444400000003, 357.82160439999996
1701369998456, 2023-11-30T18:46:38.456Z, 199.96353600000003, 354.1521722
1701369998499, 2023-11-30T18:46:38.499Z, 215.878651, 361.21870040000005
1701369998516, 2023-11-30T18:46:38.516Z, 232.66718740000002, 374.7921718
1701369998542, 2023-11-30T18:46:38.542Z, 236.1003502, 388.5473624
1701369998558, 2023-11-30T18:46:38.558Z, 248.7402418, 404.22137260000005
1701369998576, 2023-11-30T18:46:38.576Z, 231.2834248, 411.9993366
1701369998621, 2023-11-30T18:46:38.621Z, 219.10670999999996, 412.2105902
1701369998651, 2023-11-30T18:46:38.651Z, 201.4145308, 409.37231119999996
1701369998668, 2023-11-30T18:46:38.668Z, 185.6078948, 405.4373702
1701369998683, 2023-11-30T18:46:38.683Z, 164.8474154, 399.0400024
1701369998716, 2023-11-30T18:46:38.716Z, 148.6247644, 393.82844059999996
1701369998730, 2023-11-30T18:46:38.730Z, 162.24682420000002, 394.5553418
1701369998759, 2023-11-30T18:46:38.759Z, 172.0508074, 395.019476
1701369998777, 2023-11-30T18:46:38.777Z, 181.19126200000002, 395.37849040000003
1701369998809, 2023-11-30T18:46:38.809Z, 180.97427940000003, 395.2662122
1701369998825, 2023-11-30T18:46:38.825Z, 180.0505932, 395.1896202
1701369998856, 2023-11-30T18:46:38.856Z, 190.7893928, 396.6909422
1701369998872, 2023-11-30T18:46:38.872Z, 201.83694359999998, 398.9017882
1701369998906, 2023-11-30T18:46:38.906Z, 224.8602324, 404.5314174
1701369998951, 2023-11-30T18:46:38.951Z, 260.2536282, 415.5287892
1701369998966, 2023-11-30T18:46:38.966Z, 297.656053, 426.3712286
1701369998982, 2023-11-30T18:46:38.982Z, 312.795534, 431.9307892
1701369998998, 2023-11-30T18:46:38.998Z, 331.9782558, 437.87600939999993
1701369999028, 2023-11-30T18:46:39.028Z, 316.9510662, 434.51617319999997
1701369999075, 2023-11-30T18:46:39.075Z, 283.8345398, 423.99893480000003
1701369999089, 2023-11-30T18:46:39.089Z, 250.27360120000003, 413.06904180000004
1701369999119, 2023-11-30T18:46:39.119Z, 213.76140720000004, 402.0510592
1701369999135, 2023-11-30T18:46:39.135Z, 183.8324004, 391.38909240000004
1701369999165, 2023-11-30T18:46:39.165Z, 187.5973072, 386.6169338
1701369999181, 2023-11-30T18:46:39.181Z, 230.47280719999998, 388.67727720000005
1701369999206, 2023-11-30T18:46:39.206Z, 277.6760566, 391.8331316
1701369999228, 2023-11-30T18:46:39.228Z, 324.37692619999996, 395.5463298
1701369999259, 2023-11-30T18:46:39.259Z, 339.26163479999997, 393.02476
1701369999275, 2023-11-30T18:46:39.275Z, 341.3609184, 390.1797496
1701369999306, 2023-11-30T18:46:39.306Z, 319.10973219999994, 384.95970559999995
1701369999321, 2023-11-30T18:46:39.321Z, 291.44052039999997, 379.7570742
1701369999356, 2023-11-30T18:46:39.356Z, 260.586372, 376.4338672
1701369999386, 2023-11-30T18:46:39.386Z, 255.9240692, 378.283938
1701369999416, 2023-11-30T18:46:39.416Z, 254.14300440000002, 381.11163139999996
1701369999431, 2023-11-30T18:46:39.431Z, 251.9862372, 384.4404848
1701369999446, 2023-11-30T18:46:39.446Z, 249.9026434, 386.9379866
1701369999476, 2023-11-30T18:46:39.476Z, 250.5272882, 383.64223519999996
1701369999523, 2023-11-30T18:46:39.523Z, 245.074459, 382.2031062
1701369999538, 2023-11-30T18:46:39.538Z, 236.1600272, 383.1563184
1701369999569, 2023-11-30T18:46:39.569Z, 223.410685, 411.07035719999993
1701369999585, 2023-11-30T18:46:39.585Z, 202.87394059999997, 436.97953859999996
1701369999617, 2023-11-30T18:46:39.617Z, 181.49661659999998, 473.0289192
1701369999632, 2023-11-30T18:46:39.632Z, 168.01874800000002, 511.1796356000001
1701369999656, 2023-11-30T18:46:39.656Z, 158.35345279999999, 548.1158601999999
1701369999680, 2023-11-30T18:46:39.680Z, 153.07078140000002, 556.3078767999999
1701369999710, 2023-11-30T18:46:39.710Z, 133.4430168, 562.2713836
1701369999726, 2023-11-30T18:46:39.726Z, 116.84941819999999, 561.0896004
1701369999757, 2023-11-30T18:46:39.757Z, 112.70878259999999, 558.6775233999999
1701369999772, 2023-11-30T18:46:39.772Z, 100.87059380000001, 552.2498512
1701369999807, 2023-11-30T18:46:39.807Z, 93.09242320000001, 546.1611264
1701369999836, 2023-11-30T18:46:39.836Z, 102.65315820000001, 544.0408506
1701369999866, 2023-11-30T18:46:39.866Z, 120.14990559999998, 544.8738805999999
1701369999882, 2023-11-30T18:46:39.882Z, 112.6202994, 543.4479272
1701369999897, 2023-11-30T18:46:39.897Z, 112.3430126, 544.5944932
1701369999927, 2023-11-30T18:46:39.927Z, 141.29208680000002, 550.693036
1701369999975, 2023-11-30T18:46:39.975Z, 149.4814098, 549.0270538
1701369999991, 2023-11-30T18:46:39.991Z, 150.40879439999998, 546.2112146000001
1701370000020, 2023-11-30T18:46:40.020Z, 162.2889754, 544.2304724
1701370000036, 2023-11-30T18:46:40.036Z, 175.33588880000002, 542.5829228
1701370000069, 2023-11-30T18:46:40.069Z, 156.4224866, 535.9748116
1701370000084, 2023-11-30T18:46:40.084Z, 162.9085326, 536.3180651999999
1701370000107, 2023-11-30T18:46:40.107Z, 165.1407658, 536.8184586
1701370000130, 2023-11-30T18:46:40.130Z, 165.43135660000002, 537.7519164
1701370000161, 2023-11-30T18:46:40.161Z, 163.14961060000002, 538.5846026
1701370000257, 2023-11-30T18:46:40.257Z, 204.3771058, 549.593137
1701370000287, 2023-11-30T18:46:40.287Z, 205.64945860000003, 556.0586185999999
1701370000301, 2023-11-30T18:46:40.301Z, 223.8988186, 563.833797
1701370000332, 2023-11-30T18:46:40.332Z, 233.29504160000002, 566.6901988000001
1701370000349, 2023-11-30T18:46:40.349Z, 241.46595299999998, 568.1100552
1701370000379, 2023-11-30T18:46:40.379Z, 223.0058494, 562.1081528
1701370000427, 2023-11-30T18:46:40.427Z, 238.48920360000002, 557.4837518
1701370000442, 2023-11-30T18:46:40.442Z, 249.99424160000004, 558.7887816
1701370000473, 2023-11-30T18:46:40.473Z, 255.2947926, 566.4454125999999
1701370000488, 2023-11-30T18:46:40.488Z, 255.6639706, 572.2276248000001
1701370000520, 2023-11-30T18:46:40.520Z, 238.09140779999998, 588.2003308
1701370000534, 2023-11-30T18:46:40.534Z, 200.3107944, 595.1468964
1701370000556, 2023-11-30T18:46:40.556Z, 161.43964400000002, 602.6602776
1701370000581, 2023-11-30T18:46:40.581Z, 119.36308420000003, 606.4299124000001
1701370000614, 2023-11-30T18:46:40.614Z, 94.80826199999998, 615.5022154
1701370000660, 2023-11-30T18:46:40.660Z, 67.9582658, 614.6218022
1701370000722, 2023-11-30T18:46:40.722Z, 77.386014, 631.583632
1701370000738, 2023-11-30T18:46:40.738Z, 53.4937454, 636.5640768000001
1701370000785, 2023-11-30T18:46:40.785Z, 77.2548426, 648.9541134000001
1701370000799, 2023-11-30T18:46:40.799Z, 98.0818316, 659.6519972
1701370000832, 2023-11-30T18:46:40.832Z, 117.7851872, 667.9968518000001
1701370000893, 2023-11-30T18:46:40.893Z, 98.5153982, 676.9842265999999
1701370000924, 2023-11-30T18:46:40.924Z, 109.5091218, 688.4628835999999
1701370000941, 2023-11-30T18:46:40.941Z, 90.2688122, 693.9016857999999
1701370000971, 2023-11-30T18:46:40.971Z, 68.97429259999998, 694.8155896
1701370000986, 2023-11-30T18:46:40.986Z, 63.889455399999996, 698.5239026
1701370001006, 2023-11-30T18:46:41.006Z, 89.4791672, 697.7626592
1701370001033, 2023-11-30T18:46:41.033Z, 119.890762, 702.497997
1701370001065, 2023-11-30T18:46:41.065Z, 136.83309480000003, 707.6949354000001
1701370001081, 2023-11-30T18:46:41.081Z, 140.23145440000002, 713.7835748
1701370001096, 2023-11-30T18:46:41.096Z, 159.99694140000003, 721.6922172000001
1701370001112, 2023-11-30T18:46:41.112Z, 176.00500440000002, 729.1516308
1701370001156, 2023-11-30T18:46:41.156Z, 190.79758700000002, 733.576247
1701370001191, 2023-11-30T18:46:41.191Z, 220.3835102, 737.5170742
1701370001207, 2023-11-30T18:46:41.207Z, 227.41341119999998, 736.2566446000001
1701370001238, 2023-11-30T18:46:41.238Z, 202.9769436, 728.2173206
1701370001254, 2023-11-30T18:46:41.254Z, 190.6669832, 723.8292976
1701370001285, 2023-11-30T18:46:41.285Z, 175.46963879999998, 719.4020754
1701370001336, 2023-11-30T18:46:41.336Z, 176.22597059999998, 715.0304234
1701370001350, 2023-11-30T18:46:41.350Z, 207.4997986, 714.7566182
1701370001378, 2023-11-30T18:46:41.378Z, 234.7259138, 716.9321481999999
1701370001394, 2023-11-30T18:46:41.394Z, 251.22652159999998, 715.6411823999999
1701370001415, 2023-11-30T18:46:41.415Z, 255.08472019999994, 713.2535586
1701370001440, 2023-11-30T18:46:41.440Z, 243.545979, 710.8075492
1701370001457, 2023-11-30T18:46:41.457Z, 235.89554560000002, 711.2965058
1701370001487, 2023-11-30T18:46:41.487Z, 277.5709194, 714.497192
1701370001505, 2023-11-30T18:46:41.505Z, 315.54211080000005, 717.0837343999999
1701370001518, 2023-11-30T18:46:41.518Z, 343.37375380000003, 717.8884244000001
1701370001549, 2023-11-30T18:46:41.549Z, 397.3839556, 727.338035
1701370001565, 2023-11-30T18:46:41.565Z, 443.9425748, 737.0204054
1701370001692, 2023-11-30T18:46:41.692Z, 471.017469, 733.8552992
1701370001787, 2023-11-30T18:46:41.787Z, 446.62171479999995, 691.764539
1701370001818, 2023-11-30T18:46:41.818Z, 411.33238339999997, 699.8715012
1701370001847, 2023-11-30T18:46:41.847Z, 346.9491422, 699.5726106
1701370001866, 2023-11-30T18:46:41.866Z, 285.7655628, 700.6020994
1701370001877, 2023-11-30T18:46:41.877Z, 204.5290412, 709.715648
1701370001907, 2023-11-30T18:46:41.907Z, 175.0763636, 757.4396712
1701370001923, 2023-11-30T18:46:41.923Z, 172.94456280000003, 756.1874916
1701370001955, 2023-11-30T18:46:41.955Z, 176.39654460000003, 753.143542
1701370001970, 2023-11-30T18:46:41.970Z, 180.81937580000005, 750.536651
1701370002001, 2023-11-30T18:46:42.001Z, 149.0476638, 745.9062322
1701370002094, 2023-11-30T18:46:42.094Z, 121.8101218, 741.6672858
1701370002110, 2023-11-30T18:46:42.110Z, 128.43784, 740.9351847999999
1701370002140, 2023-11-30T18:46:42.140Z, 133.4470504, 742.6642872
1701370002155, 2023-11-30T18:46:42.155Z, 134.0193914, 742.8800604
1701370002186, 2023-11-30T18:46:42.186Z, 165.600729, 745.865325
1701370002232, 2023-11-30T18:46:42.232Z, 183.7753022, 748.1713138000001
1701370002248, 2023-11-30T18:46:42.248Z, 164.7836216, 748.0630527999999
1701370002267, 2023-11-30T18:46:42.267Z, 144.6876248, 747.374361
1701370002295, 2023-11-30T18:46:42.295Z, 130.4204886, 746.8117500000001
1701370002325, 2023-11-30T18:46:42.325Z, 119.51374940000001, 747.3405882
1701370002340, 2023-11-30T18:46:42.340Z, 153.1862078, 749.285293
1701370002372, 2023-11-30T18:46:42.372Z, 183.5026232, 749.7804822
1701370002403, 2023-11-30T18:46:42.403Z, 195.25320419999997, 753.2967792000002
1701370002419, 2023-11-30T18:46:42.419Z, 206.19008679999996, 757.5962546000001
1701370002449, 2023-11-30T18:46:42.449Z, 215.89756119999998, 761.1663824000001
1701370002464, 2023-11-30T18:46:42.464Z, 179.8042006, 759.2381458
1701370002508, 2023-11-30T18:46:42.508Z, 148.3265202, 759.916493
1701370002543, 2023-11-30T18:46:42.543Z, 136.29411999999996, 762.1726925999999
1701370002559, 2023-11-30T18:46:42.559Z, 122.07584320000001, 764.1491361999999
1701370002589, 2023-11-30T18:46:42.589Z, 103.34886120000002, 766.5448394
1701370002605, 2023-11-30T18:46:42.605Z, 95.78614639999999, 774.1212078
1701370002635, 2023-11-30T18:46:42.635Z, 86.12646219999999, 780.181818
1701370002777, 2023-11-30T18:46:42.777Z, 69.64753619999999, 781.7788312
1701370002956, 2023-11-30T18:46:42.956Z, 117.5563408, 789.5637516
1701370002994, 2023-11-30T18:46:42.994Z, 123.94280380000001, 799.7119096
1701423283148, 2023-12-01T09:34:43.148Z, 163.04333, 377.063728
1701423283179, 2023-12-01T09:34:43.179Z, 108.3622445, 349.826373
1701423283195, 2023-12-01T09:34:43.195Z, 83.41860366666667, 347.21836233333335
1701423283212, 2023-12-01T09:34:43.212Z, 73.0006625, 336.46611800000005
1701423283229, 2023-12-01T09:34:43.229Z, 67.2930558, 331.067672
1701423283288, 2023-12-01T09:34:43.288Z, 58.3958946, 317.43593580000004
1701423283306, 2023-12-01T09:34:43.306Z, 77.1175956, 323.676432
1701423283321, 2023-12-01T09:34:43.321Z, 99.33739299999999, 327.6768718
1701423283352, 2023-12-01T09:34:43.352Z, 118.58389619999998, 340.5722546
1701423283369, 2023-12-01T09:34:43.369Z, 135.2836526, 350.78057520000004
1701423283403, 2023-12-01T09:34:43.403Z, 136.60706599999997, 359.960874
1701423283447, 2023-12-01T09:34:43.447Z, 134.3665878, 359.7844328
1701423283462, 2023-12-01T09:34:43.462Z, 133.411948, 358.636596
1701423283494, 2023-12-01T09:34:43.494Z, 133.4539574, 355.7818764
1701423283510, 2023-12-01T09:34:43.510Z, 132.55410379999998, 344.5082864
1701423283526, 2023-12-01T09:34:43.526Z, 143.99082140000002, 335.1454582
1701423283541, 2023-12-01T09:34:43.541Z, 162.0714818, 331.8875476
1701423283571, 2023-12-01T09:34:43.571Z, 183.32421960000002, 330.5388958
1701423283621, 2023-12-01T09:34:43.621Z, 193.9907834, 324.992739
1701423283636, 2023-12-01T09:34:43.636Z, 209.50405140000004, 326.38960860000003
1701423283669, 2023-12-01T09:34:43.669Z, 210.5391098, 326.3121806
1701423283685, 2023-12-01T09:34:43.685Z, 202.04294420000002, 320.557759
1701423283724, 2023-12-01T09:34:43.724Z, 198.01556060000001, 317.4580056
1701423283748, 2023-12-01T09:34:43.748Z, 207.4712156, 319.8029164
1701423283764, 2023-12-01T09:34:43.764Z, 212.11403339999998, 325.9978268
1701423283780, 2023-12-01T09:34:43.780Z, 221.30100899999996, 332.8347436
1701423283797, 2023-12-01T09:34:43.797Z, 224.93297780000003, 339.1799782
1701423283826, 2023-12-01T09:34:43.826Z, 229.0490558, 338.7219824
1701423283952, 2023-12-01T09:34:43.952Z, 235.6062872, 330.6051996
1701423283984, 2023-12-01T09:34:43.984Z, 240.2060246, 323.53710739999997
1701423284000, 2023-12-01T09:34:44.000Z, 236.7218096, 318.8147524
1701423284169, 2023-12-01T09:34:44.169Z, 241.2199066, 309.1510198
1701423284205, 2023-12-01T09:34:44.205Z, 232.382002, 311.02003080000003
1701423284221, 2023-12-01T09:34:44.221Z, 228.75816679999997, 317.7553526
1701423284254, 2023-12-01T09:34:44.254Z, 223.71984540000003, 320.2799364
1701423284268, 2023-12-01T09:34:44.268Z, 224.12342200000003, 321.9011256
1701423284284, 2023-12-01T09:34:44.284Z, 214.8765026, 331.5095684
1701423284301, 2023-12-01T09:34:44.301Z, 211.71807640000003, 337.28542880000003
1701423284352, 2023-12-01T09:34:44.352Z, 203.6638824, 346.5817698
1701423284367, 2023-12-01T09:34:44.367Z, 197.335291, 360.65933540000003
1701423284385, 2023-12-01T09:34:44.385Z, 189.0373654, 391.84952719999995
1701423284411, 2023-12-01T09:34:44.411Z, 186.3510502, 417.21379720000004
1701423284429, 2023-12-01T09:34:44.429Z, 176.234495, 434.6759473999999
1701423284457, 2023-12-01T09:34:44.457Z, 159.2733374, 450.8965786
1701423284474, 2023-12-01T09:34:44.474Z, 150.46414320000002, 464.58164120000004
1701423284490, 2023-12-01T09:34:44.490Z, 149.93647140000002, 456.5036774
1701423284521, 2023-12-01T09:34:44.521Z, 155.4016244, 449.9082134
1701423284537, 2023-12-01T09:34:44.537Z, 165.19791700000002, 447.61931860000004
1701423284584, 2023-12-01T09:34:44.584Z, 180.9373558, 451.09468339999995
1701423284625, 2023-12-01T09:34:44.625Z, 194.86165780000002, 454.46705600000007
1701423284678, 2023-12-01T09:34:44.678Z, 214.157172, 460.82280440000005
1701423284694, 2023-12-01T09:34:44.694Z, 226.54821380000004, 474.2931648
1701423284725, 2023-12-01T09:34:44.725Z, 230.40894939999998, 496.14808519999997
1701423284789, 2023-12-01T09:34:44.789Z, 244.7032362, 515.4574154
1701423284805, 2023-12-01T09:34:44.805Z, 264.1305314, 530.3172503999999
1701423284852, 2023-12-01T09:34:44.852Z, 273.0423522, 540.6401147999999
1701423284883, 2023-12-01T09:34:44.883Z, 282.8610628, 540.0216723999999
1701423284899, 2023-12-01T09:34:44.899Z, 302.9223104, 527.892553
1701423285119, 2023-12-01T09:34:45.119Z, 290.265624, 503.2798898
1701423285166, 2023-12-01T09:34:45.166Z, 262.63248059999995, 493.213583
1701423285244, 2023-12-01T09:34:45.244Z, 206.72439260000002, 493.997463
1701423285260, 2023-12-01T09:34:45.260Z, 154.897044, 504.2224405999999
1701423285375, 2023-12-01T09:34:45.375Z, 106.6044454, 526.3023706
1701423285403, 2023-12-01T09:34:45.403Z, 76.50663899999999, 559.2710576
1701423285421, 2023-12-01T09:34:45.421Z, 64.8463078, 585.9213
1701423285449, 2023-12-01T09:34:45.449Z, 81.04188719999999, 606.7341586
1701423285464, 2023-12-01T09:34:45.464Z, 97.0496504, 623.5184164
1701423285480, 2023-12-01T09:34:45.480Z, 109.95280600000001, 628.8989544
1701423285654, 2023-12-01T09:34:45.654Z, 147.4599504, 613.0489322000001
1701423285752, 2023-12-01T09:34:45.752Z, 135.994, 608.2891400000001
1701423285780, 2023-12-01T09:34:45.780Z, 117.36667240000001, 604.2248052000001
1701423285796, 2023-12-01T09:34:45.796Z, 108.52792939999999, 600.7225510000001
1701423285822, 2023-12-01T09:34:45.822Z, 124.84640279999999, 605.039079
1701423285837, 2023-12-01T09:34:45.837Z, 131.1184518, 624.4831367999999
1701423285874, 2023-12-01T09:34:45.874Z, 178.54417599999996, 628.5409827999999
1701423285888, 2023-12-01T09:34:45.888Z, 230.91583659999998, 637.4380212
1701423285921, 2023-12-01T09:34:45.921Z, 264.483418, 651.8764294
1701423285935, 2023-12-01T09:34:45.935Z, 271.1183048, 660.7923582
1701423286015, 2023-12-01T09:34:46.015Z, 276.6056536, 672.8348865999999
1701423286033, 2023-12-01T09:34:46.033Z, 282.78692620000004, 684.172993
1701423286062, 2023-12-01T09:34:46.062Z, 302.27751900000004, 685.3798944
1701423286454, 2023-12-01T09:34:46.454Z, 482.15629559999996, 618.6576818000001
1701423286518, 2023-12-01T09:34:46.518Z, 493.26461500000005, 606.5748008
1701423286532, 2023-12-01T09:34:46.532Z, 507.30223099999995, 607.8149894000001
1701423286594, 2023-12-01T09:34:46.594Z, 534.9401208, 597.680057
1701423286656, 2023-12-01T09:34:46.656Z, 542.9941564, 582.4877582
1701423286786, 2023-12-01T09:34:46.786Z, 405.4571484, 629.1603454
1701423286828, 2023-12-01T09:34:46.828Z, 464.80592260000003, 616.1360004000001
1701423287047, 2023-12-01T09:34:47.047Z, 399.3787484, 610.7425656
1701423287064, 2023-12-01T09:34:47.064Z, 328.76937119999997, 618.0697298
1701423287170, 2023-12-01T09:34:47.170Z, 291.74049779999996, 628.8371274
1701423287583, 2023-12-01T09:34:47.583Z, 207.3083756, 633.2480204
1701423287599, 2023-12-01T09:34:47.599Z, 99.41103059999998, 641.3178534
1701423287802, 2023-12-01T09:34:47.802Z, 217.68379919999998, 627.0685558
1701423287818, 2023-12-01T09:34:47.818Z, 325.6298316, 614.1402454
1701423287948, 2023-12-01T09:34:47.948Z, 322.3967734, 609.6179325999999
1701423287962, 2023-12-01T09:34:47.962Z, 371.74721080000006, 604.0262956
1701423287977, 2023-12-01T09:34:47.977Z, 417.5483238, 597.675381
1701423287993, 2023-12-01T09:34:47.993Z, 347.048757, 600.016525
1701423288009, 2023-12-01T09:34:48.009Z, 277.137782, 609.0834246000001
1701423288025, 2023-12-01T09:34:48.025Z, 270.42880099999996, 606.6909052
1701423288039, 2023-12-01T09:34:48.039Z, 252.4789636, 613.006347
1701423288055, 2023-12-01T09:34:48.055Z, 234.60843339999997, 617.9540044
1701423288087, 2023-12-01T09:34:48.087Z, 224.38545680000001, 613.7152814
1701423288103, 2023-12-01T09:34:48.103Z, 245.7506348, 600.2177283999999
1701423288118, 2023-12-01T09:34:48.118Z, 274.25160919999996, 604.0307362
1701423288149, 2023-12-01T09:34:48.149Z, 303.1793056, 606.6640187999999
1701423288165, 2023-12-01T09:34:48.165Z, 313.6918428, 609.6289176
1701423288181, 2023-12-01T09:34:48.181Z, 308.8046636, 615.8150696
1701423288260, 2023-12-01T09:34:48.260Z, 268.005371, 610.1868708
1701423288323, 2023-12-01T09:34:48.323Z, 259.5619776, 599.7624592
1701423288387, 2023-12-01T09:34:48.387Z, 247.28999940000003, 593.5440802
1701423288404, 2023-12-01T09:34:48.404Z, 254.28523180000002, 586.4081802000001
1701423288466, 2023-12-01T09:34:48.466Z, 268.73591139999996, 575.8209138
1701423288576, 2023-12-01T09:34:48.576Z, 276.5464392, 582.1410588000001
1701423288592, 2023-12-01T09:34:48.592Z, 284.68308, 582.4935800000001
1701423288611, 2023-12-01T09:34:48.611Z, 297.4328296, 576.7541652000001
1701423288733, 2023-12-01T09:34:48.733Z, 297.75429859999997, 571.4157742
1701423288799, 2023-12-01T09:34:48.799Z, 349.148888, 601.5058630000001
1701423288847, 2023-12-01T09:34:48.847Z, 348.5784834, 604.1794282
1701423288863, 2023-12-01T09:34:48.863Z, 341.0927267999999, 605.5828404
1701423288877, 2023-12-01T09:34:48.877Z, 336.82346900000005, 610.2298791999999
1701423288892, 2023-12-01T09:34:48.892Z, 348.7840674, 618.4883062000001
1701423288909, 2023-12-01T09:34:48.909Z, 316.41535000000005, 596.7315494000001
1701423288939, 2023-12-01T09:34:48.939Z, 343.02889519999997, 600.6216958
1701423288955, 2023-12-01T09:34:48.955Z, 360.5076278, 608.4199931999999
1701423289100, 2023-12-01T09:34:49.100Z, 390.26771479999996, 610.0408042000001
1701423289139, 2023-12-01T09:34:49.139Z, 402.994638, 616.4010334
1701423289160, 2023-12-01T09:34:49.160Z, 414.0861019999999, 617.2480055999999
1701423289196, 2023-12-01T09:34:49.196Z, 436.8369952, 615.6305083999999
1701423289222, 2023-12-01T09:34:49.222Z, 468.3109652, 614.0081988
1701423289240, 2023-12-01T09:34:49.240Z, 481.92463660000004, 615.8334498
1701423289286, 2023-12-01T09:34:49.286Z, 498.5404088, 610.8884396
1701423289302, 2023-12-01T09:34:49.302Z, 455.2576614000001, 600.5746332000001
1701423289318, 2023-12-01T09:34:49.318Z, 398.7609824, 590.7307812
1701423289333, 2023-12-01T09:34:49.333Z, 334.2734878, 583.8124616
1701423289350, 2023-12-01T09:34:49.350Z, 267.10935639999997, 575.5904336
1701423289365, 2023-12-01T09:34:49.365Z, 207.1538258, 569.0099304
1701423289381, 2023-12-01T09:34:49.381Z, 205.9112574, 572.9984618000001
1701423289396, 2023-12-01T09:34:49.396Z, 211.103094, 577.3497144
1701423289444, 2023-12-01T09:34:49.444Z, 244.8381192, 584.0223872
1701423289522, 2023-12-01T09:34:49.522Z, 281.74079279999995, 591.5349702000001
1701423289537, 2023-12-01T09:34:49.537Z, 317.329036, 598.5309054
1701423289632, 2023-12-01T09:34:49.632Z, 346.2962356, 604.8137276
1701423289679, 2023-12-01T09:34:49.679Z, 397.31421600000004, 611.915359
1701423289758, 2023-12-01T09:34:49.758Z, 375.778097, 622.3957407999999
1701423289806, 2023-12-01T09:34:49.806Z, 304.18325280000005, 632.0542784
1701423289854, 2023-12-01T09:34:49.854Z, 245.0469882, 636.470139
1701423289917, 2023-12-01T09:34:49.917Z, 224.82153720000002, 639.8329156
1701423289934, 2023-12-01T09:34:49.934Z, 183.3985938, 641.3150122
1701423290060, 2023-12-01T09:34:50.060Z, 212.94327679999998, 636.6056618
1701423290121, 2023-12-01T09:34:50.121Z, 280.8690976, 626.2296974000001
1701423290216, 2023-12-01T09:34:50.216Z, 344.80895879999997, 618.3526474
1701423290231, 2023-12-01T09:34:50.231Z, 354.1638742, 612.5546528
1701423290324, 2023-12-01T09:34:50.324Z, 361.5981008, 607.4632772
1701423290347, 2023-12-01T09:34:50.347Z, 343.3379258, 601.7472823999999
1701423290414, 2023-12-01T09:34:50.414Z, 335.83597840000004, 607.562542
1701423290433, 2023-12-01T09:34:50.433Z, 327.38033340000004, 619.6154644000001
1701423290477, 2023-12-01T09:34:50.477Z, 338.24088459999996, 628.4165528000001
1701423290484, 2023-12-01T09:34:50.484Z, 347.9522736, 636.5087078
1701423290548, 2023-12-01T09:34:50.548Z, 357.9838998, 639.3600598
1701423290658, 2023-12-01T09:34:50.658Z, 321.2756622, 657.7303096
1701423290702, 2023-12-01T09:34:50.702Z, 296.85760960000005, 660.0372398000001
1701423290705, 2023-12-01T09:34:50.705Z, 280.8810396, 663.3952468
1701423290756, 2023-12-01T09:34:50.756Z, 257.272976, 667.0455394
1701423290784, 2023-12-01T09:34:50.784Z, 226.8008266, 674.1148002
1701423291104, 2023-12-01T09:34:51.104Z, 220.2718128, 664.1139342
1701423291118, 2023-12-01T09:34:51.118Z, 191.63048039999998, 668.7957866
1701423291134, 2023-12-01T09:34:51.134Z, 149.668419, 673.8900006
1701423291150, 2023-12-01T09:34:51.150Z, 127.4018374, 681.3427880000002
1701423291181, 2023-12-01T09:34:51.181Z, 102.65627640000002, 688.801977
1701423291198, 2023-12-01T09:34:51.198Z, 99.445732, 693.705696
1701423291224, 2023-12-01T09:34:51.224Z, 96.3859418, 694.3671674
1701423291244, 2023-12-01T09:34:51.244Z, 105.89721, 694.7370563999999
1701423291260, 2023-12-01T09:34:51.260Z, 103.62262059999998, 699.6769292
1701423291276, 2023-12-01T09:34:51.276Z, 110.839906, 706.6768092
1701423291293, 2023-12-01T09:34:51.293Z, 121.06360380000001, 717.0484906
1701423291323, 2023-12-01T09:34:51.323Z, 146.2544004, 733.9547064000001
1701423291339, 2023-12-01T09:34:51.339Z, 161.4378386, 751.5767382
1701423291374, 2023-12-01T09:34:51.374Z, 175.2852856, 762.9129614
1701423291402, 2023-12-01T09:34:51.402Z, 184.9972368, 768.7355758000001
1701423291417, 2023-12-01T09:34:51.417Z, 188.3848066, 755.2215354
1701423291449, 2023-12-01T09:34:51.449Z, 181.4102128, 733.6143714
1701423291466, 2023-12-01T09:34:51.466Z, 179.1289246, 709.6865474
1701423291498, 2023-12-01T09:34:51.498Z, 173.7558338, 685.1446216
1701423291555, 2023-12-01T09:34:51.555Z, 183.48430539999998, 669.4004352
1701423291563, 2023-12-01T09:34:51.563Z, 196.059297, 669.4762674000001
1701423291594, 2023-12-01T09:34:51.594Z, 219.78899540000003, 673.5046101999999
1701423291606, 2023-12-01T09:34:51.606Z, 247.43104240000002, 677.0938157999999
1701423291636, 2023-12-01T09:34:51.636Z, 274.5444238, 680.8934720000001
1701423291654, 2023-12-01T09:34:51.654Z, 279.6329862, 678.6402982
1701423291671, 2023-12-01T09:34:51.671Z, 285.32915760000003, 676.3851248000001
1701423291697, 2023-12-01T09:34:51.697Z, 289.2169108, 673.3631354
1701423291729, 2023-12-01T09:34:51.729Z, 292.092332, 671.7817062
1701423291745, 2023-12-01T09:34:51.745Z, 296.31386239999995, 666.8863638
1701423291762, 2023-12-01T09:34:51.762Z, 309.0774526, 660.5343323999999
1701423291793, 2023-12-01T09:34:51.793Z, 326.5078846, 656.4455161999999
1701423291825, 2023-12-01T09:34:51.825Z, 330.3862266, 652.5177814
1701423291843, 2023-12-01T09:34:51.843Z, 324.6866282, 649.0409446
1701423291855, 2023-12-01T09:34:51.855Z, 325.4567958, 647.8138280000001
1701423291870, 2023-12-01T09:34:51.870Z, 328.564232, 644.016762
1701423291885, 2023-12-01T09:34:51.885Z, 327.26479159999997, 638.5455101999999
1701423291902, 2023-12-01T09:34:51.902Z, 333.6031738, 633.0147036000001
1701423291918, 2023-12-01T09:34:51.918Z, 342.65686480000005, 627.7781084000001
1701423291934, 2023-12-01T09:34:51.934Z, 345.14530700000006, 627.0613719999999
1701423291950, 2023-12-01T09:34:51.950Z, 345.6171292, 631.302591
1701423291971, 2023-12-01T09:34:51.971Z, 344.396162, 638.5077416
1701423291996, 2023-12-01T09:34:51.996Z, 341.29618919999996, 645.0262546
1701423292012, 2023-12-01T09:34:52.012Z, 337.2711134, 651.0996894
1701423292028, 2023-12-01T09:34:52.028Z, 336.28466760000003, 654.3150751999999
1701423292044, 2023-12-01T09:34:52.044Z, 328.84005880000007, 657.1033604
1701423292062, 2023-12-01T09:34:52.062Z, 321.6605776, 660.6142624
1701423292077, 2023-12-01T09:34:52.077Z, 276.4770362, 666.2096678
1701423292092, 2023-12-01T09:34:52.092Z, 221.65012759999996, 672.2723472
1701423292105, 2023-12-01T09:34:52.105Z, 163.8411244, 677.6682113999999
1701423292123, 2023-12-01T09:34:52.123Z, 105.09322479999999, 683.522611
1701423292153, 2023-12-01T09:34:52.153Z, 49.579552, 686.0942996
1701423292168, 2023-12-01T09:34:52.168Z, 33.4592918, 688.1167591999999
1701423292184, 2023-12-01T09:34:52.184Z, 26.4837696, 688.9815523999999
1701423292198, 2023-12-01T09:34:52.198Z, 19.6964226, 691.8985162000001
1701423292214, 2023-12-01T09:34:52.214Z, 19.242181799999997, 694.4434498
1701423292246, 2023-12-01T09:34:52.246Z, 15.727444, 691.9764956
1701423292275, 2023-12-01T09:34:52.275Z, 10.5945616, 687.7114828
1701423292293, 2023-12-01T09:34:52.293Z, 7.249324400000001, 685.0069128
1701423292310, 2023-12-01T09:34:52.310Z, 7.5511604000000005, 682.1084112000001
1701423292324, 2023-12-01T09:34:52.324Z, 22.282120600000002, 688.3287934
1701423292340, 2023-12-01T09:34:52.340Z, 34.7133368, 698.6882084000001
1701423292358, 2023-12-01T09:34:52.358Z, 47.111745, 710.8499042000001
1701423292372, 2023-12-01T09:34:52.372Z, 58.416486, 722.5736778
1701423292387, 2023-12-01T09:34:52.387Z, 64.5140262, 732.359357
1701423292404, 2023-12-01T09:34:52.404Z, 54.6193206, 735.7823361999999
1701423292419, 2023-12-01T09:34:52.419Z, 46.48181519999999, 740.8852655999999
1701423292450, 2023-12-01T09:34:52.450Z, 37.103291399999996, 743.5785245999999
1701423292465, 2023-12-01T09:34:52.465Z, 31.320337799999997, 746.7249079999999
1701423292482, 2023-12-01T09:34:52.482Z, 33.464566000000005, 749.8867312
1701423292511, 2023-12-01T09:34:52.511Z, 40.017173400000004, 748.9275752
1701423292527, 2023-12-01T09:34:52.527Z, 59.919058199999995, 744.990194
1701423292543, 2023-12-01T09:34:52.543Z, 81.9941494, 741.4798089999999
1701423292570, 2023-12-01T09:34:52.570Z, 105.14986300000001, 738.1577024000001
1701423292590, 2023-12-01T09:34:52.590Z, 126.36056199999999, 734.2881252
1701423292637, 2023-12-01T09:34:52.637Z, 139.028974, 734.526872
1701423292652, 2023-12-01T09:34:52.652Z, 139.31851460000001, 731.6130468
1701423292667, 2023-12-01T09:34:52.667Z, 137.442555, 728.8876548000001
1701423292682, 2023-12-01T09:34:52.682Z, 130.6004702, 725.2791675999999
1701423292721, 2023-12-01T09:34:52.721Z, 132.59591519999998, 724.7133752
1701423292744, 2023-12-01T09:34:52.744Z, 145.796896, 721.2344446
1701423292760, 2023-12-01T09:34:52.760Z, 165.52116900000001, 726.3058508000001
1701423292776, 2023-12-01T09:34:52.776Z, 187.23492140000002, 730.8264708
1701423292792, 2023-12-01T09:34:52.792Z, 203.80301880000002, 738.5668004000001
1701423292811, 2023-12-01T09:34:52.811Z, 216.3449032, 743.3483927999999
1701423292825, 2023-12-01T09:34:52.825Z, 220.5671604, 749.0249296
1701423292825, 2023-12-01T09:34:52.825Z, 222.6559034, 750.7594703999999
1701423292841, 2023-12-01T09:34:52.841Z, 216.02779180000002, 754.419901
1701423292887, 2023-12-01T09:34:52.887Z, 218.7516368, 741.0522892000001
1701423292904, 2023-12-01T09:34:52.904Z, 209.28444120000003, 728.9431278
1701423292936, 2023-12-01T09:34:52.936Z, 202.0890238, 695.4088414
1701423292951, 2023-12-01T09:34:52.951Z, 202.0854754, 646.6792004000001
1701423292983, 2023-12-01T09:34:52.983Z, 194.8807888, 583.2786676000001
1701423292999, 2023-12-01T09:34:52.999Z, 189.5180398, 534.3449232
1701425829491, 2023-12-01T10:17:09.491Z, 5.435561, 506.979166
1701425829508, 2023-12-01T10:17:09.508Z, 14.255211, 503.557568
1701425829526, 2023-12-01T10:17:09.526Z, 13.846387666666667, 501.47951766666665
1701425829538, 2023-12-01T10:17:09.538Z, 16.486553, 500.47010875
1701425829553, 2023-12-01T10:17:09.553Z, 18.154662000000002, 502.3308168
1701425829570, 2023-12-01T10:17:09.570Z, 21.6456722, 502.2880894
1701425829586, 2023-12-01T10:17:09.586Z, 23.06038, 506.04869399999995
1701425829682, 2023-12-01T10:17:09.682Z, 20.5520988, 514.859246
1701425829728, 2023-12-01T10:17:09.728Z, 17.251066599999998, 524.7318026
1701425829743, 2023-12-01T10:17:09.743Z, 13.1895038, 531.9513424
1701425829764, 2023-12-01T10:17:09.764Z, 16.0977678, 541.0106342
1701425829790, 2023-12-01T10:17:09.790Z, 10.653144000000001, 546.0811404
1701425829877, 2023-12-01T10:17:09.877Z, 14.473020199999999, 547.2681098
1701425829886, 2023-12-01T10:17:09.886Z, 18.7633038, 544.5486576
1701425829918, 2023-12-01T10:17:09.918Z, 24.3617792, 538.5088923999999
1701425829936, 2023-12-01T10:17:09.936Z, 25.005542799999997, 529.886222
1701425829948, 2023-12-01T10:17:09.948Z, 34.917769400000005, 522.342691
1701425829963, 2023-12-01T10:17:09.963Z, 44.6384842, 514.4248184
1701425829980, 2023-12-01T10:17:09.980Z, 48.2553452, 509.70563359999994
1701425829996, 2023-12-01T10:17:09.996Z, 59.191974, 508.57014739999994
1701425830011, 2023-12-01T10:17:10.011Z, 68.58271620000001, 509.5592852
1701425830027, 2023-12-01T10:17:10.027Z, 74.78506999999999, 511.0326703999999
1701425830042, 2023-12-01T10:17:10.042Z, 81.1674134, 504.9435152
1701425830067, 2023-12-01T10:17:10.067Z, 90.2468258, 498.3810998
1701425830090, 2023-12-01T10:17:10.090Z, 92.235657, 492.7032744
1701425830107, 2023-12-01T10:17:10.107Z, 92.23673679999999, 488.0390636
1701425830121, 2023-12-01T10:17:10.121Z, 91.88213520000001, 484.5144214
1701425830137, 2023-12-01T10:17:10.137Z, 84.57107899999998, 482.4217324
1701425830153, 2023-12-01T10:17:10.153Z, 81.1114908, 483.3456749999999
1701425830169, 2023-12-01T10:17:10.169Z, 91.0529458, 459.67862640000004
1701425830184, 2023-12-01T10:17:10.184Z, 105.6973558, 423.9260834
1701425830216, 2023-12-01T10:17:10.216Z, 127.2380586, 378.547514
1701425830232, 2023-12-01T10:17:10.232Z, 145.9031378, 342.1735026
1701425830248, 2023-12-01T10:17:10.248Z, 162.90255039999997, 300.3201558
1701425830264, 2023-12-01T10:17:10.264Z, 164.9795244, 279.99258199999997
1701425830279, 2023-12-01T10:17:10.279Z, 162.1370816, 270.2004002
1701425830294, 2023-12-01T10:17:10.294Z, 152.4163506, 268.9730442
1701425830310, 2023-12-01T10:17:10.310Z, 151.74433879999998, 264.89934819999996
1701425830327, 2023-12-01T10:17:10.327Z, 150.117082, 263.4367764
1701425830342, 2023-12-01T10:17:10.342Z, 148.6534098, 264.0962898
1701425830359, 2023-12-01T10:17:10.359Z, 155.84061579999997, 261.6907146
1701425830389, 2023-12-01T10:17:10.389Z, 160.17110079999998, 259.3766193999999
1701425830408, 2023-12-01T10:17:10.408Z, 160.2252264, 257.29437459999997
1701425830422, 2023-12-01T10:17:10.422Z, 171.4067532, 258.0259438
1701425830452, 2023-12-01T10:17:10.452Z, 185.3071638, 256.5929754
1701425830468, 2023-12-01T10:17:10.468Z, 193.7259218, 255.3537524
1701425830483, 2023-12-01T10:17:10.483Z, 215.06838740000003, 250.16284180000002
1701425830512, 2023-12-01T10:17:10.512Z, 239.8077628, 242.9292542
1701425830546, 2023-12-01T10:17:10.546Z, 248.4656774, 234.24500019999996
1701425830562, 2023-12-01T10:17:10.562Z, 254.4660206, 227.58432039999997
1701425830578, 2023-12-01T10:17:10.578Z, 262.5331704, 225.079863
1701425830594, 2023-12-01T10:17:10.594Z, 261.1842472, 226.63215959999997
1701425830610, 2023-12-01T10:17:10.610Z, 255.59261, 231.2332794
1701425830625, 2023-12-01T10:17:10.625Z, 259.0372874, 234.7006158
1701425830641, 2023-12-01T10:17:10.641Z, 264.3272798, 238.6811192
1701425830662, 2023-12-01T10:17:10.662Z, 269.71126219999996, 240.434357
1701425830673, 2023-12-01T10:17:10.673Z, 272.47506239999996, 242.5401088
1701425830693, 2023-12-01T10:17:10.693Z, 277.915573, 243.3489098
1701425830708, 2023-12-01T10:17:10.708Z, 280.413791, 246.7288594
1701425830719, 2023-12-01T10:17:10.719Z, 280.7798948, 250.50866580000002
1701425830739, 2023-12-01T10:17:10.739Z, 267.0274732, 255.3076372
1701425830767, 2023-12-01T10:17:10.767Z, 261.56759, 257.00133020000004
1701425830782, 2023-12-01T10:17:10.782Z, 253.40137520000002, 255.15142720000003
1701425830810, 2023-12-01T10:17:10.810Z, 241.2366692, 250.8753326
1701425830828, 2023-12-01T10:17:10.828Z, 227.8994106, 246.36136880000004
1701425830844, 2023-12-01T10:17:10.844Z, 224.50543780000004, 241.601748
1701425830859, 2023-12-01T10:17:10.859Z, 218.68239899999998, 240.46878320000002
1701425830874, 2023-12-01T10:17:10.874Z, 215.3623236, 245.62259640000002
1701425830909, 2023-12-01T10:17:10.909Z, 214.7686534, 252.08344859999997
1701425830923, 2023-12-01T10:17:10.923Z, 218.8448108, 260.99378179999997
1701425830939, 2023-12-01T10:17:10.939Z, 212.99653440000003, 291.0102968
1701425830969, 2023-12-01T10:17:10.969Z, 187.29760819999998, 343.5720406
1701425830985, 2023-12-01T10:17:10.985Z, 163.5836178, 397.9941232
1701425831000, 2023-12-01T10:17:11.000Z, 137.156479, 452.35836120000005
1701425831016, 2023-12-01T10:17:11.016Z, 108.10327939999999, 506.52331999999996
1701425831032, 2023-12-01T10:17:11.032Z, 98.4222798, 542.2320114
1701425831047, 2023-12-01T10:17:11.047Z, 102.2898066, 553.5367248
1701425831062, 2023-12-01T10:17:11.062Z, 105.8165142, 560.3811946000001
1701425831077, 2023-12-01T10:17:11.077Z, 111.74668239999998, 564.1521746000001
1701425831093, 2023-12-01T10:17:11.093Z, 115.1707994, 565.3526088000001
1701425831114, 2023-12-01T10:17:11.114Z, 109.1849766, 563.3559814
1701425831125, 2023-12-01T10:17:11.125Z, 102.9729012, 563.1484785999999
1701425831142, 2023-12-01T10:17:11.142Z, 95.775412, 562.8371864
1701425831173, 2023-12-01T10:17:11.173Z, 88.435361, 566.0279764
1701425831190, 2023-12-01T10:17:11.190Z, 78.14659859999999, 569.0818552
1701425831218, 2023-12-01T10:17:11.218Z, 73.3985726, 572.5619884
1701425831234, 2023-12-01T10:17:11.234Z, 70.3711334, 574.871787
1701425831261, 2023-12-01T10:17:11.261Z, 61.4536404, 576.3679109999999
1701425831282, 2023-12-01T10:17:11.282Z, 50.621562, 574.120613
1701425831297, 2023-12-01T10:17:11.297Z, 49.56803140000001, 571.0148108000001
1701425831313, 2023-12-01T10:17:11.313Z, 43.858797800000005, 567.4305446000001
1701425831329, 2023-12-01T10:17:11.329Z, 41.088329599999994, 563.8444397999999
1701425831345, 2023-12-01T10:17:11.345Z, 51.5598676, 561.2322438
1701425831360, 2023-12-01T10:17:11.360Z, 71.28171999999999, 561.7527884
1701425831378, 2023-12-01T10:17:11.378Z, 87.88217159999999, 563.488514
1701425831391, 2023-12-01T10:17:11.391Z, 109.26357859999999, 562.9093349999999
1701425831412, 2023-12-01T10:17:11.412Z, 132.99579079999998, 563.7485472
1701425831426, 2023-12-01T10:17:11.426Z, 149.1676502, 564.4692975999999
1701425831452, 2023-12-01T10:17:11.452Z, 160.27131400000002, 562.5756556
1701425831468, 2023-12-01T10:17:11.468Z, 169.7076936, 559.8600968
1701425831484, 2023-12-01T10:17:11.484Z, 178.9923558, 563.5040839999999
1701425831499, 2023-12-01T10:17:11.499Z, 184.7477922, 565.8750256
1701425831515, 2023-12-01T10:17:11.515Z, 189.1910406, 567.9043894
1701425831529, 2023-12-01T10:17:11.529Z, 191.8530308, 565.9709842
1701425831544, 2023-12-01T10:17:11.544Z, 193.6212276, 564.3695154000001
1701425831564, 2023-12-01T10:17:11.564Z, 190.66903580000002, 557.5074408
1701425831592, 2023-12-01T10:17:11.592Z, 184.8434626, 550.9332562
1701425831608, 2023-12-01T10:17:11.608Z, 180.0203306, 545.3091902
1701425831623, 2023-12-01T10:17:11.623Z, 177.8033912, 546.0089024
1701425831639, 2023-12-01T10:17:11.639Z, 178.66628799999998, 548.4138627999998
1701425831655, 2023-12-01T10:17:11.655Z, 183.0098334, 552.9073686
1701425831673, 2023-12-01T10:17:11.673Z, 192.937563, 557.6906038
1701425831688, 2023-12-01T10:17:11.688Z, 205.68395600000002, 562.9511804
1701425831711, 2023-12-01T10:17:11.711Z, 212.94011099999997, 568.2023984
1701425831734, 2023-12-01T10:17:11.734Z, 220.7905092, 578.3321928
1701425831749, 2023-12-01T10:17:11.749Z, 230.37471299999999, 592.1207386
1701425831765, 2023-12-01T10:17:11.765Z, 237.6222236, 607.5211056
1701425831780, 2023-12-01T10:17:11.780Z, 242.8378468, 624.7757979999999
1701425831796, 2023-12-01T10:17:11.796Z, 254.4808906, 641.5618128
1701425831812, 2023-12-01T10:17:11.812Z, 264.3164986, 652.3172906
1701425831829, 2023-12-01T10:17:11.829Z, 269.09897979999994, 659.4270958
1701425831865, 2023-12-01T10:17:11.865Z, 273.653384, 667.2988859999999
1701425831891, 2023-12-01T10:17:11.891Z, 275.1318218, 670.1607686
1701425831922, 2023-12-01T10:17:11.922Z, 274.20042959999995, 672.1125532
1701425831938, 2023-12-01T10:17:11.938Z, 273.5488666, 674.0675686000001
1701425831954, 2023-12-01T10:17:11.954Z, 290.39579100000003, 680.4583842
1701425831984, 2023-12-01T10:17:11.984Z, 304.3882582, 682.7943364
1701425831984, 2023-12-01T10:17:11.984Z, 317.32299079999996, 685.9756960000001
1701425832015, 2023-12-01T10:17:12.015Z, 329.0571932, 688.5109516
1701425832032, 2023-12-01T10:17:12.032Z, 336.73675119999996, 690.3030062
1701425832047, 2023-12-01T10:17:12.047Z, 328.04652519999996, 688.1431943999999
1701425832063, 2023-12-01T10:17:12.063Z, 325.7270116, 693.7741991999999
1701425832080, 2023-12-01T10:17:12.080Z, 324.4136238, 699.485633
1701425832094, 2023-12-01T10:17:12.094Z, 321.8399146, 705.5040756000001
1701425832109, 2023-12-01T10:17:12.109Z, 324.8751132, 710.1750848
1701425832125, 2023-12-01T10:17:12.125Z, 324.975884, 713.0379015999999
1701425832141, 2023-12-01T10:17:12.141Z, 320.2252562, 708.5903208000001
1701425832161, 2023-12-01T10:17:12.161Z, 312.39112779999994, 702.7183294
1701425832191, 2023-12-01T10:17:12.191Z, 304.7621964, 697.3534476000001
1701425832205, 2023-12-01T10:17:12.205Z, 296.4557726, 693.7037772
1701425832220, 2023-12-01T10:17:12.220Z, 294.3194108, 691.1545027999999
1701425832234, 2023-12-01T10:17:12.234Z, 291.1761966, 688.3256002
1701425832250, 2023-12-01T10:17:12.250Z, 305.1503884, 692.2537789999999
1701425832269, 2023-12-01T10:17:12.269Z, 317.6439336, 695.6206725999999
1701425832297, 2023-12-01T10:17:12.297Z, 326.1677378, 695.4120158
1701425832329, 2023-12-01T10:17:12.329Z, 319.8007814, 689.204631
1701425832344, 2023-12-01T10:17:12.344Z, 304.6152384, 674.3613842
1701425832362, 2023-12-01T10:17:12.362Z, 279.78123020000004, 657.3952762
1701425832377, 2023-12-01T10:17:12.377Z, 251.94194019999995, 636.7476217999999
1701425832392, 2023-12-01T10:17:12.392Z, 223.45813120000003, 619.60596
1701425832408, 2023-12-01T10:17:12.408Z, 204.14355319999999, 605.9263566
1701425832440, 2023-12-01T10:17:12.440Z, 187.870597, 602.901892
1701425832489, 2023-12-01T10:17:12.489Z, 164.95636, 588.7840392
1701425832503, 2023-12-01T10:17:12.503Z, 148.03086839999997, 579.4721588
1701425832520, 2023-12-01T10:17:12.520Z, 151.38757379999998, 521.9979656
1701425832534, 2023-12-01T10:17:12.534Z, 154.10826319999998, 463.5772418
1701425832550, 2023-12-01T10:17:12.550Z, 165.8745774, 399.293336
1701425832565, 2023-12-01T10:17:12.565Z, 187.61913520000002, 338.8290126
1701425832581, 2023-12-01T10:17:12.581Z, 205.513863, 278.7268978
1701425832597, 2023-12-01T10:17:12.597Z, 206.0876468, 268.4725176
1701425832613, 2023-12-01T10:17:12.613Z, 204.98063459999997, 263.0400728
1701425832630, 2023-12-01T10:17:12.630Z, 201.42449019999998, 263.01493560000006
1701425832644, 2023-12-01T10:17:12.644Z, 194.1060638, 266.7788324
1701425832658, 2023-12-01T10:17:12.658Z, 193.47288039999998, 267.40764
1701425832675, 2023-12-01T10:17:12.675Z, 189.9128542, 268.9637182
1701425832690, 2023-12-01T10:17:12.690Z, 194.785313, 268.7394332
1701425832707, 2023-12-01T10:17:12.707Z, 203.6292632, 268.017734
1701425832722, 2023-12-01T10:17:12.722Z, 210.01671159999995, 269.2317736
1701425832738, 2023-12-01T10:17:12.738Z, 213.36016460000002, 269.4641606
1701425832766, 2023-12-01T10:17:12.766Z, 217.6749952, 270.4777975999999
1701425832785, 2023-12-01T10:17:12.785Z, 220.8409624, 274.5639816
1701425832800, 2023-12-01T10:17:12.800Z, 221.3267088, 280.733657
1701425832817, 2023-12-01T10:17:12.817Z, 217.5141192, 289.13083539999997
1701425832831, 2023-12-01T10:17:12.831Z, 214.4592316, 300.2507314
1701425832847, 2023-12-01T10:17:12.847Z, 213.2679162, 307.24288540000003
1701425832863, 2023-12-01T10:17:12.863Z, 208.8917826, 311.11984220000005
1701425832878, 2023-12-01T10:17:12.878Z, 209.11304660000002, 312.4945832
1701425832894, 2023-12-01T10:17:12.894Z, 214.2495846, 311.49893480000003
1701425832917, 2023-12-01T10:17:12.917Z, 221.8843558, 308.2942214
1701425832942, 2023-12-01T10:17:12.942Z, 226.744393, 305.39279139999996
1701425832957, 2023-12-01T10:17:12.957Z, 231.7147704, 301.7582624
1701425832973, 2023-12-01T10:17:12.973Z, 239.44026299999996, 289.2960934
1701425833006, 2023-12-01T10:17:13.006Z, 246.37970379999996, 271.1103234
1701425833022, 2023-12-01T10:17:13.022Z, 253.520418, 249.52056540000004
1701425833038, 2023-12-01T10:17:13.038Z, 262.1638538, 229.4349894
1701425833061, 2023-12-01T10:17:13.061Z, 267.5824914, 209.0628558
1701425833089, 2023-12-01T10:17:13.089Z, 265.6771332, 197.924372
1701425833101, 2023-12-01T10:17:13.101Z, 267.82754839999996, 190.9428144
1701425833118, 2023-12-01T10:17:13.118Z, 267.5893222, 189.7403046
1701425833133, 2023-12-01T10:17:13.133Z, 262.217929, 193.4394162
1701425833150, 2023-12-01T10:17:13.150Z, 259.72895099999994, 198.2690442
1701425833165, 2023-12-01T10:17:13.165Z, 257.124208, 202.162887
1701425833180, 2023-12-01T10:17:13.180Z, 251.01125259999998, 207.1572888
1701425833195, 2023-12-01T10:17:13.195Z, 245.77340299999997, 208.0711018
1701425833227, 2023-12-01T10:17:13.227Z, 247.27964179999998, 205.53159420000003
1701425833243, 2023-12-01T10:17:13.243Z, 252.97662359999998, 202.56186319999998
1701425833276, 2023-12-01T10:17:13.276Z, 260.7253468, 199.92160760000002
1701425833290, 2023-12-01T10:17:13.290Z, 270.63174740000005, 197.1898794
1701425833307, 2023-12-01T10:17:13.307Z, 278.89393540000003, 198.0026492
1701425833323, 2023-12-01T10:17:13.323Z, 286.27376219999996, 196.53823799999998
1701425833339, 2023-12-01T10:17:13.339Z, 289.3475218, 195.66975259999998
1701425833372, 2023-12-01T10:17:13.372Z, 289.7340454, 194.36133120000002
1701425833389, 2023-12-01T10:17:13.389Z, 289.0062468, 192.37118700000002
1701425833401, 2023-12-01T10:17:13.401Z, 293.0980238, 188.43191040000002
1701425833415, 2023-12-01T10:17:13.415Z, 316.98361080000006, 183.80877180000002
1701425833439, 2023-12-01T10:17:13.439Z, 349.0367032, 178.61193080000004
1701425833447, 2023-12-01T10:17:13.447Z, 460.70131440000006, 166.09527960000003
1701425833462, 2023-12-01T10:17:13.462Z, 633.7212844, 154.6114798
1701425833479, 2023-12-01T10:17:13.479Z, 797.1775936, 146.38524139999998
1701425833495, 2023-12-01T10:17:13.495Z, 959.8745084, 137.2737736
1701425833511, 2023-12-01T10:17:13.511Z, 1117.7015654000002, 126.2337366
1701425833541, 2023-12-01T10:17:13.541Z, 1193.2560176, 120.867193
1701425833557, 2023-12-01T10:17:13.557Z, 1207.3123179999998, 115.09831960000001
1701425833574, 2023-12-01T10:17:13.574Z, 1230.460979, 108.80920160000001
1701425833591, 2023-12-01T10:17:13.591Z, 1241.0944451999999, 103.69300000000001
1701425833604, 2023-12-01T10:17:13.604Z, 1257.198238, 105.4073586
1701425833621, 2023-12-01T10:17:13.621Z, 1281.7505462, 112.307878
1701425833637, 2023-12-01T10:17:13.637Z, 1306.9937850000001, 109.0452282
1701425833665, 2023-12-01T10:17:13.665Z, 1328.7757854, 115.3424988
1701425833682, 2023-12-01T10:17:13.682Z, 1344.1603768, 120.9649606
1701425833695, 2023-12-01T10:17:13.695Z, 1349.7536664, 121.33641159999999
1701425833710, 2023-12-01T10:17:13.710Z, 1348.1903482, 118.42405060000002
1701425833726, 2023-12-01T10:17:13.726Z, 1348.8697456, 128.4173996
1701425833742, 2023-12-01T10:17:13.742Z, 1349.3215116000001, 127.33320239999998
1701425833759, 2023-12-01T10:17:13.759Z, 1350.0325622, 126.75487620000001
1701425833774, 2023-12-01T10:17:13.774Z, 1352.6857808, 124.2921912
1701425833789, 2023-12-01T10:17:13.789Z, 1358.8449396, 120.94219419999999
1701425833812, 2023-12-01T10:17:13.812Z, 1356.7938194, 109.77366439999999
1701425833868, 2023-12-01T10:17:13.868Z, 1352.4332648, 99.351653
1701425833883, 2023-12-01T10:17:13.883Z, 1344.328547, 89.0400162
1701425833916, 2023-12-01T10:17:13.916Z, 1336.3300800000002, 83.01651120000001
1701425833950, 2023-12-01T10:17:13.950Z, 1329.437854, 78.86256739999999
1701425833964, 2023-12-01T10:17:13.964Z, 1329.6587056, 80.3495288
1701425833979, 2023-12-01T10:17:13.979Z, 1335.8946466000002, 87.82161299999999
1701425833995, 2023-12-01T10:17:13.995Z, 1348.009916, 98.7192446
1701425834010, 2023-12-01T10:17:14.010Z, 1357.4522667999997, 106.05505880000001
1701425834028, 2023-12-01T10:17:14.028Z, 1364.6097602, 113.41623899999999
1701425834043, 2023-12-01T10:17:14.043Z, 1369.5284, 118.85298480000002
1701425834059, 2023-12-01T10:17:14.059Z, 1370.4944220000002, 119.2544656
1701425834075, 2023-12-01T10:17:14.075Z, 1368.3205664000002, 114.3414082
1701425834089, 2023-12-01T10:17:14.089Z, 1366.5399528, 110.92274460000002
1701425834113, 2023-12-01T10:17:14.113Z, 1367.817739, 106.75812859999999
1701425834140, 2023-12-01T10:17:14.140Z, 1374.534059, 102.1525942
1701425834155, 2023-12-01T10:17:14.155Z, 1376.5761052, 96.8004512
1701425834170, 2023-12-01T10:17:14.170Z, 1367.6501304, 91.0714686
1701425834188, 2023-12-01T10:17:14.188Z, 1364.0048184, 89.52872420000001
1701425834218, 2023-12-01T10:17:14.218Z, 1358.526946, 89.90694820000002
1701425834234, 2023-12-01T10:17:14.234Z, 1348.0605134, 92.610172
1701425834262, 2023-12-01T10:17:14.262Z, 1342.0491616, 96.6442472
1701425834280, 2023-12-01T10:17:14.280Z, 1342.8787642000002, 103.57647019999999
1701425834312, 2023-12-01T10:17:14.312Z, 1336.8555804, 106.66336220000001
1701425834328, 2023-12-01T10:17:14.328Z, 1331.2889404000002, 105.9815442
1701425834359, 2023-12-01T10:17:14.359Z, 1326.7883646, 105.18088600000002
1701425834375, 2023-12-01T10:17:14.375Z, 1322.172925, 104.04876240000002
1701425834390, 2023-12-01T10:17:14.390Z, 1321.0045724, 95.3865256
1701425834411, 2023-12-01T10:17:14.411Z, 1323.9639596000002, 90.33037719999999
1701425834455, 2023-12-01T10:17:14.455Z, 1324.7465752, 80.4935816
1701425834469, 2023-12-01T10:17:14.469Z, 1324.298601, 71.1644502
1701425834487, 2023-12-01T10:17:14.487Z, 1322.9015480000003, 54.5821768
1701425834502, 2023-12-01T10:17:14.502Z, 1323.7746554, 48.60085740000001
1701425834517, 2023-12-01T10:17:14.517Z, 1325.4236314, 39.6600714
1701425834535, 2023-12-01T10:17:14.535Z, 1333.315251, 43.1009444
1701425834578, 2023-12-01T10:17:14.578Z, 1343.3984356, 50.1129556
1701425834594, 2023-12-01T10:17:14.594Z, 1351.8224926, 63.89689880000001
1701425834610, 2023-12-01T10:17:14.610Z, 1359.6011348, 74.18167739999998
1701425834626, 2023-12-01T10:17:14.626Z, 1365.0249964, 85.75894880000001
1701425834642, 2023-12-01T10:17:14.642Z, 1364.2705170000002, 92.68603099999999
1701425834657, 2023-12-01T10:17:14.657Z, 1359.9473452, 96.38738120000001
1701425834673, 2023-12-01T10:17:14.673Z, 1358.7115104, 99.57666859999999
1701425834688, 2023-12-01T10:17:14.688Z, 1357.598199, 102.4157068
1701425834715, 2023-12-01T10:17:14.715Z, 1358.2223416000002, 102.9177402
1701425834736, 2023-12-01T10:17:14.736Z, 1360.9906776, 104.97017699999999
1701425834751, 2023-12-01T10:17:14.751Z, 1365.0559075999997, 102.62828999999999
1701425834767, 2023-12-01T10:17:14.767Z, 1368.4961630000003, 103.1430284
1701425834783, 2023-12-01T10:17:14.783Z, 1370.6943444, 103.7386104
1701425834798, 2023-12-01T10:17:14.798Z, 1374.073621, 102.1733086
1701425834814, 2023-12-01T10:17:14.814Z, 1376.183116, 97.4896828
1701425834831, 2023-12-01T10:17:14.831Z, 1378.0967722, 96.76477659999999
1701425834846, 2023-12-01T10:17:14.846Z, 1380.2419376000003, 93.3095744
1701425834861, 2023-12-01T10:17:14.861Z, 1370.9836114000002, 90.5025692
1701425834877, 2023-12-01T10:17:14.877Z, 1359.749865, 90.3695066
1701425834893, 2023-12-01T10:17:14.893Z, 1349.0375084, 91.7338498
1701425834908, 2023-12-01T10:17:14.908Z, 1340.2446834, 88.30280739999999
1701425834924, 2023-12-01T10:17:14.924Z, 1327.7504302, 87.1348794
1701425834940, 2023-12-01T10:17:14.940Z, 1324.197635, 87.7279714
1701425834956, 2023-12-01T10:17:14.956Z, 1311.9860676, 90.1665624
1701425834970, 2023-12-01T10:17:14.970Z, 1298.578594, 90.5359998
1701425834986, 2023-12-01T10:17:14.986Z, 1283.4328928, 93.65091520000001
1701425835018, 2023-12-01T10:17:15.018Z, 1226.2550281999997, 102.96963660000002
1701425835036, 2023-12-01T10:17:15.036Z, 1175.6127330000002, 109.1088952
1701425835048, 2023-12-01T10:17:15.048Z, 1133.3614734, 113.03225240000002
1701425835065, 2023-12-01T10:17:15.065Z, 1092.4248458000002, 114.78072240000002
1701425835084, 2023-12-01T10:17:15.084Z, 1049.0115587999999, 117.07213959999999
1701425835099, 2023-12-01T10:17:15.099Z, 1050.9709602, 111.87974679999999
1701425835112, 2023-12-01T10:17:15.112Z, 1050.4781522, 109.81544720000002
1701425835127, 2023-12-01T10:17:15.127Z, 1050.0862624000001, 108.5566564
1701425835144, 2023-12-01T10:17:15.144Z, 1048.3329836, 110.8192094
1701425835164, 2023-12-01T10:17:15.164Z, 1049.0578672000001, 114.76815400000001
1701425835193, 2023-12-01T10:17:15.193Z, 1046.849297, 117.1874718
1701425835208, 2023-12-01T10:17:15.208Z, 1045.7131864, 116.32788680000002
1701425835225, 2023-12-01T10:17:15.225Z, 1049.463366, 112.7102386
1701425835243, 2023-12-01T10:17:15.243Z, 1052.5444922000001, 108.970745
1701425835257, 2023-12-01T10:17:15.257Z, 1055.4552209999997, 104.15401039999999
1701425835274, 2023-12-01T10:17:15.274Z, 1059.5384101999998, 102.1023972
1701425835292, 2023-12-01T10:17:15.292Z, 1056.7902048, 103.70790600000001
1701425835339, 2023-12-01T10:17:15.339Z, 1040.2405476, 111.97965359999998
1701425835353, 2023-12-01T10:17:15.353Z, 1024.1467356, 120.6094224
1701425835369, 2023-12-01T10:17:15.369Z, 1007.0296249999999, 129.41278259999999
1701425835386, 2023-12-01T10:17:15.386Z, 999.8367924, 124.8564394
1701425835399, 2023-12-01T10:17:15.399Z, 998.8483153999999, 117.02535040000001
1701425835414, 2023-12-01T10:17:15.414Z, 1005.7920625999999, 107.1581162
1701425835430, 2023-12-01T10:17:15.430Z, 1013.2624016, 97.478818
1701425835446, 2023-12-01T10:17:15.446Z, 1021.5635694, 87.27654620000001
1701425835476, 2023-12-01T10:17:15.476Z, 1025.4582882, 92.8676236
1701425835494, 2023-12-01T10:17:15.494Z, 1028.3022082000002, 98.1981204
1701425835507, 2023-12-01T10:17:15.507Z, 1034.1747154, 101.63501
1701425835523, 2023-12-01T10:17:15.523Z, 1042.5126744, 105.39187279999999
1701425835539, 2023-12-01T10:17:15.539Z, 1052.5443766, 110.04551920000002
1701425835572, 2023-12-01T10:17:15.572Z, 1062.7537358, 112.67878479999999
1701425835587, 2023-12-01T10:17:15.587Z, 1073.1263404, 117.1119408
1701425835614, 2023-12-01T10:17:15.614Z, 1079.853028, 123.02379839999999
1701425835625, 2023-12-01T10:17:15.625Z, 1083.5397684, 127.8415804
1701425835656, 2023-12-01T10:17:15.656Z, 1083.3138176, 130.09170139999998
1701425835668, 2023-12-01T10:17:15.668Z, 1078.5825983999998, 129.9322318
1701425835685, 2023-12-01T10:17:15.685Z, 1074.0841274, 128.51579899999996
1701425835698, 2023-12-01T10:17:15.698Z, 1070.2143939999999, 124.0399788
1701425835714, 2023-12-01T10:17:15.714Z, 1068.3456386, 120.99413999999999
1701425835729, 2023-12-01T10:17:15.729Z, 1070.5381646, 121.53284879999998
1701425835745, 2023-12-01T10:17:15.745Z, 1073.9222326000001, 122.39726380000002
1701425835776, 2023-12-01T10:17:15.776Z, 1077.8716623999999, 122.8491088
1701425835791, 2023-12-01T10:17:15.791Z, 1082.8560982, 124.20780100000002
1701425835807, 2023-12-01T10:17:15.807Z, 1086.042524, 124.13415239999999
1701425835823, 2023-12-01T10:17:15.823Z, 1090.7822648, 124.68685559999999
1701425835839, 2023-12-01T10:17:15.839Z, 1092.8171711999998, 123.51500419999999
1701425835854, 2023-12-01T10:17:15.854Z, 1093.6000424, 124.9881172
1701425835870, 2023-12-01T10:17:15.870Z, 1095.3381768, 129.6860392
1701425835903, 2023-12-01T10:17:15.903Z, 1113.4299998, 142.3870726
1701425835919, 2023-12-01T10:17:15.919Z, 1135.6086876, 150.4011176
1701425835935, 2023-12-01T10:17:15.935Z, 1162.0334705999999, 160.2565956
1701425835951, 2023-12-01T10:17:15.951Z, 1195.2650271999998, 169.45494
1701425835985, 2023-12-01T10:17:15.985Z, 1235.2249556, 174.802669
1701425836030, 2023-12-01T10:17:16.030Z, 1269.305861, 171.38153040000003
1701425836044, 2023-12-01T10:17:16.044Z, 1299.1219859999999, 170.95267900000005
1701425836077, 2023-12-01T10:17:16.077Z, 1330.8796758, 170.35528319999997
1701425836092, 2023-12-01T10:17:16.092Z, 1364.8753074, 172.44200460000002
1701425836107, 2023-12-01T10:17:16.107Z, 1389.3776176, 175.754963
1701425836122, 2023-12-01T10:17:16.122Z, 1403.9826227999997, 179.774646
1701425836173, 2023-12-01T10:17:16.173Z, 1414.4781179999998, 184.66328160000003
1701425836211, 2023-12-01T10:17:16.211Z, 1415.80514, 192.57531999999998
1701425836228, 2023-12-01T10:17:16.228Z, 1407.1077478, 199.8013252
1701425836248, 2023-12-01T10:17:16.248Z, 1402.0430162, 210.48210479999997
1701425836263, 2023-12-01T10:17:16.263Z, 1396.7382672, 218.9712556
1701425836278, 2023-12-01T10:17:16.278Z, 1396.4977244, 230.0293362
1701425836294, 2023-12-01T10:17:16.294Z, 1401.0322136, 236.3149692
1701425836310, 2023-12-01T10:17:16.310Z, 1405.8027624, 238.44138540000003
1701425836327, 2023-12-01T10:17:16.327Z, 1408.7669586000002, 236.8699348
1701425836342, 2023-12-01T10:17:16.342Z, 1410.6297274, 239.3423912
1701425836390, 2023-12-01T10:17:16.390Z, 1406.7134874, 238.1691914
1701425836438, 2023-12-01T10:17:16.438Z, 1393.908583, 243.96303240000003
1701425836467, 2023-12-01T10:17:16.467Z, 1382.5152484, 244.84919159999998
1701425836484, 2023-12-01T10:17:16.484Z, 1370.4590206, 247.03816
1701425836511, 2023-12-01T10:17:16.511Z, 1371.3973756, 248.6931232
1701425836522, 2023-12-01T10:17:16.522Z, 1372.3222814, 248.5045102
1701425836548, 2023-12-01T10:17:16.548Z, 1383.7975834000001, 243.17298599999998
1701425836564, 2023-12-01T10:17:16.564Z, 1394.824095, 245.98598279999996
1701425836580, 2023-12-01T10:17:16.580Z, 1403.190052, 246.40109859999998
1701425836611, 2023-12-01T10:17:16.611Z, 1398.919804, 246.359049
1701425836626, 2023-12-01T10:17:16.626Z, 1394.6358974, 246.65164199999998
1701425836642, 2023-12-01T10:17:16.642Z, 1391.1810582000003, 247.75017880000001
1701425836689, 2023-12-01T10:17:16.689Z, 1388.4795888000003, 248.74435740000004
1701425836703, 2023-12-01T10:17:16.703Z, 1388.103769, 251.606655
1701425836736, 2023-12-01T10:17:16.736Z, 1390.538351, 254.7943542
1701425836751, 2023-12-01T10:17:16.751Z, 1398.4002416, 260.4677592
1701425836784, 2023-12-01T10:17:16.784Z, 1404.7301596000002, 265.67156620000003
1701425836815, 2023-12-01T10:17:16.815Z, 1413.5451012, 268.237086
1701425836829, 2023-12-01T10:17:16.829Z, 1421.3059550000003, 268.7555244
1701425836877, 2023-12-01T10:17:16.877Z, 1448.1407904, 261.2723288
1701425836924, 2023-12-01T10:17:16.924Z, 1483.5529702, 252.79513060000005
1701425836973, 2023-12-01T10:17:16.973Z, 1549.6390646000002, 246.58620619999996
1701425837021, 2023-12-01T10:17:17.021Z, 1608.8012518, 240.807713
1701425837069, 2023-12-01T10:17:17.069Z, 1669.3047714, 234.1820576
1701425837088, 2023-12-01T10:17:17.088Z, 1716.2383667999998, 239.1267248
1701425837135, 2023-12-01T10:17:17.135Z, 1742.5738804, 246.85590700000003
1701425837151, 2023-12-01T10:17:17.151Z, 1738.9860227999998, 251.2984998
1701425837179, 2023-12-01T10:17:17.179Z, 1737.2643448, 258.3565112
1701425837194, 2023-12-01T10:17:17.194Z, 1739.5711210000002, 265.85885079999997
1701425837212, 2023-12-01T10:17:17.212Z, 1734.852023, 266.1457844
1701425837225, 2023-12-01T10:17:17.225Z, 1738.0192208, 263.3714678
1701425837241, 2023-12-01T10:17:17.241Z, 1739.6946684, 262.07755920000005
1701425837289, 2023-12-01T10:17:17.289Z, 1737.6996489999997, 256.69912039999997
1701425837308, 2023-12-01T10:17:17.308Z, 1727.701903, 253.4842254
1701425837337, 2023-12-01T10:17:17.337Z, 1722.9125588, 253.133397
1701425837372, 2023-12-01T10:17:17.372Z, 1701.1418786, 263.167501
1701425837385, 2023-12-01T10:17:17.385Z, 1675.4505669999999, 274.0078544
1701425837413, 2023-12-01T10:17:17.413Z, 1657.3999916, 285.616115
1701425837425, 2023-12-01T10:17:17.425Z, 1647.7864024000003, 294.6797226
1701425837448, 2023-12-01T10:17:17.448Z, 1641.7964386000003, 297.93943279999996
1701425837463, 2023-12-01T10:17:17.463Z, 1648.8639891999999, 291.54592940000003
1701425837496, 2023-12-01T10:17:17.496Z, 1597.7297211999999, 302.97124160000004
1701425837512, 2023-12-01T10:17:17.512Z, 1550.5623686000001, 313.71773640000004
1701425837544, 2023-12-01T10:17:17.544Z, 1474.5206314, 337.9331346
1701425837592, 2023-12-01T10:17:17.592Z, 1396.5927608000002, 363.59435900000005
1701425837607, 2023-12-01T10:17:17.607Z, 1315.591072, 386.4659804
1701425837624, 2023-12-01T10:17:17.624Z, 1287.0177523999998, 385.4719758
1701425837637, 2023-12-01T10:17:17.637Z, 1254.5902898, 384.89421460000005
1701425837653, 2023-12-01T10:17:17.653Z, 1245.7119234, 372.8012894
1701425837668, 2023-12-01T10:17:17.668Z, 1232.7599500000001, 368.79393139999996
1701425837686, 2023-12-01T10:17:17.686Z, 1227.7097576, 367.54659619999995
1701425837713, 2023-12-01T10:17:17.713Z, 1227.1870318, 371.132101
1701425837734, 2023-12-01T10:17:17.734Z, 1216.090065, 373.4647478
1701425837752, 2023-12-01T10:17:17.752Z, 1204.2876758, 377.95131879999997
1701425837765, 2023-12-01T10:17:17.765Z, 1179.2980192, 379.11955739999996
1701425837779, 2023-12-01T10:17:17.779Z, 1153.606204, 380.85035139999997
1701425837793, 2023-12-01T10:17:17.793Z, 1124.5893558, 382.4169332
1701425837826, 2023-12-01T10:17:17.826Z, 1104.6406754000002, 386.3432844
1701425837842, 2023-12-01T10:17:17.842Z, 1085.4048011999998, 389.05404219999997
1701425837868, 2023-12-01T10:17:17.868Z, 1080.150279, 392.3566064
1701425837888, 2023-12-01T10:17:17.888Z, 1074.0119102, 393.88562559999997
1701425837904, 2023-12-01T10:17:17.904Z, 1080.3241962, 394.54658459999996
1701425837920, 2023-12-01T10:17:17.921Z, 1088.4793654, 394.1917096
1701425837936, 2023-12-01T10:17:17.936Z, 1090.3111982, 391.9608382
1701425837970, 2023-12-01T10:17:17.970Z, 1087.8695544, 388.64455680000003
1701425837984, 2023-12-01T10:17:17.984Z, 1084.7305192, 386.1830334
1701425838015, 2023-12-01T10:17:18.015Z, 1074.1066343999998, 383.4019362
1701425838031, 2023-12-01T10:17:18.031Z, 1077.7691783999999, 383.5550792
1701425838045, 2023-12-01T10:17:18.045Z, 1084.5576278, 387.4074064
1701425838060, 2023-12-01T10:17:18.060Z, 1087.2637412, 392.59866580000005
1701425838076, 2023-12-01T10:17:18.076Z, 1098.9318532000002, 401.5247488
1701425838093, 2023-12-01T10:17:18.093Z, 1112.6434012, 412.8066622
1701425838109, 2023-12-01T10:17:18.109Z, 1105.281572, 425.16215280000006
1701425838124, 2023-12-01T10:17:18.124Z, 1103.3314408, 435.681651
1701425838140, 2023-12-01T10:17:18.140Z, 1105.2311028, 447.244542
1701425838503, 2023-12-01T10:17:18.503Z, 1108.2586806, 443.95241239999996
1701425838535, 2023-12-01T10:17:18.535Z, 1133.0554968000001, 438.2911467999999
1701425838550, 2023-12-01T10:17:18.550Z, 1165.4326272, 428.10980159999997
1701425838566, 2023-12-01T10:17:18.566Z, 1193.6800786, 418.01262080000004
1701425838582, 2023-12-01T10:17:18.582Z, 1219.8640952, 405.64711479999994
1701425838601, 2023-12-01T10:17:18.601Z, 1243.875849, 406.8416456
1701425838630, 2023-12-01T10:17:18.630Z, 1249.4854587999998, 409.4402192
1701425838645, 2023-12-01T10:17:18.645Z, 1246.9836306000002, 405.198464
1701425838660, 2023-12-01T10:17:18.660Z, 1251.6329402, 404.231791
1701425838678, 2023-12-01T10:17:18.678Z, 1258.3474542, 401.52431820000004
1701425838694, 2023-12-01T10:17:18.694Z, 1253.1976903999998, 397.6109378
1701425838710, 2023-12-01T10:17:18.710Z, 1248.1120408000002, 392.64319939999996
1701425838725, 2023-12-01T10:17:18.725Z, 1247.601822, 396.57973180000005
1701425838740, 2023-12-01T10:17:18.740Z, 1243.4243148, 396.5654148
1701425838772, 2023-12-01T10:17:18.772Z, 1242.4140406, 399.4375884
1701425838788, 2023-12-01T10:17:18.788Z, 1244.9043428, 402.01231240000004
1701425838804, 2023-12-01T10:17:18.804Z, 1246.5113812, 405.041619
1701425838820, 2023-12-01T10:17:18.820Z, 1252.3385486, 406.4380738
1701425838835, 2023-12-01T10:17:18.835Z, 1253.5922973999998, 406.9876104
1701425838851, 2023-12-01T10:17:18.851Z, 1234.1598245999999, 406.2026478
1701425838867, 2023-12-01T10:17:18.867Z, 1213.0529078, 403.6078352
1701425838900, 2023-12-01T10:17:18.900Z, 1189.3013741999998, 401.25789180000004
1701425838914, 2023-12-01T10:17:18.914Z, 1161.6143904, 397.753875
1701425838946, 2023-12-01T10:17:18.946Z, 1141.5710169999998, 393.3203378
1701425838961, 2023-12-01T10:17:18.961Z, 1132.3988171999997, 392.6629512
1701425838994, 2023-12-01T10:17:18.994Z, 1129.292527, 392.71458160000003