1701365025004, 2023-11-30T17:23:45.004Z, 1307.774371, 566.4649352
1701365025021, 2023-11-30T17:23:45.021Z, 1303.0202491999999, 573.9274101999999
1701365025037, 2023-11-30T17:23:45.037Z, 1299.1788812, 580.4630958
1701365025052, 2023-11-30T17:23:45.052Z, 1296.1367046, 585.3788068
1701365025068, 2023-11-30T17:23:45.068Z, 1296.5586468, 587.783901
1701365025083, 2023-11-30T17:23:45.083Z, 1297.9496886000002, 588.658482
1701365025099, 2023-11-30T17:23:45.099Z, 1299.9861026, 587.1616080000001
1701365025127, 2023-11-30T17:23:45.127Z, 1298.4274652, 583.8981428000001
1701365025145, 2023-11-30T17:23:45.145Z, 1292.4383236, 579.259712
1701365025161, 2023-11-30T17:23:45.161Z, 1279.7410108, 573.7297007999999
1701365025178, 2023-11-30T17:23:45.178Z, 1260.2260192, 566.1384042
1701365025194, 2023-11-30T17:23:45.194Z, 1240.9608058, 559.2892595999999
1701365025210, 2023-11-30T17:23:45.210Z, 1219.4238876000002, 552.160975
1701365025224, 2023-11-30T17:23:45.224Z, 1199.7262556, 548.9777816
1701365025241, 2023-11-30T17:23:45.241Z, 1185.6960102, 546.637839
1701365025256, 2023-11-30T17:23:45.256Z, 1180.834691, 545.8313964000001
1701365025302, 2023-11-30T17:23:45.302Z, 1176.2807454, 544.1827094
1701365025319, 2023-11-30T17:23:45.319Z, 1177.5484332, 543.5898594
1701365025334, 2023-11-30T17:23:45.334Z, 1181.0589002000002, 541.0526860000001
1701365025350, 2023-11-30T17:23:45.350Z, 1183.0415462, 539.257011
1701365025365, 2023-11-30T17:23:45.365Z, 1180.2536883999999, 541.1704928000001
1701365025383, 2023-11-30T17:23:45.383Z, 1173.0303606, 546.2968961999999
1701365025395, 2023-11-30T17:23:45.395Z, 1164.1248902000002, 554.6527007999999
1701365025424, 2023-11-30T17:23:45.424Z, 1155.1905724, 563.1798842000001
1701365025442, 2023-11-30T17:23:45.442Z, 1146.826495, 571.8470062
1701365025457, 2023-11-30T17:23:45.457Z, 1142.0337034, 576.7186816
1701365025472, 2023-11-30T17:23:45.472Z, 1150.9381766, 576.0626576
1701365025487, 2023-11-30T17:23:45.487Z, 1162.483143, 573.2048120000001
1701365025504, 2023-11-30T17:23:45.504Z, 1174.2584944, 571.4489058
1701365025520, 2023-11-30T17:23:45.520Z, 1189.7157304, 570.1394936
1701365025535, 2023-11-30T17:23:45.535Z, 1205.808295, 569.7339806
1701365025551, 2023-11-30T17:23:45.551Z, 1211.1644919999999, 572.6645212
1701365025575, 2023-11-30T17:23:45.575Z, 1216.7667052000002, 575.8209104
1701365025599, 2023-11-30T17:23:45.599Z, 1223.3474866000001, 577.2559752
1701365025614, 2023-11-30T17:23:45.614Z, 1228.7888666000001, 576.5352554
1701365025629, 2023-11-30T17:23:45.629Z, 1232.946254, 575.3405743999999
1701365025644, 2023-11-30T17:23:45.644Z, 1236.9109924000002, 574.5590663999999
1701365025659, 2023-11-30T17:23:45.659Z, 1240.8366838000002, 570.5208666000001
1701365025675, 2023-11-30T17:23:45.675Z, 1242.3637181999998, 566.8943200000001
1701365025694, 2023-11-30T17:23:45.694Z, 1231.1078088, 565.9074284000001
1701365025721, 2023-11-30T17:23:45.721Z, 1218.0610531999998, 565.0907284000001
1701365025754, 2023-11-30T17:23:45.754Z, 1202.3649335999999, 562.7829622
1701365025769, 2023-11-30T17:23:45.769Z, 1182.6988895999998, 562.7600218
1701365025785, 2023-11-30T17:23:45.785Z, 1160.8669937999998, 562.0060066
1701365025800, 2023-11-30T17:23:45.800Z, 1149.8982377999998, 560.0324434
1701365025817, 2023-11-30T17:23:45.817Z, 1139.8700898, 558.7565162
1701365025832, 2023-11-30T17:23:45.832Z, 1138.5982724, 557.6118429999999
1701365025848, 2023-11-30T17:23:45.848Z, 1140.7346954, 557.1186700000001
1701365025875, 2023-11-30T17:23:45.875Z, 1147.5925427999998, 558.0075806000001
1701365025895, 2023-11-30T17:23:45.895Z, 1151.5943164, 560.280381
1701365025910, 2023-11-30T17:23:45.910Z, 1154.5584882, 562.7074624
1701365025926, 2023-11-30T17:23:45.926Z, 1146.8237374, 568.5154976
1701365025942, 2023-11-30T17:23:45.942Z, 1140.8946793999999, 573.1607528000001
1701365025959, 2023-11-30T17:23:45.959Z, 1135.1093184000001, 576.5190978
1701365025975, 2023-11-30T17:23:45.975Z, 1133.4549080000002, 578.2838494
1701365025991, 2023-11-30T17:23:45.991Z, 1131.7418300000002, 580.031005
1701365026006, 2023-11-30T17:23:46.006Z, 1136.7488960000003, 578.37539
1701365026027, 2023-11-30T17:23:46.027Z, 1138.9986617999998, 577.3985826
1701365026038, 2023-11-30T17:23:46.038Z, 1136.821129, 578.9462216
1701365026069, 2023-11-30T17:23:46.069Z, 1133.3504512, 580.7932022
1701365026084, 2023-11-30T17:23:46.084Z, 1133.5422742, 581.5545674
1701365026101, 2023-11-30T17:23:46.101Z, 1136.9445348, 577.4266046
1701365026117, 2023-11-30T17:23:46.117Z, 1140.0652666, 573.8867766
1701365026133, 2023-11-30T17:23:46.133Z, 1145.2380421999999, 569.2078048
1701365026147, 2023-11-30T17:23:46.147Z, 1151.3885805999998, 564.8894876
1701365026171, 2023-11-30T17:23:46.171Z, 1155.1899722, 561.7060759999999
1701365026194, 2023-11-30T17:23:46.194Z, 1155.7140224, 563.1675275999999
1701365026209, 2023-11-30T17:23:46.209Z, 1154.643322, 565.7405186
1701365026225, 2023-11-30T17:23:46.225Z, 1153.5426028, 567.6928055999999
1701365026239, 2023-11-30T17:23:46.239Z, 1153.9776826000002, 567.2624319999999
1701365026255, 2023-11-30T17:23:46.255Z, 1154.0536832, 566.7807786000001
1701365026271, 2023-11-30T17:23:46.271Z, 1153.4139811999999, 567.424076
1701365026286, 2023-11-30T17:23:46.286Z, 1156.4351594, 567.5008768
1701365026302, 2023-11-30T17:23:46.302Z, 1160.6869001999999, 567.3482687999999
1701365026324, 2023-11-30T17:23:46.324Z, 1160.9441148, 567.3555096
1701365026349, 2023-11-30T17:23:46.349Z, 1161.7268204, 567.3931472
1701365026364, 2023-11-30T17:23:46.364Z, 1159.2256172000002, 567.7422801999999
1701365026380, 2023-11-30T17:23:46.380Z, 1155.5011294, 568.5954032
1701365026394, 2023-11-30T17:23:46.394Z, 1151.8108898, 569.9711921999999
1701365026410, 2023-11-30T17:23:46.410Z, 1147.1309205999999, 574.5731664
1701365026425, 2023-11-30T17:23:46.425Z, 1142.1391236000002, 578.9229652
1701365026441, 2023-11-30T17:23:46.441Z, 1138.5761939999998, 582.7968862
1701365026456, 2023-11-30T17:23:46.456Z, 1134.2172409999998, 585.2184168
1701365026474, 2023-11-30T17:23:46.474Z, 1128.2124222, 609.1709162
1701365026487, 2023-11-30T17:23:46.487Z, 1124.3881829999998, 643.5423266
1701365026505, 2023-11-30T17:23:46.505Z, 1122.7043836, 681.4888335999999
1701365026523, 2023-11-30T17:23:46.523Z, 1123.0614414, 719.6235646
1701365026534, 2023-11-30T17:23:46.534Z, 1123.6714723999999, 758.9998699999999
1701365026567, 2023-11-30T17:23:46.567Z, 1133.0093413999998, 770.0168782
1701365026580, 2023-11-30T17:23:46.580Z, 1138.6907367999997, 777.0103646
1701365026597, 2023-11-30T17:23:46.597Z, 1144.3896055999999, 777.1826948
1701365026622, 2023-11-30T17:23:46.622Z, 1149.0080404, 775.8924976000001
1701365026644, 2023-11-30T17:23:46.644Z, 1150.0755644, 776.0071486
1701365026660, 2023-11-30T17:23:46.660Z, 1144.398337, 783.0544548
1701365026675, 2023-11-30T17:23:46.675Z, 1141.6819428, 781.4374246
1701365026690, 2023-11-30T17:23:46.690Z, 1136.7723012000001, 784.472927
1701365026706, 2023-11-30T17:23:46.706Z, 1133.4389580000002, 789.2882104
1701365026722, 2023-11-30T17:23:46.722Z, 1133.119994, 791.0407548
1701365026741, 2023-11-30T17:23:46.741Z, 1135.5456462, 795.9157244
1701365026754, 2023-11-30T17:23:46.754Z, 1138.5512557999998, 801.9268856000001
1701365026776, 2023-11-30T17:23:46.776Z, 1141.4843082, 804.8580593999999
1701365026802, 2023-11-30T17:23:46.802Z, 1143.3894968, 807.3556369999999
1701365026818, 2023-11-30T17:23:46.818Z, 1146.1459427999998, 810.484947
1701365026833, 2023-11-30T17:23:46.833Z, 1160.287028, 811.3165828
1701365026847, 2023-11-30T17:23:46.847Z, 1170.607094, 814.5802971999999
1701365026864, 2023-11-30T17:23:46.864Z, 1185.5707732, 822.8592256
1701365026894, 2023-11-30T17:23:46.894Z, 1198.131657, 830.6213768
1701365026925, 2023-11-30T17:23:46.925Z, 1220.2879728, 842.0635655999998
1701365026941, 2023-11-30T17:23:46.941Z, 1225.5190681999998, 851.4951199999999
1701365026956, 2023-11-30T17:23:46.956Z, 1229.7741632, 858.9440023999999
1701365026972, 2023-11-30T17:23:46.972Z, 1230.1094302, 862.8699342
1701365026987, 2023-11-30T17:23:46.987Z, 1227.9868512, 867.0215784
1701365027003, 2023-11-30T17:23:47.003Z, 1210.2468350000001, 867.7255304
1701365027018, 2023-11-30T17:23:47.019Z, 1193.2376298000001, 868.7664378
1701365027034, 2023-11-30T17:23:47.034Z, 1178.6220612000002, 868.8830866000001
1701365027050, 2023-11-30T17:23:47.050Z, 1170.1089266000001, 862.5096442
1701365027070, 2023-11-30T17:23:47.070Z, 1163.2659208, 858.061747
1701365027096, 2023-11-30T17:23:47.096Z, 1164.3510781999998, 854.3801592
1701365027111, 2023-11-30T17:23:47.111Z, 1167.056418, 850.0688182
1701365027127, 2023-11-30T17:23:47.127Z, 1169.9255996, 845.8078006
1701365027144, 2023-11-30T17:23:47.144Z, 1169.6948576000002, 843.6309819999999
1701365027158, 2023-11-30T17:23:47.158Z, 1170.761204, 840.8131608
1701365027174, 2023-11-30T17:23:47.174Z, 1165.730601, 837.2393112
1701365027190, 2023-11-30T17:23:47.190Z, 1163.6993832, 834.2765240000001
1701365027206, 2023-11-30T17:23:47.206Z, 1166.403063, 831.0435944000001
1701365027226, 2023-11-30T17:23:47.226Z, 1165.1997126, 832.5193642
1701365027253, 2023-11-30T17:23:47.253Z, 1166.9410644, 832.5793892000002
1701365027271, 2023-11-30T17:23:47.271Z, 1168.9730678, 829.4960844000001
1701365027300, 2023-11-30T17:23:47.300Z, 1166.9494383999997, 826.3739310000001
1701365027316, 2023-11-30T17:23:47.316Z, 1160.8377884, 822.0432912
1701365027333, 2023-11-30T17:23:47.333Z, 1153.689191, 817.0404361999999
1701365027346, 2023-11-30T17:23:47.346Z, 1144.5593972000001, 811.9584843999999
1701365027375, 2023-11-30T17:23:47.376Z, 1135.979317, 808.4490271999999
1701365027387, 2023-11-30T17:23:47.387Z, 1125.6162124000002, 805.2852524
1701365027405, 2023-11-30T17:23:47.405Z, 1117.173343, 803.7978558
1701365027420, 2023-11-30T17:23:47.420Z, 1110.1959336, 802.7109209999999
1701365027439, 2023-11-30T17:23:47.439Z, 1104.971208, 801.5809528000001
1701365027454, 2023-11-30T17:23:47.454Z, 1102.8030190000002, 801.8754938
1701365027471, 2023-11-30T17:23:47.471Z, 1104.1186884, 802.7438136000001
1701365027486, 2023-11-30T17:23:47.486Z, 1104.7999588, 804.4605654
1701365027501, 2023-11-30T17:23:47.501Z, 1105.8158512, 807.1305930000001
1701365027522, 2023-11-30T17:23:47.522Z, 1106.957304, 809.8378368
1701365027550, 2023-11-30T17:23:47.550Z, 1107.4427707999998, 812.3296988
1701365027565, 2023-11-30T17:23:47.565Z, 1104.3739550000003, 814.2752109999999
1701365027579, 2023-11-30T17:23:47.579Z, 1100.9336362, 815.6548448
1701365027596, 2023-11-30T17:23:47.596Z, 1103.7635030000001, 812.0720408
1701365027611, 2023-11-30T17:23:47.611Z, 1104.8726542, 808.8477984000001
1701365027626, 2023-11-30T17:23:47.626Z, 1106.2959476, 805.6181126
1701365027642, 2023-11-30T17:23:47.642Z, 1112.9856524, 800.9522048
1701365027658, 2023-11-30T17:23:47.658Z, 1121.3206102, 795.8263472
1701365027679, 2023-11-30T17:23:47.679Z, 1138.0184026, 788.2543642
1701365027705, 2023-11-30T17:23:47.705Z, 1154.2115721999999, 780.45802
1701365027723, 2023-11-30T17:23:47.723Z, 1171.4349373999999, 774.2456956
1701365027751, 2023-11-30T17:23:47.751Z, 1184.004487, 770.318021
1701365027768, 2023-11-30T17:23:47.768Z, 1195.3798218, 765.6501476000001
1701365027784, 2023-11-30T17:23:47.784Z, 1188.278006, 768.1835598
1701365027799, 2023-11-30T17:23:47.799Z, 1184.3759828, 768.887774
1701365027827, 2023-11-30T17:23:47.827Z, 1171.9486511999999, 768.1994412
1701365027848, 2023-11-30T17:23:47.848Z, 1165.7752878, 763.9339576
1701365027862, 2023-11-30T17:23:47.862Z, 1160.1349675999998, 760.0419077999999
1701365027879, 2023-11-30T17:23:47.879Z, 1156.8267294, 755.1822256
1701365027892, 2023-11-30T17:23:47.892Z, 1154.3409338000001, 750.9729742
1701365027909, 2023-11-30T17:23:47.909Z, 1161.5867718000002, 745.6112834000002
1701365027924, 2023-11-30T17:23:47.924Z, 1162.9212374000003, 744.1266813999999
1701365027940, 2023-11-30T17:23:47.940Z, 1160.4634418, 746.5073874
1701365027956, 2023-11-30T17:23:47.956Z, 1158.8717774, 748.5517256
1701365027972, 2023-11-30T17:23:47.972Z, 1155.4324457999999, 751.792569
1701365028004, 2023-11-30T17:23:48.004Z, 1150.0871902, 756.3893367999999
1701365028020, 2023-11-30T17:23:48.020Z, 1145.8367286, 760.2981404
1701365028051, 2023-11-30T17:23:48.051Z, 1140.6204874, 762.7391347999999
1701365028066, 2023-11-30T17:23:48.066Z, 1135.7243646, 765.4391952
1701365028082, 2023-11-30T17:23:48.082Z, 1135.0109724, 763.7382062
1701365028098, 2023-11-30T17:23:48.098Z, 1133.9918088, 760.9140694
1701365028125, 2023-11-30T17:23:48.125Z, 1134.3756814, 756.5007124
1701365028145, 2023-11-30T17:23:48.145Z, 1136.3762419999998, 751.0240814000001
1701365028161, 2023-11-30T17:23:48.161Z, 1133.734559, 746.5818270000002
1701365028176, 2023-11-30T17:23:48.176Z, 1127.00219, 746.0589926
1701365028191, 2023-11-30T17:23:48.191Z, 1120.8258406, 746.2121946
1701365028207, 2023-11-30T17:23:48.207Z, 1113.216201, 748.3602032000001
1701365028222, 2023-11-30T17:23:48.222Z, 1112.2246166, 749.8781248
1701365028237, 2023-11-30T17:23:48.237Z, 1116.3242163999998, 751.0966834
1701365028253, 2023-11-30T17:23:48.253Z, 1118.6136682000001, 753.268101
1701365028278, 2023-11-30T17:23:48.278Z, 1115.5995078, 758.2179518
1701365028301, 2023-11-30T17:23:48.301Z, 1119.3776194, 761.5564257999999
1701365028316, 2023-11-30T17:23:48.316Z, 1022.1699919999999, 753.3741124000001
1701365028332, 2023-11-30T17:23:48.332Z, 888.8749982000002, 737.6045839999999
1701365028349, 2023-11-30T17:23:48.349Z, 740.9588928000001, 719.3804687999999
1701365028365, 2023-11-30T17:23:48.365Z, 611.2394876000001, 702.9230289999999
1701365028379, 2023-11-30T17:23:48.379Z, 474.54732720000004, 688.8760282000001
1701365028411, 2023-11-30T17:23:48.411Z, 429.885462, 684.0715492
1701365028426, 2023-11-30T17:23:48.426Z, 400.5083002, 686.9530348
1701365028442, 2023-11-30T17:23:48.442Z, 375.3625802, 684.774009
1701365028458, 2023-11-30T17:23:48.458Z, 336.0934418, 671.6171156
1701365028472, 2023-11-30T17:23:48.472Z, 310.0360378, 675.2593216
1701365028489, 2023-11-30T17:23:48.489Z, 294.3972758, 685.4561196
1701365028504, 2023-11-30T17:23:48.504Z, 297.33761619999996, 694.581627
1701365028519, 2023-11-30T17:23:48.519Z, 305.0225236, 705.2284606000001
1701365028534, 2023-11-30T17:23:48.534Z, 311.5641274, 723.1664984
1701365028550, 2023-11-30T17:23:48.550Z, 293.9836864, 717.1599266000001
1701365028575, 2023-11-30T17:23:48.575Z, 252.86155019999995, 692.9216842
1701365028614, 2023-11-30T17:23:48.614Z, 226.886112, 665.0303115999999
1701365028629, 2023-11-30T17:23:48.629Z, 206.6127588, 644.7678014
1701365028660, 2023-11-30T17:23:48.660Z, 316.1931652, 635.2958430000001
1701365028677, 2023-11-30T17:23:48.677Z, 481.4641254, 636.577396
1701365028692, 2023-11-30T17:23:48.692Z, 675.7258658, 653.4465180000001
1701365028707, 2023-11-30T17:23:48.707Z, 865.4342314000002, 674.9522387999999
1701365028725, 2023-11-30T17:23:48.725Z, 1056.8815448, 693.5971004
1701365028738, 2023-11-30T17:23:48.738Z, 1122.1451132, 699.3713286
1701365028754, 2023-11-30T17:23:48.754Z, 1144.7387156, 698.7718722
1701365028770, 2023-11-30T17:23:48.770Z, 1156.6386842, 696.317161
1701365028785, 2023-11-30T17:23:48.785Z, 1165.1976364, 689.3780536
1701365028800, 2023-11-30T17:23:48.800Z, 1176.0272508, 681.3643082
1701365028816, 2023-11-30T17:23:48.816Z, 1189.4692995999999, 672.7510206
1701365028832, 2023-11-30T17:23:48.832Z, 1194.378357, 672.4044698
1701365028848, 2023-11-30T17:23:48.848Z, 1197.0170945999998, 675.2116676
1701365028870, 2023-11-30T17:23:48.870Z, 1193.0670906, 682.4064926
1701365028894, 2023-11-30T17:23:48.894Z, 1181.1398578, 696.8465466
1701365028909, 2023-11-30T17:23:48.909Z, 1165.2721861999999, 712.9011622
1701365028925, 2023-11-30T17:23:48.925Z, 1156.346112, 722.1375902
1701365028940, 2023-11-30T17:23:48.940Z, 1158.9885576, 728.8997254
1701365028955, 2023-11-30T17:23:48.955Z, 1161.6882228, 735.1962937999999
1701365028971, 2023-11-30T17:23:48.971Z, 1168.7185226000001, 735.9706624
1701365028986, 2023-11-30T17:23:48.986Z, 1171.1163148, 737.3047666
1701365029002, 2023-11-30T17:23:49.002Z, 1171.6845865999999, 738.3569736000002
1701365029026, 2023-11-30T17:23:49.026Z, 1161.0929342, 738.7962531999999
1701365029050, 2023-11-30T17:23:49.050Z, 1151.4896072, 739.1592937999999
1701365029065, 2023-11-30T17:23:49.065Z, 1141.3839360000002, 739.51248
1701365029083, 2023-11-30T17:23:49.083Z, 1134.9746989999999, 739.7770158000001
1701365029097, 2023-11-30T17:23:49.097Z, 1128.462309, 740.3674825999999
1701365029113, 2023-11-30T17:23:49.113Z, 1122.2101342, 741.8124863999999
1701365029128, 2023-11-30T17:23:49.128Z, 1115.7299732000001, 743.3472804
1701365029143, 2023-11-30T17:23:49.143Z, 1111.0815046, 744.0080275999999
1701365029178, 2023-11-30T17:23:49.178Z, 1107.485174, 743.6720763999999
1701365029189, 2023-11-30T17:23:49.189Z, 1114.5630624, 739.4742314
1701365029205, 2023-11-30T17:23:49.205Z, 1124.7731721999999, 733.8826994000001
1701365029220, 2023-11-30T17:23:49.220Z, 1132.5647158, 729.1426052
1701365029236, 2023-11-30T17:23:49.236Z, 1139.5756188, 725.3498154
1701365029267, 2023-11-30T17:23:49.267Z, 1144.1171325999999, 723.6478457999999
1701365029283, 2023-11-30T17:23:49.283Z, 1139.5115492, 725.9565833999999
1701365029299, 2023-11-30T17:23:49.299Z, 1136.3547268, 727.2444606000001
1701365029321, 2023-11-30T17:23:49.321Z, 1140.4618916000002, 730.9238662
1701365029348, 2023-11-30T17:23:49.348Z, 1145.1510214000002, 730.4588088
1701365029363, 2023-11-30T17:23:49.363Z, 1160.5996962000002, 735.7334954
1701365029377, 2023-11-30T17:23:49.377Z, 1194.4080866, 747.9718317999999
1701365029393, 2023-11-30T17:23:49.393Z, 1237.384619, 768.6363286
1701365029410, 2023-11-30T17:23:49.410Z, 1277.5690026, 787.2057004
1701365029423, 2023-11-30T17:23:49.423Z, 1322.7244444000003, 810.3774178
1701365029439, 2023-11-30T17:23:49.439Z, 1364.5910852000002, 834.3538106
1701365029455, 2023-11-30T17:23:49.455Z, 1387.0543229999998, 847.7703394
1701365029477, 2023-11-30T17:23:49.477Z, 1396.58376, 854.5100662000001
1701365029501, 2023-11-30T17:23:49.501Z, 1404.9678020000003, 862.4476699999999
1701365029520, 2023-11-30T17:23:49.520Z, 1411.7390231999998, 873.133691
1701365029550, 2023-11-30T17:23:49.550Z, 1413.645389, 876.0451954
1701365029566, 2023-11-30T17:23:49.566Z, 1419.5509108, 880.3023292
1701365029582, 2023-11-30T17:23:49.582Z, 1424.8479192, 885.4139542
1701365029598, 2023-11-30T17:23:49.598Z, 1432.158692, 886.3125434
1701365029627, 2023-11-30T17:23:49.628Z, 1435.9630068000001, 884.1224341999999
1701365029643, 2023-11-30T17:23:49.643Z, 1441.0336486, 880.5816472
1701365029658, 2023-11-30T17:23:49.658Z, 1443.1410084, 878.5147721999999
1701365029675, 2023-11-30T17:23:49.675Z, 1446.8817655999999, 875.540635
1701365029691, 2023-11-30T17:23:49.691Z, 1448.8504950000001, 873.7479215999999
1701365029707, 2023-11-30T17:23:49.707Z, 1446.7395588000002, 872.2923892000001
1701365029722, 2023-11-30T17:23:49.722Z, 1440.6249364, 872.7928201999999
1701365029738, 2023-11-30T17:23:49.738Z, 1436.0549245999998, 872.9145952000001
1701365029754, 2023-11-30T17:23:49.754Z, 1424.4327136, 874.8126874
1701365029788, 2023-11-30T17:23:49.788Z, 1425.9670211999999, 877.765682
1701365029800, 2023-11-30T17:23:49.800Z, 1428.4650202, 880.0611906
1701365029815, 2023-11-30T17:23:49.815Z, 1431.4571052, 882.7131714
1701365029831, 2023-11-30T17:23:49.831Z, 1433.2973932, 885.1930570000001
1701365029847, 2023-11-30T17:23:49.847Z, 1443.508676, 886.5641082
1701365029863, 2023-11-30T17:23:49.863Z, 1440.5869656, 888.1100966
1701365029882, 2023-11-30T17:23:49.882Z, 1443.5994778, 891.4280257999999
1701365029910, 2023-11-30T17:23:49.910Z, 1447.2150216000002, 895.3841614
1701365029926, 2023-11-30T17:23:49.926Z, 1450.7478784, 900.1311528
1701365029941, 2023-11-30T17:23:49.941Z, 1454.1244944, 903.0228076000001
1701365029958, 2023-11-30T17:23:49.958Z, 1457.794641, 904.0830407999999
1701365029972, 2023-11-30T17:23:49.972Z, 1456.052564, 901.5320148000001
1701365029988, 2023-11-30T17:23:49.988Z, 1452.1059712, 897.8583689999999
1701365030019, 2023-11-30T17:23:50.019Z, 1452.4964477999997, 895.3230182
1701365030035, 2023-11-30T17:23:50.035Z, 1450.7423134, 893.9246506
1701365030049, 2023-11-30T17:23:50.049Z, 1443.2238075999999, 895.8080238
1701365030145, 2023-11-30T17:23:50.145Z, 1451.527355, 899.2558661999999
1701365030160, 2023-11-30T17:23:50.160Z, 1463.8779584, 901.941835
1701365030178, 2023-11-30T17:23:50.178Z, 1473.0608143999998, 902.3194526000001
1701365030192, 2023-11-30T17:23:50.192Z, 1480.4110766, 904.1489345999998
1701365030208, 2023-11-30T17:23:50.208Z, 1490.856535, 903.7306774000001
1701366699018, 2023-11-30T17:51:39.018Z, 1430.1494888, 394.83028260000003
1701366699049, 2023-11-30T17:51:39.049Z, 1415.3141232000003, 393.61781940000003
1701366699063, 2023-11-30T17:51:39.063Z, 1401.5534413999999, 393.066253
1701366699094, 2023-11-30T17:51:39.094Z, 1398.0960229999998, 396.4473534
1701366699110, 2023-11-30T17:51:39.110Z, 1396.504325, 400.33949680000006
1701366699140, 2023-11-30T17:51:39.140Z, 1396.3868752, 403.99590939999996
1701366699186, 2023-11-30T17:51:39.186Z, 1395.4050536, 405.98899700000004
1701366699201, 2023-11-30T17:51:39.201Z, 1392.728703, 407.2951362
1701366699233, 2023-11-30T17:51:39.233Z, 1389.1885989999998, 407.12876819999997
1701366699248, 2023-11-30T17:51:39.248Z, 1386.1815178000002, 407.2117594
1701366699279, 2023-11-30T17:51:39.279Z, 1387.7268712, 407.02829699999995
1701366699294, 2023-11-30T17:51:39.294Z, 1391.4885239999999, 407.5494954
1701366699318, 2023-11-30T17:51:39.318Z, 1455.4417042, 410.2718446
1701366699332, 2023-11-30T17:51:39.332Z, 1520.23751, 412.1722434
1701366699372, 2023-11-30T17:51:39.372Z, 1587.2579332, 413.30709360000003
1701366699419, 2023-11-30T17:51:39.419Z, 1648.6949058000002, 411.6178602
1701366699434, 2023-11-30T17:51:39.434Z, 1706.6367480000001, 410.98938940000005
1701366699472, 2023-11-30T17:51:39.472Z, 1694.9445902, 406.3788364
1701366699512, 2023-11-30T17:51:39.512Z, 1681.4341467999998, 401.9224676
1701366699527, 2023-11-30T17:51:39.527Z, 1670.4594482, 400.8017346
1701366699557, 2023-11-30T17:51:39.557Z, 1653.2055937999999, 400.8141548
1701366699573, 2023-11-30T17:51:39.573Z, 1652.3664679999997, 400.7684092
1701366699607, 2023-11-30T17:51:39.607Z, 1656.9752475999999, 402.19392039999997
1701366699638, 2023-11-30T17:51:39.638Z, 1651.36826, 403.0027874
1701366699653, 2023-11-30T17:51:39.653Z, 1631.299117, 399.4082122
1701366699684, 2023-11-30T17:51:39.684Z, 1629.6131242, 399.8204506
1701366699698, 2023-11-30T17:51:39.698Z, 1604.2336142, 403.4490828
1701366699729, 2023-11-30T17:51:39.729Z, 1582.3523572, 410.1371578
1701366699744, 2023-11-30T17:51:39.744Z, 1566.1478466, 418.4968514
1701366699768, 2023-11-30T17:51:39.768Z, 1543.8783594000001, 437.3465826
1701366699790, 2023-11-30T17:51:39.790Z, 1501.2746304, 456.0127492
1701366699821, 2023-11-30T17:51:39.821Z, 1435.5301175999998, 478.0849478
1701366699836, 2023-11-30T17:51:39.836Z, 1378.627621, 499.49479540000004
1701366699867, 2023-11-30T17:51:39.867Z, 1315.746582, 517.7189148
1701366699886, 2023-11-30T17:51:39.886Z, 1266.59774, 526.9394312
1701366699921, 2023-11-30T17:51:39.921Z, 1227.9403544000002, 532.9941386
1701366699962, 2023-11-30T17:51:39.962Z, 1222.0969956, 530.4407272
1701366699977, 2023-11-30T17:51:39.977Z, 1211.0043846, 526.8459949999999
1701366699993, 2023-11-30T17:51:39.993Z, 1214.6100568000002, 527.6213074
1701366700009, 2023-11-30T17:51:40.009Z, 1223.2600348, 530.8431858
1701366700055, 2023-11-30T17:51:40.055Z, 1231.1646932, 533.6411262
1701366700087, 2023-11-30T17:51:40.087Z, 1237.2882934000002, 537.0857613999999
1701366700101, 2023-11-30T17:51:40.101Z, 1240.7737980000002, 541.5021082
1701366700132, 2023-11-30T17:51:40.132Z, 1241.1739082, 545.4599860000001
1701366700147, 2023-11-30T17:51:40.147Z, 1239.1200514, 546.6076284
1701366700178, 2023-11-30T17:51:40.178Z, 1238.8570926000002, 549.6025526
1701366700192, 2023-11-30T17:51:40.192Z, 1239.7740586, 552.7843151999999
1701366700217, 2023-11-30T17:51:40.217Z, 1244.260037, 556.9475226000001
1701366700239, 2023-11-30T17:51:40.239Z, 1251.9696086, 558.6527348000001
1701366700274, 2023-11-30T17:51:40.274Z, 1260.579663, 560.6890036000001
1701366700286, 2023-11-30T17:51:40.286Z, 1271.6809544, 561.3205356000001
1701366700317, 2023-11-30T17:51:40.317Z, 1283.8049628, 561.6107324
1701366700332, 2023-11-30T17:51:40.332Z, 1289.1390986000001, 558.340197
1701366700378, 2023-11-30T17:51:40.378Z, 1290.9031592000001, 550.2406412
1701366700397, 2023-11-30T17:51:40.397Z, 1290.3452668000002, 540.9030344
1701366700425, 2023-11-30T17:51:40.425Z, 1282.8794534, 534.265687
1701366700457, 2023-11-30T17:51:40.457Z, 1274.4364346, 527.0545448
1701366700472, 2023-11-30T17:51:40.472Z, 1267.5227826, 522.840928
1701366700488, 2023-11-30T17:51:40.488Z, 1258.388132, 523.5870556
1701366700535, 2023-11-30T17:51:40.535Z, 1250.1255308, 525.0118476
1701366700549, 2023-11-30T17:51:40.549Z, 1247.951967, 522.9038908
1701366700581, 2023-11-30T17:51:40.581Z, 1244.65393, 522.3130090000001
1701366700597, 2023-11-30T17:51:40.597Z, 1243.0058434000002, 521.8316189999999
1701366700628, 2023-11-30T17:51:40.628Z, 1243.4204726, 521.9712434
1701366700643, 2023-11-30T17:51:40.643Z, 1244.8781192, 521.9972574
1701366700669, 2023-11-30T17:51:40.669Z, 1245.1374099999998, 523.2925312
1701366700691, 2023-11-30T17:51:40.691Z, 1244.318622, 522.657652
1701366700723, 2023-11-30T17:51:40.723Z, 1219.7218054, 523.121081
1701366700737, 2023-11-30T17:51:40.737Z, 1191.4616058, 522.7950476
1701366700769, 2023-11-30T17:51:40.769Z, 1160.2997356, 523.4208242000001
1701366700785, 2023-11-30T17:51:40.785Z, 1126.2358090000002, 524.1880644
1701366700823, 2023-11-30T17:51:40.823Z, 1090.5012272, 527.7015032
1701366700847, 2023-11-30T17:51:40.847Z, 1081.0211288, 527.4381133999999
1701366700880, 2023-11-30T17:51:40.880Z, 1075.2891902, 527.9183102
1701366700895, 2023-11-30T17:51:40.895Z, 1070.5415664000002, 529.4288944
1701366700911, 2023-11-30T17:51:40.911Z, 1066.443362, 531.1583142
1701366700942, 2023-11-30T17:51:40.942Z, 1067.1911808, 531.9607628
1701366700989, 2023-11-30T17:51:40.989Z, 1067.1591092, 533.3633384
1701366701005, 2023-11-30T17:51:41.005Z, 1065.8859922, 534.4917894
1701366701037, 2023-11-30T17:51:41.037Z, 1063.9454036, 534.0574131999999
1701366701053, 2023-11-30T17:51:41.053Z, 1063.0681493999998, 533.9161262
1701366701084, 2023-11-30T17:51:41.084Z, 1059.6939358, 531.8390402000001
1701366701101, 2023-11-30T17:51:41.101Z, 1056.1616454, 529.884884
1701366701119, 2023-11-30T17:51:41.119Z, 1054.4177779999998, 529.1900208
1701366701147, 2023-11-30T17:51:41.147Z, 1053.9400618, 529.860538
1701366701162, 2023-11-30T17:51:41.162Z, 1051.9933716, 532.5104478
1701366701178, 2023-11-30T17:51:41.178Z, 1051.4410254, 536.4170905999999
1701366701208, 2023-11-30T17:51:41.208Z, 1050.041316, 540.1628197999999
1701366701225, 2023-11-30T17:51:41.225Z, 1047.6751776, 542.2885672
1701366701285, 2023-11-30T17:51:41.285Z, 1045.6823568, 542.4039254
1701366701301, 2023-11-30T17:51:41.301Z, 1045.1194826, 541.6963694
1701366701316, 2023-11-30T17:51:41.316Z, 1044.0691542, 540.8986683999999
1701366701347, 2023-11-30T17:51:41.347Z, 1042.8738276, 538.4387914
1701366701362, 2023-11-30T17:51:41.362Z, 1041.3883854, 536.3958488000001
1701366701394, 2023-11-30T17:51:41.394Z, 1039.8983636, 534.8011490000001
1701366701433, 2023-11-30T17:51:41.433Z, 1039.5401016, 532.0663464
1701366701456, 2023-11-30T17:51:41.456Z, 1039.4887552, 529.786725
1701366701488, 2023-11-30T17:51:41.488Z, 1038.4642932000002, 529.2914448
1701366701505, 2023-11-30T17:51:41.505Z, 1037.5829456000001, 530.4505222
1701366701535, 2023-11-30T17:51:41.535Z, 1035.7739820000002, 532.0224310000001
1701366701554, 2023-11-30T17:51:41.554Z, 1032.0135922000002, 532.9728865999999
1701366701571, 2023-11-30T17:51:41.571Z, 1028.5042894, 533.7618753999999
1701366701581, 2023-11-30T17:51:41.581Z, 1027.2505726000002, 534.0427026
1701366701613, 2023-11-30T17:51:41.613Z, 1027.9450664, 533.7653118000001
1701366701629, 2023-11-30T17:51:41.629Z, 1028.9977856, 533.5948285999999
1701366701660, 2023-11-30T17:51:41.660Z, 1031.2828679999998, 535.1591894000001
1701366701675, 2023-11-30T17:51:41.675Z, 1033.6416669999999, 536.6993468
1701366701718, 2023-11-30T17:51:41.718Z, 1035.9198234, 538.9006768
1701366701752, 2023-11-30T17:51:41.752Z, 1037.9260768, 537.8677041999999
1701366701768, 2023-11-30T17:51:41.768Z, 1040.5801182, 537.256811
1701366701798, 2023-11-30T17:51:41.798Z, 1042.970355, 534.9619176
1701366701813, 2023-11-30T17:51:41.813Z, 1045.6720384, 532.9841488
1701366701845, 2023-11-30T17:51:41.845Z, 1047.038591, 529.7893716000001
1701366701892, 2023-11-30T17:51:41.892Z, 1045.3456778, 527.679582
1701366701907, 2023-11-30T17:51:41.907Z, 1043.3941764, 525.355177
1701366701939, 2023-11-30T17:51:41.939Z, 1041.5360702000003, 525.2640110000001
1701366701955, 2023-11-30T17:51:41.955Z, 1039.020214, 524.2991008
1701366701973, 2023-11-30T17:51:41.973Z, 1036.9251228, 523.810103
1701366702002, 2023-11-30T17:51:42.002Z, 1036.4648637999999, 524.55619
1701366702035, 2023-11-30T17:51:42.035Z, 1035.9755346, 524.9045344
1701366702063, 2023-11-30T17:51:42.063Z, 1047.6087095999999, 523.9128446
1701366702080, 2023-11-30T17:51:42.080Z, 1057.3555425999998, 523.6765868
1701366702114, 2023-11-30T17:51:42.114Z, 1064.3887024, 525.0322393999999
1701366702127, 2023-11-30T17:51:42.127Z, 1069.0941592, 528.3249354
1701366702168, 2023-11-30T17:51:42.168Z, 1040.5836156, 542.7416443999999
1701366702196, 2023-11-30T17:51:42.196Z, 1005.8763677999999, 574.8321966
1701366702222, 2023-11-30T17:51:42.222Z, 973.7297298000001, 601.1278556
1701366702252, 2023-11-30T17:51:42.252Z, 949.5509675999999, 670.7484026
1701366702269, 2023-11-30T17:51:42.269Z, 928.4763226000001, 737.9553252
1701366702300, 2023-11-30T17:51:42.300Z, 940.7052944000001, 794.5156594
1701366702335, 2023-11-30T17:51:42.335Z, 952.7512552000001, 833.0722522
1701366702360, 2023-11-30T17:51:42.360Z, 977.9619094, 881.4593080000001
1701366702391, 2023-11-30T17:51:42.391Z, 1010.3186072000001, 885.8577579999999
1701366702407, 2023-11-30T17:51:42.407Z, 1044.8868301999998, 892.7606082
1701366702439, 2023-11-30T17:51:42.439Z, 1077.650346, 898.6399932
1701366702470, 2023-11-30T17:51:42.470Z, 1099.0542096000001, 901.8798628000001
1701366702485, 2023-11-30T17:51:42.485Z, 1105.141605, 900.082936
1701366702518, 2023-11-30T17:51:42.518Z, 1098.4796748, 897.4118156000001
1701366702534, 2023-11-30T17:51:42.534Z, 1088.511182, 892.9533933999999
1701366702563, 2023-11-30T17:51:42.563Z, 1076.9813321999998, 888.280486
1701366702579, 2023-11-30T17:51:42.579Z, 1066.9413086, 887.0700444
1701366702619, 2023-11-30T17:51:42.619Z, 1032.6817151999999, 880.485731
1701366702672, 2023-11-30T17:51:42.672Z, 1011.9210261999999, 878.0325978000001
1701366702691, 2023-11-30T17:51:42.691Z, 976.9254912, 871.5923290000001
1701366702707, 2023-11-30T17:51:42.707Z, 946.0726903999999, 866.0900906
1701366702737, 2023-11-30T17:51:42.737Z, 919.8437876, 856.920989
1701366702798, 2023-11-30T17:51:42.798Z, 927.115163, 854.3269797999999
1701366702829, 2023-11-30T17:51:42.829Z, 947.3253301999999, 850.5569707999999
1701366702844, 2023-11-30T17:51:42.844Z, 999.8185615999998, 853.3622386
1701366702875, 2023-11-30T17:51:42.875Z, 1049.1677716, 856.2675276
1701366702891, 2023-11-30T17:51:42.891Z, 1087.3045072, 862.172492
1701366702917, 2023-11-30T17:51:42.917Z, 1132.2124128, 874.0152856000001
1701366702931, 2023-11-30T17:51:42.931Z, 1152.9513030000003, 883.6487362
1701366702968, 2023-11-30T17:51:42.968Z, 1152.1693872, 888.7866426
1701366702983, 2023-11-30T17:51:42.983Z, 1155.8779816, 891.326275
1701366703015, 2023-11-30T17:51:43.015Z, 1175.1272146, 890.2411532
1701366703032, 2023-11-30T17:51:43.032Z, 1179.6203362, 882.8939146
1701366703073, 2023-11-30T17:51:43.073Z, 1193.9107027999999, 876.0091014
1701366703111, 2023-11-30T17:51:43.111Z, 1210.8031641999999, 869.9319487999999
1701366703124, 2023-11-30T17:51:43.124Z, 1224.9854062, 866.3723322
1701366703155, 2023-11-30T17:51:43.155Z, 1209.2240044, 859.8843064
1701366703171, 2023-11-30T17:51:43.171Z, 1208.5509926, 857.0868948000001
1701366703203, 2023-11-30T17:51:43.203Z, 1192.4976038, 851.7267341999999
1701366703234, 2023-11-30T17:51:43.234Z, 1176.1997104, 847.6265817999999
1701366703253, 2023-11-30T17:51:43.253Z, 1150.545248, 845.084535
1701366703283, 2023-11-30T17:51:43.283Z, 1152.0587168, 850.519833
1701366703298, 2023-11-30T17:51:43.298Z, 1138.5259787999998, 855.2072236
1701366703329, 2023-11-30T17:51:43.329Z, 1117.9627032, 854.6344776
1701366703344, 2023-11-30T17:51:43.344Z, 1095.6855369999998, 852.1210207999999
1701366703368, 2023-11-30T17:51:43.368Z, 1098.1353623999998, 853.1240030000001
1701366703392, 2023-11-30T17:51:43.392Z, 1108.3315201999999, 857.2108712000002
1701366703425, 2023-11-30T17:51:43.425Z, 1123.6041, 858.673287
1701366703438, 2023-11-30T17:51:43.438Z, 1144.7988523999998, 865.5862414
1701366703470, 2023-11-30T17:51:43.470Z, 1167.958944, 874.21291
1701366703485, 2023-11-30T17:51:43.485Z, 1174.1834414, 877.4633274
1701366703524, 2023-11-30T17:51:43.524Z, 1153.6757532, 870.9034180000001
1701366703550, 2023-11-30T17:51:43.550Z, 1101.6020217999999, 860.2337952
1701366703565, 2023-11-30T17:51:43.565Z, 1058.4556023999999, 852.6228834
1701370171310, 2023-11-30T18:49:31.310Z, 967.5943415999998, 613.1422273999999
1701370171356, 2023-11-30T18:49:31.356Z, 1036.5301228, 619.2045418
1701370171372, 2023-11-30T18:49:31.372Z, 1105.253048, 621.7803566
1701370171419, 2023-11-30T18:49:31.419Z, 1099.751789, 625.1594304000001
1701370171434, 2023-11-30T18:49:31.434Z, 1127.4369015999998, 637.8552512000001
1701370171465, 2023-11-30T18:49:31.465Z, 1057.4986986, 634.5135534
1701370171480, 2023-11-30T18:49:31.480Z, 1000.9368805999999, 636.1303626
1701370171511, 2023-11-30T18:49:31.511Z, 946.5659822, 635.6921654
1701370171526, 2023-11-30T18:49:31.526Z, 955.0430362, 632.6940966
1701370171888, 2023-11-30T18:49:31.888Z, 947.193595, 641.2232054
1701370171921, 2023-11-30T18:49:31.921Z, 956.63131, 654.5293214000001
1701370171937, 2023-11-30T18:49:31.937Z, 954.4356644, 665.3811102
1701370171969, 2023-11-30T18:49:31.969Z, 960.6565424, 676.8837346
1701370171984, 2023-11-30T18:49:31.984Z, 980.5472215999998, 690.4214118000001
1701370172002, 2023-11-30T18:49:32.002Z, 996.9150660000001, 685.5095116
1701370172016, 2023-11-30T18:49:32.016Z, 1028.4388982, 684.2783746000001
1701370172061, 2023-11-30T18:49:32.061Z, 1072.7400176, 683.3698744000001
1701370172075, 2023-11-30T18:49:32.075Z, 1124.0013016, 684.0851348
1701370172090, 2023-11-30T18:49:32.090Z, 1154.9108762, 683.7690724
1701370172106, 2023-11-30T18:49:32.106Z, 1162.009417, 683.3713572
1701370172200, 2023-11-30T18:49:32.200Z, 1147.0016172, 682.5678313999999
1701370172230, 2023-11-30T18:49:32.230Z, 1104.3691465999998, 678.685095
1701370172245, 2023-11-30T18:49:32.245Z, 1047.026359, 672.8301922
1701370172342, 2023-11-30T18:49:32.342Z, 1030.8017208, 676.5938464000001
1701370172373, 2023-11-30T18:49:32.373Z, 983.7637860000001, 673.2334808
1701370172389, 2023-11-30T18:49:32.389Z, 948.6779492, 673.2297216
1701370172421, 2023-11-30T18:49:32.421Z, 924.3646044000001, 677.8097582
1701370172437, 2023-11-30T18:49:32.437Z, 897.1160192, 684.3608532000001
1701370172453, 2023-11-30T18:49:32.453Z, 846.9131142, 679.700702
1701370172470, 2023-11-30T18:49:32.470Z, 843.038747, 681.523946
1701370172501, 2023-11-30T18:49:32.501Z, 841.6309298, 679.9885938
1701370172516, 2023-11-30T18:49:32.516Z, 842.0980286, 676.1276424
1701370172547, 2023-11-30T18:49:32.547Z, 840.1501855999999, 673.9187956
1701370172564, 2023-11-30T18:49:32.564Z, 837.4235454, 675.1850662
1701370172819, 2023-11-30T18:49:32.819Z, 831.1866886, 676.6205156
1701370172834, 2023-11-30T18:49:32.834Z, 869.0017496, 686.4831854
1701370172865, 2023-11-30T18:49:32.865Z, 887.8753072, 692.5847164
1701370172880, 2023-11-30T18:49:32.880Z, 921.4004829999998, 700.0683182
1701370172902, 2023-11-30T18:49:32.902Z, 939.0404216, 703.9644546000001
1701370172926, 2023-11-30T18:49:32.926Z, 972.2871234, 711.8503922
1701370172958, 2023-11-30T18:49:32.958Z, 947.547529, 710.4891282000001
1701370172974, 2023-11-30T18:49:32.974Z, 958.2542452, 715.520753
1701370173240, 2023-11-30T18:49:33.240Z, 1047.1209824, 722.027879
1701370173271, 2023-11-30T18:49:33.271Z, 1102.814916, 726.1203482000001
1701370173287, 2023-11-30T18:49:33.287Z, 1162.4708904000001, 730.4037076000001
1701370173320, 2023-11-30T18:49:33.320Z, 1222.812846, 734.8511312
1701370173334, 2023-11-30T18:49:33.334Z, 1261.0925636, 736.7168524000001
1701370173353, 2023-11-30T18:49:33.353Z, 1208.8451235999999, 733.6477454
1701370173381, 2023-11-30T18:49:33.381Z, 1207.1274138, 734.6741928
1701370173413, 2023-11-30T18:49:33.413Z, 1189.1286986, 731.6792856
1701370173445, 2023-11-30T18:49:33.445Z, 1168.5711394, 726.5611349999999
1701370173464, 2023-11-30T18:49:33.464Z, 1151.1659747999997, 720.5469305999999
1701370174588, 2023-11-30T18:49:34.588Z, 1090.7779524, 752.7850272
1701370174617, 2023-11-30T18:49:34.617Z, 1022.2711316000001, 787.9036632
1701370174633, 2023-11-30T18:49:34.633Z, 953.7453234000001, 823.4227387999999
1701370174664, 2023-11-30T18:49:34.664Z, 901.3323614000001, 860.4972905999999
1701370174678, 2023-11-30T18:49:34.678Z, 850.9733650000001, 898.6343414
1701370174725, 2023-11-30T18:49:34.725Z, 843.4407782000001, 898.3295638
1701370174757, 2023-11-30T18:49:34.757Z, 843.2950924, 896.2311436
1701370174771, 2023-11-30T18:49:34.771Z, 845.1816648, 893.4093817999999
1701370174802, 2023-11-30T18:49:34.802Z, 846.4381274, 891.5205051999999
1701370174818, 2023-11-30T18:49:34.818Z, 846.764903, 889.4501577999999
1701370174976, 2023-11-30T18:49:34.976Z, 830.0176308000002, 882.9446644000002
1701370175023, 2023-11-30T18:49:35.023Z, 815.5895102000001, 876.1722139999999
1701370175038, 2023-11-30T18:49:35.038Z, 821.8663102, 875.1042522
1701370175069, 2023-11-30T18:49:35.069Z, 817.3970019999999, 871.8997489999999
1701370175088, 2023-11-30T18:49:35.088Z, 849.7450503999999, 875.1551928000001
1701370175116, 2023-11-30T18:49:35.116Z, 882.8971154000001, 879.8990262
1701370175132, 2023-11-30T18:49:35.132Z, 920.1968770000001, 886.1043238
1701370175495, 2023-11-30T18:49:35.495Z, 920.7544504, 884.082142
1701370175515, 2023-11-30T18:49:35.515Z, 928.3502931999999, 883.8121502
1701370175542, 2023-11-30T18:49:35.542Z, 900.3586754, 877.3769284
1701370175557, 2023-11-30T18:49:35.557Z, 889.0278433999999, 873.1488901999999
1701370175573, 2023-11-30T18:49:35.573Z, 870.4724724, 867.4441295999999
1701370175602, 2023-11-30T18:49:35.602Z, 865.4314953999999, 865.9971186
1701370175621, 2023-11-30T18:49:35.621Z, 864.5379722, 864.8880376
1701370175652, 2023-11-30T18:49:35.652Z, 865.3207134, 865.6221784000002
1701370175667, 2023-11-30T18:49:35.667Z, 866.3920844, 869.392677
1701370175700, 2023-11-30T18:49:35.700Z, 868.4877329999999, 873.8021278
1701370175714, 2023-11-30T18:49:35.714Z, 870.1664208, 878.2442424000001
1701370175752, 2023-11-30T18:49:35.752Z, 871.8550894, 884.8826356
1701370175792, 2023-11-30T18:49:35.792Z, 871.1937844, 890.931438
1701370175807, 2023-11-30T18:49:35.807Z, 870.7426628000001, 895.2469058
1701370175965, 2023-11-30T18:49:35.965Z, 861.1932910000002, 898.6102768000001
1701370176010, 2023-11-30T18:49:36.010Z, 859.9577934000001, 900.7771528000001
1701370176165, 2023-11-30T18:49:36.165Z, 937.3269723999999, 902.0195758
1701370176202, 2023-11-30T18:49:36.202Z, 988.1067648000001, 902.5222154
1701370176240, 2023-11-30T18:49:36.240Z, 998.0365952, 901.0231041999999
1701370176257, 2023-11-30T18:49:36.257Z, 1007.1742431999999, 898.949971
1701370176272, 2023-11-30T18:49:36.272Z, 1037.593519, 900.8185454000001
1701370176287, 2023-11-30T18:49:36.287Z, 1017.3869286000001, 900.2355336
1701370176308, 2023-11-30T18:49:36.308Z, 1025.2758336000002, 898.5794794
1701370176335, 2023-11-30T18:49:36.335Z, 1069.0064684000001, 898.5024236000002
1701370176382, 2023-11-30T18:49:36.382Z, 1066.3063238, 896.569124
1701370176398, 2023-11-30T18:49:36.398Z, 1060.2547336, 891.6184347999999
1701370176414, 2023-11-30T18:49:36.414Z, 996.1606512000001, 887.0638808
1701370176429, 2023-11-30T18:49:36.429Z, 955.3591849999999, 884.8563498
1701370176460, 2023-11-30T18:49:36.460Z, 920.3250833999998, 882.1507349999999
1701370176476, 2023-11-30T18:49:36.476Z, 948.758855, 883.2976404000001
1701370176552, 2023-11-30T18:49:36.552Z, 955.4789844000001, 885.9635012000001
1701370176568, 2023-11-30T18:49:36.568Z, 993.308206, 889.9548928
1701370176599, 2023-11-30T18:49:36.599Z, 996.2953286, 890.3427958
1701370176615, 2023-11-30T18:49:36.615Z, 997.201984, 891.410131
1701370176652, 2023-11-30T18:49:36.652Z, 1000.2376118, 893.6507357999999
1701370176691, 2023-11-30T18:49:36.691Z, 971.6900416000001, 889.434087
1701370176707, 2023-11-30T18:49:36.707Z, 940.1149423999999, 884.5478737999999
1701370176726, 2023-11-30T18:49:36.726Z, 915.4515545999999, 881.0475554000001
1701370176753, 2023-11-30T18:49:36.753Z, 907.7228713999999, 881.025843
1701370176772, 2023-11-30T18:49:36.772Z, 884.2540558000001, 877.8396660000001
1701370176817, 2023-11-30T18:49:36.817Z, 873.5829276000001, 876.4440558
1701370176847, 2023-11-30T18:49:36.847Z, 864.024556, 875.516237
1701370176862, 2023-11-30T18:49:36.862Z, 857.8906712, 875.4267442
1701370176879, 2023-11-30T18:49:36.879Z, 837.4277092, 871.8753492000002
1701370176909, 2023-11-30T18:49:36.909Z, 822.7370874000001, 869.4805608
1701370176925, 2023-11-30T18:49:36.925Z, 822.974346, 870.0644716
1701370176951, 2023-11-30T18:49:36.951Z, 824.939199, 870.9473635999999
1701370176965, 2023-11-30T18:49:36.965Z, 827.3913147999999, 872.0084302000001
1701370177003, 2023-11-30T18:49:37.003Z, 825.9881214000001, 871.6610617999999
1701370177050, 2023-11-30T18:49:37.050Z, 824.4104614, 871.3463224000001
1701370177066, 2023-11-30T18:49:37.066Z, 825.1365099999999, 872.6062890000001
1701370177103, 2023-11-30T18:49:37.103Z, 825.0507094000001, 873.6739271999999
1701370177143, 2023-11-30T18:49:37.143Z, 823.5919520000001, 873.6534599999999
1701370177162, 2023-11-30T18:49:37.162Z, 825.0234400000002, 874.8145804
1701370177190, 2023-11-30T18:49:37.190Z, 829.3176331999999, 874.5778402
1701370177205, 2023-11-30T18:49:37.205Z, 830.7301428000001, 873.018296
1701370177220, 2023-11-30T18:49:37.220Z, 831.8273838000001, 871.9356654
1701370177268, 2023-11-30T18:49:37.268Z, 832.7319727999999, 871.3047518
1701370177283, 2023-11-30T18:49:37.283Z, 833.5121675999999, 870.6902462
1701370177315, 2023-11-30T18:49:37.315Z, 833.0993759999999, 871.1289956
1701370177363, 2023-11-30T18:49:37.363Z, 835.0310294000001, 871.6412317999999
1701370177378, 2023-11-30T18:49:37.378Z, 837.167613, 871.3549454
1701370177401, 2023-11-30T18:49:37.401Z, 841.1347598, 871.0570008000001
1701370177425, 2023-11-30T18:49:37.425Z, 844.4744601999998, 870.8874943999999
1701370177458, 2023-11-30T18:49:37.458Z, 847.3238408, 871.1273514000001
1701370177474, 2023-11-30T18:49:37.474Z, 848.0654734, 872.0160432
1701370177492, 2023-11-30T18:49:37.492Z, 848.5468164, 873.4441854
1701370177522, 2023-11-30T18:49:37.522Z, 846.5329342000001, 874.6808361999999
1701370177552, 2023-11-30T18:49:37.552Z, 843.2499905999999, 876.785971
1701370177583, 2023-11-30T18:49:37.583Z, 839.3779084000001, 880.0593144000001
1701370177599, 2023-11-30T18:49:37.599Z, 835.4210644000001, 882.0483366000001
1701370177632, 2023-11-30T18:49:37.632Z, 832.5685878, 883.0228342
1701370177648, 2023-11-30T18:49:37.648Z, 832.2970958, 883.0408701999999
1701370177680, 2023-11-30T18:49:37.680Z, 835.3322002000001, 882.080895
1701370177727, 2023-11-30T18:49:37.727Z, 839.4485804, 879.822719
1701370177757, 2023-11-30T18:49:37.757Z, 843.4573539999999, 877.6742252
1701370177772, 2023-11-30T18:49:37.772Z, 843.0859918, 874.3276076
1701370177788, 2023-11-30T18:49:37.788Z, 850.4505676000001, 873.5175358
1701370177820, 2023-11-30T18:49:37.820Z, 861.1523312000002, 872.5189014
1701370177835, 2023-11-30T18:49:37.835Z, 865.7057632, 869.4710510000001
1701370177854, 2023-11-30T18:49:37.854Z, 883.338435, 858.746965
1701370177900, 2023-11-30T18:49:37.900Z, 904.2930584, 851.105572
1701370177919, 2023-11-30T18:49:37.919Z, 935.9446697999999, 830.4645381999999
1701370177948, 2023-11-30T18:49:37.948Z, 962.9163494000001, 811.477569
1701370178177, 2023-11-30T18:49:38.177Z, 990.1869532000001, 788.7321734
1701370178193, 2023-11-30T18:49:38.193Z, 1029.2495954, 778.7715728
1701370178227, 2023-11-30T18:49:38.227Z, 1075.6995155999998, 768.3333621999999
1701370178240, 2023-11-30T18:49:38.240Z, 1107.0787278, 768.763567
1701370178273, 2023-11-30T18:49:38.273Z, 1138.556121, 767.6031594
1701370178302, 2023-11-30T18:49:38.302Z, 1179.577117, 770.8739024
1701370178318, 2023-11-30T18:49:38.318Z, 1196.1149252, 771.0277451999999
1701370178349, 2023-11-30T18:49:38.349Z, 1206.2481016, 770.3517886
1701370178365, 2023-11-30T18:49:38.365Z, 1212.6613168, 769.3942706
1701370178399, 2023-11-30T18:49:38.399Z, 1217.5692020000001, 768.394008
1701370178413, 2023-11-30T18:49:38.413Z, 1218.0535049999999, 769.242203
1701370178451, 2023-11-30T18:49:38.451Z, 1218.6204844, 768.8589674
1701370178615, 2023-11-30T18:49:38.615Z, 1216.1307608, 764.8781413999999
1701370178646, 2023-11-30T18:49:38.646Z, 1221.9124456, 763.5000859999999
1701370178662, 2023-11-30T18:49:38.662Z, 1227.8633624000001, 763.5339578
1701370178677, 2023-11-30T18:49:38.677Z, 1231.2432973999998, 761.877349
1701422630013, 2023-12-01T09:23:50.013Z, 541.5701306, 300.43805399999997
1701422630060, 2023-12-01T09:23:50.060Z, 546.8661513999999, 308.33901679999997
1701422630076, 2023-12-01T09:23:50.076Z, 545.5278096, 315.8771478
1701422630108, 2023-12-01T09:23:50.108Z, 546.7517418, 324.3417888
1701422630122, 2023-12-01T09:23:50.122Z, 548.3010234, 331.364818
1701422630153, 2023-12-01T09:23:50.153Z, 551.1661252, 334.2022336
1701422630168, 2023-12-01T09:23:50.168Z, 554.3597802, 335.9902538
1701422630187, 2023-12-01T09:23:50.187Z, 558.8712009999999, 335.591032
1701422630215, 2023-12-01T09:23:50.215Z, 559.8204462000001, 330.25982519999997
1701422630246, 2023-12-01T09:23:50.246Z, 559.777837, 326.7696496
1701422630246, 2023-12-01T09:23:50.246Z, 559.3857883999999, 324.70225880000004
1701422630277, 2023-12-01T09:23:50.277Z, 559.3902922, 322.2724506
1701422630294, 2023-12-01T09:23:50.294Z, 559.2830587999999, 320.4196804
1701422630336, 2023-12-01T09:23:50.336Z, 554.5336996, 311.6959528
1701422630358, 2023-12-01T09:23:50.358Z, 550.7932385999999, 303.7991842
1701422630374, 2023-12-01T09:23:50.374Z, 544.5521222, 293.0239168
1701422630387, 2023-12-01T09:23:50.387Z, 535.4326285999999, 290.0480402
1701422630404, 2023-12-01T09:23:50.404Z, 519.8563944, 299.70557879999996
1701422630419, 2023-12-01T09:23:50.419Z, 509.1547349999999, 318.587061
1701422630434, 2023-12-01T09:23:50.434Z, 495.9704312, 338.3193748
1701422630450, 2023-12-01T09:23:50.450Z, 487.6414774, 357.79822580000007
1701422630467, 2023-12-01T09:23:50.467Z, 481.3781506, 368.0766754
1701422630501, 2023-12-01T09:23:50.501Z, 487.61128099999996, 352.836301
1701422630515, 2023-12-01T09:23:50.515Z, 492.7919984, 335.41088039999994
1701422630546, 2023-12-01T09:23:50.546Z, 530.0245778000001, 294.21220300000004
1701422630574, 2023-12-01T09:23:50.574Z, 565.0919808000001, 258.70862079999995
1701422630653, 2023-12-01T09:23:50.653Z, 583.9507864, 237.5499878
1701422630683, 2023-12-01T09:23:50.683Z, 713.928191, 275.2787652
1701422630699, 2023-12-01T09:23:50.699Z, 854.2082264000001, 296.84501140000003
1701422630747, 2023-12-01T09:23:50.747Z, 970.7392474000001, 328.48943399999996
1701422630786, 2023-12-01T09:23:50.786Z, 1097.2459556000001, 349.6819588
1701422630871, 2023-12-01T09:23:50.871Z, 1262.8961172, 370.76592300000004
1701422630886, 2023-12-01T09:23:50.886Z, 1311.4711672, 346.48665
1701422630902, 2023-12-01T09:23:50.902Z, 1345.8612234, 369.641448
1701422630917, 2023-12-01T09:23:50.917Z, 1370.5030606, 413.46519420000004
1701422630952, 2023-12-01T09:23:50.952Z, 1386.1066741999998, 458.05822800000004
1701422630982, 2023-12-01T09:23:50.982Z, 1386.6282078, 489.4554984
1701422631012, 2023-12-01T09:23:51.012Z, 1384.362731, 515.1295248
1701422631027, 2023-12-01T09:23:51.027Z, 1388.3353278, 511.60381420000004
1701422631043, 2023-12-01T09:23:51.043Z, 1400.796097, 497.4979386000001
1701422631061, 2023-12-01T09:23:51.061Z, 1410.8227926, 491.32301559999996
1701422631099, 2023-12-01T09:23:51.099Z, 1411.6939936, 469.3533498
1701422631154, 2023-12-01T09:23:51.154Z, 1414.8042487999999, 463.8800432
1701422631204, 2023-12-01T09:23:51.204Z, 1411.8355569999999, 471.761553
1701422631249, 2023-12-01T09:23:51.249Z, 1402.3045516000002, 483.1872206
1701422631296, 2023-12-01T09:23:51.296Z, 1397.1331000000002, 494.8670558
1701422631329, 2023-12-01T09:23:51.329Z, 1395.8799216000002, 513.5134873999999
1701422631423, 2023-12-01T09:23:51.423Z, 1423.7679148000002, 532.742664
1701422631468, 2023-12-01T09:23:51.468Z, 1452.973995, 534.4443264
1701422631499, 2023-12-01T09:23:51.499Z, 1481.7678552000002, 534.9661272000001
1701422631515, 2023-12-01T09:23:51.515Z, 1507.116835, 534.533741
1701422631539, 2023-12-01T09:23:51.539Z, 1515.8958091999998, 546.3295556
1701422631561, 2023-12-01T09:23:51.561Z, 1493.2636634, 547.8116324
1701422631577, 2023-12-01T09:23:51.577Z, 1476.5357292, 549.1372748
1701422631593, 2023-12-01T09:23:51.593Z, 1470.1059782, 550.8782356
1701422631608, 2023-12-01T09:23:51.608Z, 1462.3611872000001, 549.1667372
1701422631625, 2023-12-01T09:23:51.625Z, 1468.1794369999998, 545.4420005999999
1701422631657, 2023-12-01T09:23:51.657Z, 1471.7483803999999, 543.9902222000001
1701422631686, 2023-12-01T09:23:51.686Z, 1450.8883446, 562.7459707999999
1701422631735, 2023-12-01T09:23:51.735Z, 1430.188008, 581.5121166
1701422631749, 2023-12-01T09:23:51.749Z, 1432.1386122, 592.8599734000001
1701422631779, 2023-12-01T09:23:51.779Z, 1410.664767, 607.6186436
1701422631795, 2023-12-01T09:23:51.795Z, 1419.4753802, 612.2322514
1701422631810, 2023-12-01T09:23:51.810Z, 1440.2074356, 602.5876350000001
1701422631833, 2023-12-01T09:23:51.833Z, 1425.2276424, 593.0279472
1701422631850, 2023-12-01T09:23:51.850Z, 1374.5937902, 595.9821714
1701422631873, 2023-12-01T09:23:51.873Z, 1338.6271658, 606.342981
1701422631902, 2023-12-01T09:23:51.902Z, 1269.210188, 620.5511779999999
1701422631918, 2023-12-01T09:23:51.918Z, 1171.1520058, 648.2095956000001
1701422631934, 2023-12-01T09:23:51.934Z, 1103.0695798000002, 666.0301188000001
1701422631949, 2023-12-01T09:23:51.949Z, 1055.4554426, 680.6311226
1701422631964, 2023-12-01T09:23:51.964Z, 1016.7908712000001, 686.051616
1701422631987, 2023-12-01T09:23:51.987Z, 992.0016149999999, 692.0923156
1701422632012, 2023-12-01T09:23:52.012Z, 1019.371556, 680.8015619999999
1701422632027, 2023-12-01T09:23:52.027Z, 1057.7646546, 673.819227
1701422632044, 2023-12-01T09:23:52.044Z, 1085.312554, 671.2352556
1701422632058, 2023-12-01T09:23:52.058Z, 1115.457678, 666.8455343999999
1701422632074, 2023-12-01T09:23:52.074Z, 1152.6675438, 665.4931817999999
1701422632090, 2023-12-01T09:23:52.090Z, 1182.0993904000002, 663.6760817999999
1701422632106, 2023-12-01T09:23:52.106Z, 1195.6948040000002, 671.5351373999999
1701422632137, 2023-12-01T09:23:52.137Z, 1215.8533576, 676.7198074
1701422632154, 2023-12-01T09:23:52.154Z, 1235.5466887999999, 681.8884209999999
1701422632169, 2023-12-01T09:23:52.169Z, 1251.2600342, 684.6921454
1701422632185, 2023-12-01T09:23:52.185Z, 1260.349353, 688.423347
1701422632201, 2023-12-01T09:23:52.201Z, 1273.0726244, 687.1878898
1701422632218, 2023-12-01T09:23:52.218Z, 1280.5158142, 684.4713214000001
1701422632232, 2023-12-01T09:23:52.232Z, 1283.6859654, 684.0642248
1701422632248, 2023-12-01T09:23:52.248Z, 1277.9743252, 686.149203
1701422632263, 2023-12-01T09:23:52.263Z, 1270.8576934, 688.404672
1701422632283, 2023-12-01T09:23:52.283Z, 1260.2828458, 689.4793442
1701422632311, 2023-12-01T09:23:52.311Z, 1239.2378674, 695.4081776
1701422632327, 2023-12-01T09:23:52.327Z, 1218.2861847999998, 695.3667898
1701422632342, 2023-12-01T09:23:52.342Z, 1200.0290455999998, 698.8099728
1701422632358, 2023-12-01T09:23:52.358Z, 1195.9297419999998, 701.0451151999999
1701422632374, 2023-12-01T09:23:52.374Z, 1192.5744532, 704.6160464000001
1701422632392, 2023-12-01T09:23:52.392Z, 1219.0758062, 698.8571978000001
1701422632421, 2023-12-01T09:23:52.421Z, 1245.579329, 699.0378262
1701422632438, 2023-12-01T09:23:52.438Z, 1271.0028690000001, 694.6066930000001
1701422632451, 2023-12-01T09:23:52.451Z, 1279.7494706, 692.293414
1701422632466, 2023-12-01T09:23:52.466Z, 1292.7678896000002, 688.298912
1701422632500, 2023-12-01T09:23:52.500Z, 1288.6635416, 696.291309
1701422632514, 2023-12-01T09:23:52.514Z, 1292.191953, 699.7541922
1701422632531, 2023-12-01T09:23:52.531Z, 1293.2680028, 702.6707718
1701422632546, 2023-12-01T09:23:52.546Z, 1290.5904712000001, 703.8317838
1701422632589, 2023-12-01T09:23:52.589Z, 1285.3413894, 705.1863666
1701422632608, 2023-12-01T09:23:52.608Z, 1277.3323504, 699.6948484000001
1701422632623, 2023-12-01T09:23:52.623Z, 1263.1950112, 697.6561538
1701422632640, 2023-12-01T09:23:52.640Z, 1249.1370365999999, 694.2524956
1701422632657, 2023-12-01T09:23:52.657Z, 1241.1100027999998, 687.9648572
1701422632672, 2023-12-01T09:23:52.672Z, 1234.3820036000002, 685.0429888000001
1701422632686, 2023-12-01T09:23:52.686Z, 1228.289058, 680.5709838
1701422632717, 2023-12-01T09:23:52.717Z, 1228.6553634, 685.5093622
1701422632765, 2023-12-01T09:23:52.765Z, 1220.2554768, 695.8651198
1701422632780, 2023-12-01T09:23:52.780Z, 1204.7370142, 707.8085944000001
1701422632811, 2023-12-01T09:23:52.811Z, 1177.7806092, 716.0751786
1701422632827, 2023-12-01T09:23:52.827Z, 1155.8076482000001, 726.6510726
1701422632842, 2023-12-01T09:23:52.842Z, 1149.7670166, 723.4408192
1701422632858, 2023-12-01T09:23:52.858Z, 1152.1601882, 714.9203256
1701422632885, 2023-12-01T09:23:52.885Z, 1155.7962860000002, 708.214446
1701422632905, 2023-12-01T09:23:52.905Z, 1170.1932144000002, 699.0023252
1701422632921, 2023-12-01T09:23:52.921Z, 1187.3942202000003, 689.9556141999999
1701422632939, 2023-12-01T09:23:52.939Z, 1194.1001093999998, 682.2867236000001
1701422632967, 2023-12-01T09:23:52.967Z, 1199.3170954, 673.7994976000001
1701422632985, 2023-12-01T09:23:52.985Z, 1216.604747, 665.1970288
1701422633003, 2023-12-01T09:23:53.003Z, 1230.8450698000001, 650.1124572000001
1701422633039, 2023-12-01T09:23:53.039Z, 1244.298256, 635.4025257999999
1701422633060, 2023-12-01T09:23:53.060Z, 1244.9434878, 621.7294388
1701422633076, 2023-12-01T09:23:53.076Z, 1255.7423756, 619.3576884
1701422633107, 2023-12-01T09:23:53.107Z, 1262.768777, 617.8687462
1701422633136, 2023-12-01T09:23:53.136Z, 1265.0746608000002, 623.8908622000001
1701422633152, 2023-12-01T09:23:53.152Z, 1263.9761264, 630.2130483999999
1701422633167, 2023-12-01T09:23:53.167Z, 1264.4251732, 640.4545072000001
1701422633215, 2023-12-01T09:23:53.215Z, 1252.6133616000002, 645.5596128000001
1701422633231, 2023-12-01T09:23:53.231Z, 1232.1941454, 652.6401314000001
1701422633246, 2023-12-01T09:23:53.246Z, 1195.1936106, 660.5216782
1701422633262, 2023-12-01T09:23:53.262Z, 1155.5251952, 668.9742249999999
1701422633277, 2023-12-01T09:23:53.277Z, 1108.5070192, 672.896152
1701422633310, 2023-12-01T09:23:53.310Z, 1067.6409592, 674.4259682
1701422633340, 2023-12-01T09:23:53.340Z, 1040.8256496, 677.6888876
1701422633358, 2023-12-01T09:23:53.358Z, 1038.5179626, 681.9258285999999
1701422633375, 2023-12-01T09:23:53.375Z, 1044.1003516, 680.524345
1701422633387, 2023-12-01T09:23:53.387Z, 1056.4817272, 682.5882506
1701422633402, 2023-12-01T09:23:53.402Z, 1070.1772614000001, 685.010895
1701422633417, 2023-12-01T09:23:53.417Z, 1078.7074996, 682.7422198
1701422633435, 2023-12-01T09:23:53.435Z, 1082.9640332, 681.4408270000001
1701422633449, 2023-12-01T09:23:53.449Z, 1078.9930608, 684.4331158000001
1701422633464, 2023-12-01T09:23:53.464Z, 1076.5163962, 686.0616384000001
1701422633488, 2023-12-01T09:23:53.488Z, 1071.0005602, 684.9373188
1701422633511, 2023-12-01T09:23:53.511Z, 1064.0260733999999, 683.4835046
1701422633526, 2023-12-01T09:23:53.526Z, 1059.4435543999998, 680.6777497999999
1701422633542, 2023-12-01T09:23:53.542Z, 1057.7991702, 676.5186349999999
1701422633559, 2023-12-01T09:23:53.559Z, 1054.3656442, 671.5359396
1701422633573, 2023-12-01T09:23:53.573Z, 1052.3032638, 669.183212
1701422633589, 2023-12-01T09:23:53.589Z, 1055.3308348, 668.1956494
1701422633608, 2023-12-01T09:23:53.608Z, 1075.0215028, 671.5360291999999
1701422633654, 2023-12-01T09:23:53.654Z, 1101.2825361999999, 676.5958555999999
1701422633668, 2023-12-01T09:23:53.668Z, 1133.679162, 675.0238216
1701422633700, 2023-12-01T09:23:53.700Z, 1187.1227946, 672.622196
1701422633715, 2023-12-01T09:23:53.715Z, 1244.9351852000002, 664.5678894
1701422633748, 2023-12-01T09:23:53.748Z, 1298.1573904000002, 655.1742672
1701422633763, 2023-12-01T09:23:53.763Z, 1348.2816856000002, 642.0959868
1701422633935, 2023-12-01T09:23:53.935Z, 1384.9587686, 630.691333
1701422633967, 2023-12-01T09:23:53.967Z, 1390.2769682, 626.8550359999999
1701422633986, 2023-12-01T09:23:53.986Z, 1389.6819218, 626.3818021999999
1701422634014, 2023-12-01T09:23:54.014Z, 1375.5118064000003, 620.5024518
1701422634029, 2023-12-01T09:23:54.029Z, 1357.154832, 616.4931696000001
1701422634060, 2023-12-01T09:23:54.060Z, 1346.7985262, 616.9202314
1701422634106, 2023-12-01T09:23:54.106Z, 1344.7465616, 607.5890838
1701422634122, 2023-12-01T09:23:54.122Z, 1339.8013614, 599.1737776
1701422634153, 2023-12-01T09:23:54.153Z, 1335.0815263999998, 595.7483894000001
1701422634168, 2023-12-01T09:23:54.168Z, 1330.1197612, 595.7141374
1701422634199, 2023-12-01T09:23:54.199Z, 1326.3596882, 595.8284076
1701422634215, 2023-12-01T09:23:54.215Z, 1323.7619596, 597.1132719999999
1701422634235, 2023-12-01T09:23:54.235Z, 1314.625383, 595.371431
1701422634261, 2023-12-01T09:23:54.261Z, 1304.4306182, 590.7246226
1701422634281, 2023-12-01T09:23:54.281Z, 1289.8871894, 582.6072268
1701422634309, 2023-12-01T09:23:54.309Z, 1273.289102, 573.1419278
1701422634341, 2023-12-01T09:23:54.341Z, 1264.8659794, 562.7791352
1701422634387, 2023-12-01T09:23:54.387Z, 1271.2838319999998, 561.5524894
1701422634417, 2023-12-01T09:23:54.417Z, 1260.1882082, 572.4032638
1701422634433, 2023-12-01T09:23:54.433Z, 1237.6241343999998, 589.1311918
1701422634449, 2023-12-01T09:23:54.449Z, 1209.1770057999997, 606.2315436000001
1701422634463, 2023-12-01T09:23:54.463Z, 1166.9079835999999, 629.762201
1701422634479, 2023-12-01T09:23:54.479Z, 1118.8612282000001, 643.6053966
1701422634511, 2023-12-01T09:23:54.511Z, 1089.5717028000001, 649.2097308
1701422634556, 2023-12-01T09:23:54.556Z, 1082.4582083999999, 637.1957914000001
1701422634571, 2023-12-01T09:23:54.571Z, 1082.0208464, 628.787098
1701422634588, 2023-12-01T09:23:54.588Z, 1090.079156, 622.040758
1701422634618, 2023-12-01T09:23:54.618Z, 1093.0686596, 618.3886418
1701422634632, 2023-12-01T09:23:54.632Z, 1095.7819698, 617.3736398
1701422634662, 2023-12-01T09:23:54.662Z, 1089.1858068, 627.0478203999999
1701422634685, 2023-12-01T09:23:54.685Z, 1079.3915606, 633.8620695999999
1701422634709, 2023-12-01T09:23:54.709Z, 1065.6788528, 634.9953354000002
1701422634725, 2023-12-01T09:23:54.725Z, 1055.3088492000002, 638.4582893999999
1701422634741, 2023-12-01T09:23:54.741Z, 1046.7226346, 640.3312406000001
1701422634755, 2023-12-01T09:23:54.755Z, 1041.9080528000002, 643.5163186
1701422634776, 2023-12-01T09:23:54.776Z, 1041.963261, 648.5289466
1701422634788, 2023-12-01T09:23:54.788Z, 1043.3483354, 648.4561526
1701422634802, 2023-12-01T09:23:54.802Z, 1044.2302519999998, 646.0319588
1701422634838, 2023-12-01T09:23:54.838Z, 1037.2703714, 640.7162462
1701422634865, 2023-12-01T09:23:54.865Z, 956.4761607999999, 625.0714433999999
1701422634897, 2023-12-01T09:23:54.897Z, 798.8721782, 578.6619034
1701422634912, 2023-12-01T09:23:54.912Z, 612.392322, 528.574706
1701422634927, 2023-12-01T09:23:54.927Z, 428.11518860000007, 483.04694639999997
1701422634942, 2023-12-01T09:23:54.942Z, 251.4844826, 434.9472796
1701422634959, 2023-12-01T09:23:54.959Z, 150.4181148, 404.97253359999996
1701422634982, 2023-12-01T09:23:54.982Z, 123.5423816, 403.3608696
1701422635004, 2023-12-01T09:23:55.004Z, 126.7138386, 414.1432038
1701422635018, 2023-12-01T09:23:55.018Z, 126.90744620000001, 422.3679156
1701422635036, 2023-12-01T09:23:55.036Z, 126.89839279999998, 431.8463538
1701422635050, 2023-12-01T09:23:55.050Z, 125.28026179999999, 435.45886499999995
1701422635065, 2023-12-01T09:23:55.065Z, 126.24401379999999, 441.2522334
1701422635081, 2023-12-01T09:23:55.081Z, 124.1723066, 438.804388
1701422635096, 2023-12-01T09:23:55.096Z, 124.952317, 432.7323812000001
1701422635111, 2023-12-01T09:23:55.111Z, 138.8873216, 435.136091
1701422635315, 2023-12-01T09:23:55.315Z, 121.75844319999999, 447.1794704
1701422635344, 2023-12-01T09:23:55.344Z, 134.135681, 461.093587
1701422635376, 2023-12-01T09:23:55.376Z, 138.5369904, 475.9955032
1701422635391, 2023-12-01T09:23:55.391Z, 135.3695504, 490.1828716
1701422635407, 2023-12-01T09:23:55.407Z, 111.345867, 494.2813368
1701422635453, 2023-12-01T09:23:55.453Z, 114.78276439999999, 486.32334199999997
1701422635468, 2023-12-01T09:23:55.468Z, 90.91260059999999, 476.8518424
1701422635500, 2023-12-01T09:23:55.500Z, 68.4661566, 469.8101004
1701422635515, 2023-12-01T09:23:55.515Z, 55.675539, 467.1415559999999
1701422635546, 2023-12-01T09:23:55.546Z, 61.0555118, 464.5656878
1701422635563, 2023-12-01T09:23:55.563Z, 78.9747838, 461.75476660000004
1701422635586, 2023-12-01T09:23:55.586Z, 128.0498278, 457.992666
1701422635609, 2023-12-01T09:23:55.609Z, 187.46802200000002, 454.7633672
1701422635640, 2023-12-01T09:23:55.640Z, 254.17214199999998, 450.05807459999994
1701422635655, 2023-12-01T09:23:55.655Z, 308.3973934, 447.6527604
1701422635673, 2023-12-01T09:23:55.673Z, 354.4315676, 446.646115
1701422635687, 2023-12-01T09:23:55.687Z, 362.2702094, 444.5629556
1701422635702, 2023-12-01T09:23:55.702Z, 370.91927899999996, 446.75787440000005
1701422635718, 2023-12-01T09:23:55.718Z, 360.7314902, 459.2635896
1701422635737, 2023-12-01T09:23:55.737Z, 354.6612854, 473.63821019999995
1701422635749, 2023-12-01T09:23:55.749Z, 345.8498958, 481.50394400000005
1701422635765, 2023-12-01T09:23:55.765Z, 346.51357340000004, 491.7921808
1701422635780, 2023-12-01T09:23:55.780Z, 342.059518, 500.2021936
1701422635796, 2023-12-01T09:23:55.796Z, 335.6101464, 488.6850224
1701422635812, 2023-12-01T09:23:55.812Z, 327.948609, 473.87583320000005
1701422635826, 2023-12-01T09:23:55.826Z, 328.4002666, 467.08166620000003
1701422635843, 2023-12-01T09:23:55.843Z, 318.631899, 459.2532576
1701422635858, 2023-12-01T09:23:55.858Z, 318.077986, 451.020993
1701422635881, 2023-12-01T09:23:55.881Z, 324.8148596, 451.5103618
1701422635905, 2023-12-01T09:23:55.905Z, 335.2224706, 454.944219
1701422635920, 2023-12-01T09:23:55.920Z, 338.2543686, 455.7913004
1701422635937, 2023-12-01T09:23:55.937Z, 341.8999322000001, 456.5254552
1701422635952, 2023-12-01T09:23:55.952Z, 338.2218452000001, 455.3726294
1701422635966, 2023-12-01T09:23:55.966Z, 336.8453278, 455.7215712
1701422635982, 2023-12-01T09:23:55.982Z, 328.7802644, 455.0353546
1701422635998, 2023-12-01T09:23:55.998Z, 320.40588740000004, 455.32808439999997
1701422636013, 2023-12-01T09:23:56.013Z, 316.5365602, 455.27951659999997
1701422636037, 2023-12-01T09:23:56.037Z, 313.0361202, 455.2802116000001
1701422636062, 2023-12-01T09:23:56.062Z, 311.3452288, 456.0591922
1701422636078, 2023-12-01T09:23:56.078Z, 306.22062100000005, 457.3816818
1701422636093, 2023-12-01T09:23:56.093Z, 301.5710230000001, 464.43528200000003
1701422636108, 2023-12-01T09:23:56.108Z, 293.96831979999996, 471.0930642
1701422636124, 2023-12-01T09:23:56.124Z, 249.350212, 482.82136460000004
1701422636144, 2023-12-01T09:23:56.144Z, 196.91169680000002, 495.66406539999997
1701422636155, 2023-12-01T09:23:56.155Z, 152.5736042, 514.4703884
1701422636195, 2023-12-01T09:23:56.195Z, 106.6633488, 536.0579586000001
1701422636237, 2023-12-01T09:23:56.237Z, 54.71208600000001, 553.1133073999999
1701422636252, 2023-12-01T09:23:56.252Z, 40.2867768, 564.5454036
1701422636285, 2023-12-01T09:23:56.285Z, 34.822951800000006, 575.5167611999999
1701422636310, 2023-12-01T09:23:56.310Z, 26.1335332, 579.684896
1701422636375, 2023-12-01T09:23:56.375Z, 16.1424766, 577.7826693999999
1701422636898, 2023-12-01T09:23:56.898Z, 50.5698292, 609.1684554
1701422636994, 2023-12-01T09:23:56.994Z, 300.26297400000004, 591.5732022
1701422637008, 2023-12-01T09:23:57.008Z, 521.7144928, 596.9332400000001
1701422637023, 2023-12-01T09:23:57.023Z, 742.8379268000001, 608.5307054000001
1701422637038, 2023-12-01T09:23:57.038Z, 961.3060296, 621.967506
1701422637055, 2023-12-01T09:23:57.055Z, 1156.6249997999998, 597.7589124
1701422637136, 2023-12-01T09:23:57.136Z, 1119.8534553999998, 605.943305
1701422637150, 2023-12-01T09:23:57.150Z, 1103.7928352000001, 592.8614676
1701422637197, 2023-12-01T09:23:57.197Z, 1092.7539846, 586.7887162
1701422637232, 2023-12-01T09:23:57.232Z, 1088.7972452, 580.1840106
1701422637274, 2023-12-01T09:23:57.274Z, 1070.1464151999999, 582.1954796
1701422637305, 2023-12-01T09:23:57.305Z, 1072.967751, 603.411795
1701422637321, 2023-12-01T09:23:57.321Z, 1079.105632, 622.3433852000001
1701422637353, 2023-12-01T09:23:57.353Z, 1081.1530516, 633.5626188
1701422637369, 2023-12-01T09:23:57.369Z, 1085.3696654, 646.0515929999999
1701422637400, 2023-12-01T09:23:57.400Z, 1104.4762238, 668.678148
1701422637415, 2023-12-01T09:23:57.415Z, 1119.2289292, 689.7519042
1701422637433, 2023-12-01T09:23:57.433Z, 1135.4558022, 716.1617146000001
1701422637447, 2023-12-01T09:23:57.447Z, 1144.8413392, 739.805334
1701422637479, 2023-12-01T09:23:57.479Z, 1152.9354896, 757.9837918000001
1701422637495, 2023-12-01T09:23:57.495Z, 1148.6978139999999, 768.9945905999999
1701422637531, 2023-12-01T09:23:57.531Z, 1156.9529158, 780.8778426
1701422637553, 2023-12-01T09:23:57.553Z, 1160.8364446, 785.0873835999998
1701422637574, 2023-12-01T09:23:57.574Z, 1170.0144444, 780.6716396
1701422637590, 2023-12-01T09:23:57.590Z, 1184.20746, 779.8740174000001
1701422637622, 2023-12-01T09:23:57.622Z, 1220.9723304, 786.168105
1701422637637, 2023-12-01T09:23:57.637Z, 1242.7365868, 787.7157228
1701422637672, 2023-12-01T09:23:57.672Z, 1287.4902664, 786.9608632
1701422637715, 2023-12-01T09:23:57.715Z, 1322.831507, 800.049953
1701422637747, 2023-12-01T09:23:57.747Z, 1331.2345302, 813.9823303999999
1701422637762, 2023-12-01T09:23:57.762Z, 1314.7823336000001, 820.679571
1701422637793, 2023-12-01T09:23:57.793Z, 1301.4084488, 836.5100136000001
1701422637849, 2023-12-01T09:23:57.849Z, 1268.1354292, 857.3837873999998
1701422637886, 2023-12-01T09:23:57.886Z, 1245.3618724, 866.8488856
1701422637902, 2023-12-01T09:23:57.902Z, 1246.4896394, 871.2518266
1701422637934, 2023-12-01T09:23:57.934Z, 1248.4756028, 870.6769944
1701422637948, 2023-12-01T09:23:57.948Z, 1237.4650026, 860.2193801999999
1701422637965, 2023-12-01T09:23:57.965Z, 1226.4942266000003, 847.7550488
1701422637987, 2023-12-01T09:23:57.987Z, 1214.0939524, 839.7574758000001
1701422638011, 2023-12-01T09:23:58.011Z, 1197.259038, 837.269645
1701422638027, 2023-12-01T09:23:58.027Z, 1180.8440742, 845.3201317999999
1701422638042, 2023-12-01T09:23:58.042Z, 1167.6932160000001, 851.7709725999999
1701422638062, 2023-12-01T09:23:58.062Z, 1155.9944588000003, 853.9425160000001
1701422638090, 2023-12-01T09:23:58.090Z, 1146.5896268000001, 854.9792729999999
1701422638107, 2023-12-01T09:23:58.107Z, 1136.899077, 847.0259395999999
1701422638140, 2023-12-01T09:23:58.140Z, 1132.0848002, 820.717806
1701422638149, 2023-12-01T09:23:58.149Z, 1135.7896198, 799.6267764
1701422638181, 2023-12-01T09:23:58.181Z, 1139.3249596, 786.1445976
1701422638196, 2023-12-01T09:23:58.196Z, 1130.095398, 787.5968546
1701422638211, 2023-12-01T09:23:58.211Z, 1126.015207, 790.9096888
1701422638227, 2023-12-01T09:23:58.227Z, 1113.2156181999999, 808.3714706
1701422638242, 2023-12-01T09:23:58.242Z, 1096.95346, 826.6913906
1701422638257, 2023-12-01T09:23:58.257Z, 1078.2512024, 844.3575872000001
1701422638286, 2023-12-01T09:23:58.286Z, 1057.8983812, 844.3831428
1701422638304, 2023-12-01T09:23:58.304Z, 1033.0041813999999, 847.0985978000001
1701422638319, 2023-12-01T09:23:58.319Z, 1018.4667802, 844.3731224
1701422638335, 2023-12-01T09:23:58.335Z, 1017.9325226000001, 824.6985798
1701422638351, 2023-12-01T09:23:58.351Z, 1024.5972438000001, 797.9198426
1701422638367, 2023-12-01T09:23:58.367Z, 1048.9168316, 774.8403922
1701422638382, 2023-12-01T09:23:58.382Z, 1077.3846067999998, 752.0640204
1701422638397, 2023-12-01T09:23:58.397Z, 1099.8850996, 732.5072035999999
1701422638437, 2023-12-01T09:23:58.437Z, 1122.3192898, 746.4743512
1701422638477, 2023-12-01T09:23:58.477Z, 1139.4740359999998, 773.9199486
1701422638492, 2023-12-01T09:23:58.492Z, 1152.6621186, 798.8527852
1701422638512, 2023-12-01T09:23:58.512Z, 1165.1919064, 826.0428508000001
1701422638539, 2023-12-01T09:23:58.539Z, 1185.1619342, 850.2501133999998
1701422638558, 2023-12-01T09:23:58.558Z, 1191.5885372, 857.5588924
1701422638602, 2023-12-01T09:23:58.602Z, 1194.4828051999998, 854.97074
1701422638618, 2023-12-01T09:23:58.618Z, 1199.2031694, 854.0891738
1701422638649, 2023-12-01T09:23:58.649Z, 1196.8903764, 851.2228778000001
1701422638664, 2023-12-01T09:23:58.664Z, 1185.4160155999998, 849.7689962000001
1701422638680, 2023-12-01T09:23:58.680Z, 1175.3360966, 847.6949308
1701422638695, 2023-12-01T09:23:58.695Z, 1169.0424179999998, 843.6230012
1701422638711, 2023-12-01T09:23:58.711Z, 1161.9897019999999, 836.6963646
1701422638736, 2023-12-01T09:23:58.736Z, 1139.3170821999997, 809.7963724
1701422638758, 2023-12-01T09:23:58.758Z, 1116.8583257999999, 782.1294172
1701422638795, 2023-12-01T09:23:58.795Z, 1110.1176957999999, 760.1040458
1701422638807, 2023-12-01T09:23:58.807Z, 1108.5510582, 738.2678204
1701422638852, 2023-12-01T09:23:58.852Z, 1118.5294684, 718.3112272000001
1701422639069, 2023-12-01T09:23:59.069Z, 1164.0781068, 741.0787092
1701422639115, 2023-12-01T09:23:59.115Z, 1232.6735743999998, 754.9815832
1701422639147, 2023-12-01T09:23:59.147Z, 1276.1906986, 760.0829096
1701422639161, 2023-12-01T09:23:59.161Z, 1313.335311, 768.2047272
1701422639188, 2023-12-01T09:23:59.188Z, 1329.8991344, 775.7407499999999
1701422639201, 2023-12-01T09:23:59.201Z, 1330.451294, 760.5292634
1701422639239, 2023-12-01T09:23:59.239Z, 1309.1139904, 755.3525857999999
1701422639254, 2023-12-01T09:23:59.254Z, 1298.2013664, 754.0085139999999
1701422639285, 2023-12-01T09:23:59.285Z, 1286.3714216, 757.8925161999999
1701422639302, 2023-12-01T09:23:59.302Z, 1289.5850786, 775.3739212
1701422639338, 2023-12-01T09:23:59.338Z, 1293.4855764, 793.3194018
1701422639364, 2023-12-01T09:23:59.364Z, 1294.3848191999998, 810.2702914
1701422639379, 2023-12-01T09:23:59.379Z, 1292.4035224, 822.8452504
1701422639395, 2023-12-01T09:23:59.395Z, 1298.7646883999998, 832.7650606
1701422639411, 2023-12-01T09:23:59.411Z, 1300.0979404000002, 831.1876082000001
1701422639441, 2023-12-01T09:23:59.441Z, 1299.9463582, 827.8366476000001
1701422639457, 2023-12-01T09:23:59.457Z, 1300.9883488, 828.40954
1701422639519, 2023-12-01T09:23:59.519Z, 1294.6280252000001, 834.1357608000001
1701422639534, 2023-12-01T09:23:59.534Z, 1270.3748196000001, 835.7402532
1701422639550, 2023-12-01T09:23:59.550Z, 1259.6608324000001, 832.4191532000001
1701422639565, 2023-12-01T09:23:59.565Z, 1252.9523316, 823.1882810000001
1701422639600, 2023-12-01T09:23:59.600Z, 1250.8708042, 809.6517772
1701422639612, 2023-12-01T09:23:59.612Z, 1260.0839591999998, 798.5740318000001
1701422639636, 2023-12-01T09:23:59.636Z, 1280.0513556, 792.8310908
1701422639659, 2023-12-01T09:23:59.659Z, 1282.6276516, 787.2544088
1701422639690, 2023-12-01T09:23:59.690Z, 1279.2031958, 781.9224846000001
1701422639705, 2023-12-01T09:23:59.705Z, 1273.1379194, 779.1416738
1701422639753, 2023-12-01T09:23:59.753Z, 1267.717271, 775.8349466
1701422639769, 2023-12-01T09:23:59.769Z, 1262.0439875999998, 768.9932907999998
1701422639788, 2023-12-01T09:23:59.788Z, 1274.27316, 768.2682511999999
1701422639832, 2023-12-01T09:23:59.832Z, 1289.4779088, 775.423338
1701422639862, 2023-12-01T09:23:59.862Z, 1300.9424815999998, 790.0473204000001
1701422639877, 2023-12-01T09:23:59.877Z, 1310.5155042, 799.91526
1701422639908, 2023-12-01T09:23:59.908Z, 1322.2756902, 811.2339402
1701422639955, 2023-12-01T09:23:59.955Z, 1333.8828604, 811.1541058
1701422639969, 2023-12-01T09:23:59.969Z, 1345.524179, 808.3676752
1701425678013, 2023-12-01T10:14:38.013Z, 1281.9719422, 405.985337
1701425678029, 2023-12-01T10:14:38.029Z, 1289.4401925999998, 406.6780218
1701425678044, 2023-12-01T10:14:38.044Z, 1294.4391698, 403.69481179999997
1701425678061, 2023-12-01T10:14:38.061Z, 1299.835897, 404.3414966
1701425678077, 2023-12-01T10:14:38.077Z, 1303.6831888, 405.30474939999993
1701425678091, 2023-12-01T10:14:38.091Z, 1305.5695532, 399.0294496
1701425678120, 2023-12-01T10:14:38.120Z, 1300.8126494, 396.73968460000003
1701425678140, 2023-12-01T10:14:38.140Z, 1288.7106216, 404.8649164
1701425678156, 2023-12-01T10:14:38.156Z, 1272.568805, 413.9823044000001
1701425678172, 2023-12-01T10:14:38.172Z, 1255.3757634, 425.9274856
1701425678188, 2023-12-01T10:14:38.188Z, 1231.6669608, 443.6454592
1701425678206, 2023-12-01T10:14:38.206Z, 1217.5312866, 460.61997040000006
1701425678221, 2023-12-01T10:14:38.221Z, 1209.9539608, 472.91246200000006
1701425678239, 2023-12-01T10:14:38.239Z, 1204.0896785999998, 481.90201859999996
1701425678264, 2023-12-01T10:14:38.264Z, 1197.8171124, 488.8480042
1701425678281, 2023-12-01T10:14:38.281Z, 1199.5461154, 494.47974940000006
1701425678298, 2023-12-01T10:14:38.298Z, 1196.211938, 496.42719639999996
1701425678313, 2023-12-01T10:14:38.313Z, 1191.2990746, 497.07167680000003
1701425678330, 2023-12-01T10:14:38.330Z, 1196.3017462000003, 495.8560326
1701425678344, 2023-12-01T10:14:38.344Z, 1202.5316830000002, 496.25404360000005
1701425678360, 2023-12-01T10:14:38.360Z, 1204.802605, 494.27880619999996
1701425678376, 2023-12-01T10:14:38.376Z, 1207.5401812, 492.6712882
1701425678392, 2023-12-01T10:14:38.392Z, 1211.129964, 491.66454139999996
1701425678440, 2023-12-01T10:14:38.440Z, 1205.2373943999999, 490.05001920000007
1701425678456, 2023-12-01T10:14:38.456Z, 1196.4521711999998, 487.7254094
1701425678487, 2023-12-01T10:14:38.487Z, 1173.452022, 487.0882272
1701425678503, 2023-12-01T10:14:38.503Z, 1145.1371356, 487.2165304
1701425678535, 2023-12-01T10:14:38.535Z, 1115.9806896, 487.528186
1701425678566, 2023-12-01T10:14:38.566Z, 1075.5236553999998, 492.5493186
1701425678581, 2023-12-01T10:14:38.581Z, 1039.1519524, 497.0806278
1701425678614, 2023-12-01T10:14:38.614Z, 1021.8099932000001, 500.83069439999997
1701425678645, 2023-12-01T10:14:38.645Z, 1029.646271, 501.88727959999994
1701425678662, 2023-12-01T10:14:38.662Z, 1037.6294526, 503.01303820000004
1701425678678, 2023-12-01T10:14:38.678Z, 1054.4258776000001, 503.0950006
1701425678694, 2023-12-01T10:14:38.694Z, 1073.0211412, 502.9608096
1701425678716, 2023-12-01T10:14:38.716Z, 1087.0754464000001, 501.5245854
1701425678740, 2023-12-01T10:14:38.740Z, 1085.039774, 503.69879199999997
1701425678756, 2023-12-01T10:14:38.756Z, 1085.0725308, 503.7996942
1701425678771, 2023-12-01T10:14:38.771Z, 1088.2564432, 499.86133520000004
1701425678786, 2023-12-01T10:14:38.786Z, 1088.7947538, 494.95430020000003
1701425678803, 2023-12-01T10:14:38.803Z, 1090.5397112, 491.5213167999999
1701425678820, 2023-12-01T10:14:38.820Z, 1088.7180498, 486.62471659999994
1701425678837, 2023-12-01T10:14:38.837Z, 1087.5090758000001, 483.89747180000006
1701425678852, 2023-12-01T10:14:38.852Z, 1087.6615568, 485.0326674
1701425679027, 2023-12-01T10:14:39.027Z, 1078.4349164, 484.34129140000005
1701425679040, 2023-12-01T10:14:39.040Z, 1066.561946, 487.6872888
1701425679073, 2023-12-01T10:14:39.073Z, 1069.757433, 510.840004
1701425679089, 2023-12-01T10:14:39.089Z, 1072.1009568, 536.6631772
1701425679104, 2023-12-01T10:14:39.104Z, 1082.2031788, 566.761993
1701425679120, 2023-12-01T10:14:39.120Z, 1100.7622144000002, 601.0263127999999
1701425679152, 2023-12-01T10:14:39.152Z, 1124.1144313999998, 634.0481298000001
1701425679187, 2023-12-01T10:14:39.187Z, 1141.109707, 654.5354694
1701425679203, 2023-12-01T10:14:39.203Z, 1154.6014977999998, 669.2147780000001
1701425679217, 2023-12-01T10:14:39.217Z, 1152.3218546, 675.1201262000001
1701425679233, 2023-12-01T10:14:39.233Z, 1145.8659038, 678.5264482
1701425679248, 2023-12-01T10:14:39.248Z, 1137.417544, 679.541109
1701425679264, 2023-12-01T10:14:39.264Z, 1116.6184048, 673.1523114
1701425679283, 2023-12-01T10:14:39.283Z, 1101.6402616, 669.549753
1701425679295, 2023-12-01T10:14:39.295Z, 1098.0769638, 667.66346
1701425679319, 2023-12-01T10:14:39.319Z, 1100.1145442000002, 667.9556182
1701425679357, 2023-12-01T10:14:39.357Z, 1100.9749924, 665.534132
1701425679373, 2023-12-01T10:14:39.373Z, 1110.319273, 663.39414
1701425679388, 2023-12-01T10:14:39.388Z, 1120.142944, 663.065074
1701425679404, 2023-12-01T10:14:39.404Z, 1123.7229984, 661.7524062
1701425679422, 2023-12-01T10:14:39.422Z, 1122.7583846000002, 659.3312684
1701425679437, 2023-12-01T10:14:39.437Z, 1125.0350518, 661.1494531999999
1701425679470, 2023-12-01T10:14:39.470Z, 1118.548745, 665.5201418
1701425679485, 2023-12-01T10:14:39.485Z, 1110.50233, 668.6223732000001
1701425679503, 2023-12-01T10:14:39.503Z, 1112.0391824, 675.9431472
1701425679517, 2023-12-01T10:14:39.517Z, 1115.2421372000001, 685.2199544
1701425679532, 2023-12-01T10:14:39.532Z, 1110.2296116000002, 693.8606484
1701425679548, 2023-12-01T10:14:39.548Z, 1110.4415371999999, 700.728632
1701425679564, 2023-12-01T10:14:39.564Z, 1110.9858155999998, 707.0503344
1701425679579, 2023-12-01T10:14:39.579Z, 1104.1361015999998, 709.3835078
1701425679595, 2023-12-01T10:14:39.595Z, 1099.6990262, 712.1791874
1701425679616, 2023-12-01T10:14:39.616Z, 1098.6912168, 715.744311
1701425679641, 2023-12-01T10:14:39.641Z, 1102.7038062, 720.243393
1701425679659, 2023-12-01T10:14:39.659Z, 1106.062054, 727.9937975999999
1701425679675, 2023-12-01T10:14:39.675Z, 1109.3144626, 739.1153492
1701425679704, 2023-12-01T10:14:39.704Z, 1113.3342174000002, 749.0084688
1701425679721, 2023-12-01T10:14:39.721Z, 1120.8102726000002, 758.4337124
1701425679751, 2023-12-01T10:14:39.751Z, 1120.7803668, 765.583731
1701425679767, 2023-12-01T10:14:39.767Z, 1119.9581606, 769.551616
1701425679781, 2023-12-01T10:14:39.781Z, 1119.9612302, 773.4067468
1701425679796, 2023-12-01T10:14:39.796Z, 1110.8798954, 777.4902159999999
1701425679812, 2023-12-01T10:14:39.812Z, 1101.9564596, 780.8119353999999
1701425679828, 2023-12-01T10:14:39.828Z, 1097.0244724, 785.4392737999999
1701425679844, 2023-12-01T10:14:39.844Z, 1091.4741322, 785.8459230000001
1701425679860, 2023-12-01T10:14:39.860Z, 1087.374236, 785.3418452
1701425679876, 2023-12-01T10:14:39.876Z, 1097.7866354000003, 782.8399599999999
1701425679891, 2023-12-01T10:14:39.891Z, 1105.167668, 779.1296344
1701425679915, 2023-12-01T10:14:39.915Z, 1113.2165406, 774.0155444
1701425679938, 2023-12-01T10:14:39.938Z, 1122.9930006, 772.6143244000001
1701425679954, 2023-12-01T10:14:39.954Z, 1136.4694868, 772.1289528000001
1701425679969, 2023-12-01T10:14:39.969Z, 1142.1180861999999, 774.143201
1701425679985, 2023-12-01T10:14:39.985Z, 1148.5328146, 775.9784388
1701425680001, 2023-12-01T10:14:40.001Z, 1150.6079141999999, 777.9762275999999
1701425680017, 2023-12-01T10:14:40.017Z, 1151.829826, 780.2982777999999
1701425680033, 2023-12-01T10:14:40.033Z, 1147.1002254, 780.0131604000001
1701425680047, 2023-12-01T10:14:40.047Z, 1142.4034948, 780.1994434000001
1701425680078, 2023-12-01T10:14:40.078Z, 1139.324319, 781.4001236
1701425680094, 2023-12-01T10:14:40.094Z, 1138.5559865999999, 785.5718806
1701425680111, 2023-12-01T10:14:40.111Z, 1136.0702225999999, 790.1155735999998
1701425680125, 2023-12-01T10:14:40.125Z, 1127.9033605999998, 796.3133036
1701425680140, 2023-12-01T10:14:40.140Z, 1120.0604464, 801.5997174
1701425680156, 2023-12-01T10:14:40.156Z, 1112.3497042, 804.9058558
1701425680172, 2023-12-01T10:14:40.172Z, 1101.1357014, 807.3147266
1701425680187, 2023-12-01T10:14:40.187Z, 1091.1508892, 807.6652792000001
1701425680214, 2023-12-01T10:14:40.214Z, 1088.05245, 806.2727998
1701425680235, 2023-12-01T10:14:40.235Z, 1086.6678232, 802.6745994
1701425680251, 2023-12-01T10:14:40.251Z, 1085.8295264, 799.0056986000001
1701425680266, 2023-12-01T10:14:40.266Z, 1089.3010602, 795.9525914
1701425680280, 2023-12-01T10:14:40.280Z, 1091.5482596, 792.7124958
1701425680296, 2023-12-01T10:14:40.296Z, 1094.7069928, 790.2421442
1701425680311, 2023-12-01T10:14:40.311Z, 1096.9799017999999, 787.4140146
1701425680327, 2023-12-01T10:14:40.327Z, 1099.2508778, 784.3352075999999
1701425680342, 2023-12-01T10:14:40.342Z, 1101.5070816000002, 775.6289899999999
1701425680391, 2023-12-01T10:14:40.391Z, 1104.9443052, 768.3150880000001
1701425680420, 2023-12-01T10:14:40.420Z, 1108.7480264, 763.7149566
1701425680437, 2023-12-01T10:14:40.437Z, 1111.8643135999998, 764.3484838
1701425680453, 2023-12-01T10:14:40.453Z, 1115.674567, 766.9725022
1701425680467, 2023-12-01T10:14:40.467Z, 1120.2441012, 775.4060646
1701425680484, 2023-12-01T10:14:40.484Z, 1124.4653322, 783.6120392
1701425680499, 2023-12-01T10:14:40.499Z, 1125.622169, 787.951198
1701425680515, 2023-12-01T10:14:40.515Z, 1125.8755868, 789.8669040000001
1701425680547, 2023-12-01T10:14:40.547Z, 1127.2224686, 792.8323115999999
1701425680562, 2023-12-01T10:14:40.562Z, 1127.908328, 793.4834284000001
1701425680578, 2023-12-01T10:14:40.578Z, 1129.3022478, 794.4527424
1701425680593, 2023-12-01T10:14:40.593Z, 1132.519148, 795.9040964
1701425680609, 2023-12-01T10:14:40.609Z, 1137.7711188, 796.347121
1701425680625, 2023-12-01T10:14:40.625Z, 1141.7061448, 796.1267124
1701425680640, 2023-12-01T10:14:40.640Z, 1143.6240498000002, 797.2158608
1701425680671, 2023-12-01T10:14:40.671Z, 1146.8102834000001, 799.274882
1701425680687, 2023-12-01T10:14:40.687Z, 1151.2636176, 802.1573968
1701425680703, 2023-12-01T10:14:40.703Z, 1152.0349774000001, 805.5141991999999
1701425680720, 2023-12-01T10:14:40.720Z, 1150.520679, 808.4659681999999
1701425680735, 2023-12-01T10:14:40.735Z, 1150.7983971999997, 809.6852314
1701425680751, 2023-12-01T10:14:40.751Z, 1148.0122178, 810.5765822000001
1701425680767, 2023-12-01T10:14:40.767Z, 1142.5613968, 811.520934
1701425680781, 2023-12-01T10:14:40.781Z, 1140.3238826, 812.0113914
1701425680798, 2023-12-01T10:14:40.798Z, 1138.5198811999999, 811.6326074000001
1701425680821, 2023-12-01T10:14:40.821Z, 1132.730742, 810.9972358000001
1701425680843, 2023-12-01T10:14:40.843Z, 1126.7288186, 812.0754836000001
1701425680859, 2023-12-01T10:14:40.859Z, 1122.4890042000002, 812.2510624
1701425680874, 2023-12-01T10:14:40.874Z, 1115.4873226000002, 812.56334
1701425680889, 2023-12-01T10:14:40.889Z, 1113.3017432000001, 811.0833636
1701425680920, 2023-12-01T10:14:40.920Z, 1111.5828158, 810.291132
1701425680936, 2023-12-01T10:14:40.936Z, 1106.7471654, 809.4308324
1701425680963, 2023-12-01T10:14:40.963Z, 1098.5022172000001, 809.2873735999999
1701425680984, 2023-12-01T10:14:40.984Z, 1093.7756178, 809.8709264
1701425681000, 2023-12-01T10:14:41.000Z, 1086.0025104000001, 813.9334308000001
1701425681031, 2023-12-01T10:14:41.031Z, 1085.0676607999999, 817.2776932
1701425681047, 2023-12-01T10:14:41.047Z, 1093.7113834, 818.3462089999999
1701425681064, 2023-12-01T10:14:41.064Z, 1103.830155, 819.5110394
1701425681079, 2023-12-01T10:14:41.079Z, 1112.1369548, 821.489648
1701425681093, 2023-12-01T10:14:41.093Z, 1116.7035582, 823.880574
1701425681121, 2023-12-01T10:14:41.121Z, 1117.6899862, 827.1728805999999
1701425681141, 2023-12-01T10:14:41.141Z, 1113.6230050000001, 831.5285394
1701425681156, 2023-12-01T10:14:41.156Z, 1099.3147820000002, 834.4670882
1701425681173, 2023-12-01T10:14:41.173Z, 1090.5370524000002, 835.8417276
1701425681188, 2023-12-01T10:14:41.188Z, 1086.6973546, 833.3746734
1701425681223, 2023-12-01T10:14:41.223Z, 1082.2894190000002, 830.6271438
1701425681236, 2023-12-01T10:14:41.236Z, 1078.2910626, 827.4002200000001
1701425681267, 2023-12-01T10:14:41.267Z, 1083.7738184, 823.8624886
1701425681283, 2023-12-01T10:14:41.283Z, 1086.0945928, 820.3922034000001
1701425681316, 2023-12-01T10:14:41.316Z, 1086.1947226, 820.4110064
1701425681329, 2023-12-01T10:14:41.329Z, 1086.7053767999998, 821.0607465999999
1701425681346, 2023-12-01T10:14:41.346Z, 1084.6337072000001, 822.7181616000001
1701425681364, 2023-12-01T10:14:41.364Z, 1092.4364884, 823.9709374
1701425681377, 2023-12-01T10:14:41.377Z, 1094.7289224, 825.215116
1701425681392, 2023-12-01T10:14:41.392Z, 1097.3742092, 825.9428468
1701425681416, 2023-12-01T10:14:41.416Z, 1097.8165708000001, 825.5598246
1701425681430, 2023-12-01T10:14:41.430Z, 1102.0553346, 823.9207838
1701425681454, 2023-12-01T10:14:41.454Z, 1103.1436251999999, 823.9076056
1701425681471, 2023-12-01T10:14:41.471Z, 1103.5512064000002, 822.9493112
1701425681486, 2023-12-01T10:14:41.486Z, 1115.8316148, 823.2170814000001
1701425681501, 2023-12-01T10:14:41.501Z, 1127.3664248, 823.8680687999998
1701425681518, 2023-12-01T10:14:41.518Z, 1131.4239296, 823.3472728
1701425681534, 2023-12-01T10:14:41.534Z, 1133.4312565999999, 822.8711879999998
1701425681550, 2023-12-01T10:14:41.550Z, 1138.9065242000001, 823.0109752000001
1701425681567, 2023-12-01T10:14:41.567Z, 1135.7653608, 822.1657914
1701425681582, 2023-12-01T10:14:41.582Z, 1134.223266, 821.6753048
1701425681597, 2023-12-01T10:14:41.597Z, 1137.0885214, 822.5819834
1701425681617, 2023-12-01T10:14:41.617Z, 1130.9597886, 824.3222518
1701425681630, 2023-12-01T10:14:41.630Z, 1120.4267772, 825.9920898
1701425681644, 2023-12-01T10:14:41.644Z, 1108.954064, 826.3796134
1701425681661, 2023-12-01T10:14:41.661Z, 1114.5010682, 828.3560379999999
1701425681677, 2023-12-01T10:14:41.677Z, 1121.3262923999998, 829.5633746
1701425681693, 2023-12-01T10:14:41.693Z, 1130.7825042, 828.1408471999999
1701425681719, 2023-12-01T10:14:41.719Z, 1141.4212518, 825.5699902
1701425681757, 2023-12-01T10:14:41.757Z, 1159.1304366, 825.9482071999998
1701425681770, 2023-12-01T10:14:41.770Z, 1155.337056, 823.4877320000002
1701425681786, 2023-12-01T10:14:41.786Z, 1145.3583753999999, 823.4572581999998
1701425681818, 2023-12-01T10:14:41.818Z, 1137.7360586, 825.996204
1701425681849, 2023-12-01T10:14:41.849Z, 1144.0583248, 829.3888844
1701425681896, 2023-12-01T10:14:41.896Z, 1133.6781418, 828.2559148
1701425681911, 2023-12-01T10:14:41.911Z, 1125.3139065999999, 828.5210283999999
1701425681926, 2023-12-01T10:14:41.926Z, 1117.7819448, 821.9745046
1701425681943, 2023-12-01T10:14:41.943Z, 1115.6926684000002, 816.3421882
1701425681958, 2023-12-01T10:14:41.958Z, 1099.9468434000003, 815.8581297999999
1701425681974, 2023-12-01T10:14:41.974Z, 1093.8955268, 816.5486785999999
1701425681990, 2023-12-01T10:14:41.990Z, 1092.5639752000002, 817.9892316
1701425682037, 2023-12-01T10:14:42.037Z, 1097.6538204, 826.893245
1701425682054, 2023-12-01T10:14:42.054Z, 1097.0084768000002, 835.3048742000001
1701425682167, 2023-12-01T10:14:42.167Z, 1111.9330474, 840.2894054000001
1701425682227, 2023-12-01T10:14:42.227Z, 1116.5393666, 848.1271518000001
1701425682243, 2023-12-01T10:14:42.243Z, 1115.3436064000002, 848.7783261999999
1701425682258, 2023-12-01T10:14:42.258Z, 1117.9777511999998, 847.3106475999999
1701425682273, 2023-12-01T10:14:42.273Z, 1125.7417902, 843.7603974000001
1701425682289, 2023-12-01T10:14:42.289Z, 1125.4204952, 837.878097
1701425682313, 2023-12-01T10:14:42.313Z, 1125.9177042, 832.1760256
1701425682330, 2023-12-01T10:14:42.330Z, 1132.1727956, 832.2532011999999
1701425682352, 2023-12-01T10:14:42.352Z, 1138.256899, 833.4220104
1701425682384, 2023-12-01T10:14:42.384Z, 1148.1073943999997, 836.3274894
1701425682401, 2023-12-01T10:14:42.401Z, 1153.1344305999999, 842.4833616
1701425682416, 2023-12-01T10:14:42.416Z, 1152.6759104, 844.6625558000002
1701425682432, 2023-12-01T10:14:42.432Z, 1150.8433212000002, 847.0626116
1701425682448, 2023-12-01T10:14:42.448Z, 1147.193543, 847.4433580000001
1701425682468, 2023-12-01T10:14:42.468Z, 1135.7703328, 846.7028600000001
1701425682493, 2023-12-01T10:14:42.493Z, 1122.261158, 845.502219
1701425682508, 2023-12-01T10:14:42.508Z, 1112.9396862, 847.4877594
1701425682524, 2023-12-01T10:14:42.524Z, 1101.4470207999998, 850.5484696000001
1701425682542, 2023-12-01T10:14:42.542Z, 1090.0797226, 855.4651202000001
1701425682557, 2023-12-01T10:14:42.557Z, 1076.6812515999998, 860.1307802000001
1701425682572, 2023-12-01T10:14:42.572Z, 1071.4226106, 862.9025266000001
1701425682587, 2023-12-01T10:14:42.587Z, 1072.4131732, 864.050193
1701425682604, 2023-12-01T10:14:42.604Z, 1074.3102604, 864.321112
1701425682623, 2023-12-01T10:14:42.623Z, 1077.0518696, 859.5014454
1701425682635, 2023-12-01T10:14:42.635Z, 1079.82887, 854.1715012000001
1701425682652, 2023-12-01T10:14:42.652Z, 1080.0793589999998, 849.3827079999999
1701425682667, 2023-12-01T10:14:42.667Z, 1083.0560223999998, 845.6355614
1701425682683, 2023-12-01T10:14:42.683Z, 1083.777362, 841.6818596
1701425682700, 2023-12-01T10:14:42.700Z, 1080.713937, 841.5375268
1701425682715, 2023-12-01T10:14:42.715Z, 1081.041657, 842.4041397999999
1701425682733, 2023-12-01T10:14:42.733Z, 1078.4469536000001, 842.1055874
1701425682767, 2023-12-01T10:14:42.767Z, 1074.8549745999999, 840.7001668
1701425682793, 2023-12-01T10:14:42.793Z, 1075.0272008, 839.6926308
1701425682809, 2023-12-01T10:14:42.809Z, 1095.2497927999998, 835.5065870000001
1701425682826, 2023-12-01T10:14:42.826Z, 1166.647299, 843.4563420000001
1701425682857, 2023-12-01T10:14:42.857Z, 1235.216942, 851.1726444
1701425682872, 2023-12-01T10:14:42.872Z, 1287.0655167999998, 842.7304322
1701425682890, 2023-12-01T10:14:42.890Z, 1345.5750472, 836.3987676
1701425682937, 2023-12-01T10:14:42.937Z, 1382.7021258, 832.1244618000001
1701425682950, 2023-12-01T10:14:42.950Z, 1369.6098369999997, 817.3632742
1701425682966, 2023-12-01T10:14:42.966Z, 1356.220166, 819.3478799999999
1701425682981, 2023-12-01T10:14:42.982Z, 1361.4970488, 839.4501932
1701425683013, 2023-12-01T10:14:43.013Z, 1361.5587418, 859.452346
1701425683028, 2023-12-01T10:14:43.028Z, 1359.3395024000001, 879.0849754000001
1701425683043, 2023-12-01T10:14:43.043Z, 1356.2085478000001, 898.1483352000001
1701425683067, 2023-12-01T10:14:43.067Z, 1367.3384036, 901.3480964
1701425683090, 2023-12-01T10:14:43.090Z, 1374.0884984, 902.2846532
1701425683121, 2023-12-01T10:14:43.121Z, 1377.4988342000001, 901.2076430000001
1701425683137, 2023-12-01T10:14:43.137Z, 1383.6961132000001, 901.3029672
1701425683168, 2023-12-01T10:14:43.168Z, 1395.4352803999998, 901.0936728
1701425683186, 2023-12-01T10:14:43.186Z, 1399.2683315999998, 902.5633816
1701425683232, 2023-12-01T10:14:43.232Z, 1404.0928743999998, 904.6015874000001
1701425683248, 2023-12-01T10:14:43.248Z, 1410.27248, 905.4039346
1701425683262, 2023-12-01T10:14:43.262Z, 1415.4532408, 907.257584
1701425683279, 2023-12-01T10:14:43.279Z, 1418.4789562, 905.3650154
1701425683295, 2023-12-01T10:14:43.295Z, 1419.0387952, 902.2267458
1701425683315, 2023-12-01T10:14:43.315Z, 1418.1893966, 900.4014704000001
1701425683327, 2023-12-01T10:14:43.327Z, 1416.9907648, 899.5526182000001
1701425683342, 2023-12-01T10:14:43.342Z, 1416.8489168, 898.7976587999999