1701365011945, 2023-11-30T17:23:31.945Z, 578.060105, 303.909319
1701365011960, 2023-11-30T17:23:31.960Z, 578.4432775, 306.136707
1701365011977, 2023-11-30T17:23:31.977Z, 581.0384236666667, 305.75842600000004
1701365011997, 2023-11-30T17:23:31.997Z, 580.49437025, 305.74923225000003
1701365012023, 2023-11-30T17:23:32.023Z, 576.1135082, 305.7823834
1701365012039, 2023-11-30T17:23:32.039Z, 572.3218982, 304.4656948
1701365012054, 2023-11-30T17:23:32.054Z, 565.6232345999999, 304.0438804
1701365012076, 2023-11-30T17:23:32.076Z, 558.4460145999999, 299.78379800000005
1701365012087, 2023-11-30T17:23:32.087Z, 554.4379842000001, 293.646052
1701365012104, 2023-11-30T17:23:32.104Z, 554.8085423999999, 287.31745920000003
1701365012133, 2023-11-30T17:23:32.133Z, 555.3534074, 282.3411153999999
1701365012153, 2023-11-30T17:23:32.153Z, 557.644254, 277.5184948
1701365012179, 2023-11-30T17:23:32.179Z, 557.6608848, 279.01979700000004
1701365012210, 2023-11-30T17:23:32.210Z, 553.8582650000001, 282.4911544
1701365012226, 2023-11-30T17:23:32.226Z, 553.0489920000001, 284.27935199999996
1701365012242, 2023-11-30T17:23:32.242Z, 561.0917132000001, 285.0948456
1701365012258, 2023-11-30T17:23:32.258Z, 575.4915146000001, 285.9124182
1701365012273, 2023-11-30T17:23:32.273Z, 591.7912829999999, 284.15423139999996
1701365012288, 2023-11-30T17:23:32.288Z, 612.2239522, 280.3287524
1701365012305, 2023-11-30T17:23:32.305Z, 633.7856426000001, 277.93104519999997
1701365012321, 2023-11-30T17:23:32.321Z, 643.1830167999999, 277.5968254
1701365012336, 2023-11-30T17:23:32.336Z, 651.0683521999999, 275.7970934
1701365012351, 2023-11-30T17:23:32.351Z, 657.9716926, 274.638118
1701365012375, 2023-11-30T17:23:32.375Z, 659.4337066, 277.0575046
1701365012388, 2023-11-30T17:23:32.388Z, 648.734641, 280.1348092
1701365012413, 2023-11-30T17:23:32.413Z, 635.3597396, 281.1086558
1701365012430, 2023-11-30T17:23:32.430Z, 620.2873465999999, 282.72758039999997
1701365012445, 2023-11-30T17:23:32.445Z, 596.0497246, 284.8486396
1701365012460, 2023-11-30T17:23:32.460Z, 560.7296004000001, 286.51254120000004
1701365012476, 2023-11-30T17:23:32.476Z, 522.8572996, 287.6709554
1701365012491, 2023-11-30T17:23:32.491Z, 490.3280638, 289.2737432
1701365012507, 2023-11-30T17:23:32.507Z, 441.7558258, 289.15417319999995
1701365012527, 2023-11-30T17:23:32.527Z, 401.3474458, 287.03363520000005
1701365012537, 2023-11-30T17:23:32.537Z, 379.2141774, 285.11846640000005
1701365012554, 2023-11-30T17:23:32.554Z, 369.1236914, 279.9123132
1701365012584, 2023-11-30T17:23:32.584Z, 359.6991964, 274.67503380000005
1701365012584, 2023-11-30T17:23:32.584Z, 364.05030999999997, 269.98439859999996
1701365012600, 2023-11-30T17:23:32.600Z, 369.1429654, 266.6342724
1701365012616, 2023-11-30T17:23:32.616Z, 368.50568639999995, 262.21487659999997
1701365012635, 2023-11-30T17:23:32.635Z, 366.8886996, 261.5736732
1701365012647, 2023-11-30T17:23:32.647Z, 362.8927974, 262.397783
1701365012670, 2023-11-30T17:23:32.670Z, 362.00044519999994, 263.5719354
1701365012693, 2023-11-30T17:23:32.693Z, 362.9303266, 264.6233782
1701365012709, 2023-11-30T17:23:32.709Z, 360.7666824, 267.3389898
1701365012725, 2023-11-30T17:23:32.725Z, 355.55618139999996, 270.981552
1701365012740, 2023-11-30T17:23:32.740Z, 362.202558, 271.43789200000003
1701365012754, 2023-11-30T17:23:32.754Z, 361.5873556, 268.2620006
1701365012787, 2023-11-30T17:23:32.787Z, 358.24089760000004, 266.40301819999996
1701365012801, 2023-11-30T17:23:32.801Z, 358.003394, 263.5383544
1701365012826, 2023-11-30T17:23:32.826Z, 363.60567180000004, 258.099724
1701365012848, 2023-11-30T17:23:32.848Z, 358.4297742, 255.8342296
1701365012864, 2023-11-30T17:23:32.864Z, 357.07268039999997, 257.7372534
1701365012879, 2023-11-30T17:23:32.879Z, 353.1941158, 259.69133819999996
1701365012896, 2023-11-30T17:23:32.896Z, 347.65110999999996, 263.0028924
1701365012911, 2023-11-30T17:23:32.911Z, 340.1331166, 266.667701
1701365012926, 2023-11-30T17:23:32.926Z, 332.2289962, 271.4628956
1701365012942, 2023-11-30T17:23:32.942Z, 322.7437954, 276.7145776
1701365012976, 2023-11-30T17:23:32.976Z, 311.37236859999996, 285.09985459999996
1701365012990, 2023-11-30T17:23:32.990Z, 301.6372374, 293.0313532
1701365013005, 2023-11-30T17:23:33.005Z, 285.3433192, 305.710287
1701365013020, 2023-11-30T17:23:33.020Z, 269.144204, 317.6183832
1701365013036, 2023-11-30T17:23:33.036Z, 248.6946206, 331.10172539999996
1701365013051, 2023-11-30T17:23:33.051Z, 237.98474919999998, 337.8074292
1701365013067, 2023-11-30T17:23:33.067Z, 228.49452000000002, 342.21998139999994
1701365013083, 2023-11-30T17:23:33.083Z, 218.2437214, 344.0870412
1701365013098, 2023-11-30T17:23:33.098Z, 207.53795180000003, 345.5973722
1701365013120, 2023-11-30T17:23:33.120Z, 202.224171, 343.9245554
1701365013146, 2023-11-30T17:23:33.146Z, 201.1302398, 341.33866959999995
1701365013159, 2023-11-30T17:23:33.159Z, 200.1372496, 340.12124079999995
1701365013175, 2023-11-30T17:23:33.175Z, 198.9848926, 338.4154496
1701365013191, 2023-11-30T17:23:33.191Z, 201.824766, 335.52748379999997
1701365013206, 2023-11-30T17:23:33.206Z, 205.2744082, 333.1602558000001
1701365013222, 2023-11-30T17:23:33.222Z, 202.1483748, 333.9894952
1701365013236, 2023-11-30T17:23:33.236Z, 202.9951306, 337.1966074
1701365013252, 2023-11-30T17:23:33.252Z, 208.9496446, 339.3222192
1701365013274, 2023-11-30T17:23:33.274Z, 215.89396340000002, 341.327547
1701365013288, 2023-11-30T17:23:33.288Z, 222.06362199999998, 344.1718208
1701365013314, 2023-11-30T17:23:33.314Z, 226.51433779999996, 348.26578179999996
1701365013329, 2023-11-30T17:23:33.329Z, 229.3074214, 350.740626
1701365013345, 2023-11-30T17:23:33.345Z, 233.0527546, 353.33238600000004
1701365013361, 2023-11-30T17:23:33.361Z, 235.6231504, 357.005665
1701365013376, 2023-11-30T17:23:33.376Z, 241.2869162, 362.27753779999995
1701365013392, 2023-11-30T17:23:33.392Z, 247.97655500000002, 367.1952434
1701365013425, 2023-11-30T17:23:33.425Z, 255.700459, 373.3542762
1701365013438, 2023-11-30T17:23:33.438Z, 263.151081, 380.22540979999997
1701365013453, 2023-11-30T17:23:33.453Z, 267.4761466, 387.3404234
1701365013485, 2023-11-30T17:23:33.485Z, 272.52355520000003, 394.11755980000004
1701365013500, 2023-11-30T17:23:33.500Z, 264.210725, 398.1620168
1701365013515, 2023-11-30T17:23:33.515Z, 254.1503272, 399.31206480000003
1701365013531, 2023-11-30T17:23:33.531Z, 240.11357379999998, 396.802297
1701365013546, 2023-11-30T17:23:33.546Z, 231.2789914, 396.87919960000005
1701365013570, 2023-11-30T17:23:33.570Z, 217.71418260000002, 393.0296154
1701365013592, 2023-11-30T17:23:33.592Z, 217.8666218, 391.3873332
1701365013608, 2023-11-30T17:23:33.608Z, 215.38870659999998, 388.8590864
1701365013624, 2023-11-30T17:23:33.624Z, 210.7220392, 389.57560440000003
1701365013641, 2023-11-30T17:23:33.641Z, 202.77230479999997, 388.4773414
1701365013654, 2023-11-30T17:23:33.654Z, 198.1320644, 390.38951860000003
1701365013670, 2023-11-30T17:23:33.670Z, 191.4375898, 393.17891740000005
1701365013685, 2023-11-30T17:23:33.685Z, 188.3001702, 396.4265462
1701365013700, 2023-11-30T17:23:33.700Z, 192.61805020000003, 399.2941788
1701365013724, 2023-11-30T17:23:33.724Z, 199.518296, 408.3967008000001
1701365013747, 2023-11-30T17:23:33.747Z, 209.7803324, 415.76841720000004
1701365013763, 2023-11-30T17:23:33.763Z, 219.2010886, 423.36848840000005
1701365013779, 2023-11-30T17:23:33.779Z, 231.68184639999998, 431.47184720000007
1701365013794, 2023-11-30T17:23:33.794Z, 248.0704992, 440.2150518
1701365013810, 2023-11-30T17:23:33.810Z, 263.0394092, 440.55524220000007
1701365013825, 2023-11-30T17:23:33.825Z, 277.58635499999997, 439.8737854
1701365013841, 2023-11-30T17:23:33.841Z, 296.3871754, 439.3829554
1701365013856, 2023-11-30T17:23:33.856Z, 309.69194120000003, 441.8372324
1701365013876, 2023-11-30T17:23:33.876Z, 317.63552219999997, 446.310628
1701365013888, 2023-11-30T17:23:33.888Z, 321.8589458, 449.0813468
1701365013920, 2023-11-30T17:23:33.920Z, 324.6181166, 450.3287778
1701365013920, 2023-11-30T17:23:33.920Z, 324.51566399999996, 449.159256
1701365013936, 2023-11-30T17:23:33.936Z, 324.0567264, 446.12656259999994
1701365013950, 2023-11-30T17:23:33.950Z, 326.55230399999994, 441.09497280000005
1701365013966, 2023-11-30T17:23:33.966Z, 330.68738079999997, 437.2229288
1701365013982, 2023-11-30T17:23:33.982Z, 331.3419082, 437.5586142
1701365013997, 2023-11-30T17:23:33.997Z, 338.59580959999994, 436.24204
1701365014020, 2023-11-30T17:23:34.020Z, 347.3527632, 433.04945940000005
1701365014043, 2023-11-30T17:23:34.043Z, 349.4363528, 432.5033472
1701365014059, 2023-11-30T17:23:34.059Z, 361.21787660000007, 430.7164834
1701365014075, 2023-11-30T17:23:34.075Z, 379.1771456, 428.55422740000006
1701365014090, 2023-11-30T17:23:34.090Z, 391.9356482, 428.6625108
1701365014106, 2023-11-30T17:23:34.106Z, 405.4458098, 429.04663279999994
1701365014120, 2023-11-30T17:23:34.120Z, 422.03915159999997, 428.1910138
1701365014135, 2023-11-30T17:23:34.135Z, 430.76709900000003, 430.270756
1701365014150, 2023-11-30T17:23:34.150Z, 434.1990322, 430.6218336
1701365014175, 2023-11-30T17:23:34.175Z, 442.5006437999999, 430.21489920000005
1701365014198, 2023-11-30T17:23:34.198Z, 451.0797532, 431.49264220000003
1701365014214, 2023-11-30T17:23:34.214Z, 456.1662768, 430.4412618
1701365014230, 2023-11-30T17:23:34.230Z, 464.08839040000004, 428.051768
1701365014245, 2023-11-30T17:23:34.245Z, 471.97393840000007, 425.6566448
1701365014261, 2023-11-30T17:23:34.261Z, 472.67300420000004, 422.1681032
1701365014277, 2023-11-30T17:23:34.277Z, 469.6647428, 419.92605219999996
1701365014293, 2023-11-30T17:23:34.293Z, 472.5486878, 416.85180039999995
1701365014308, 2023-11-30T17:23:34.308Z, 469.951904, 415.099802
1701365014328, 2023-11-30T17:23:34.328Z, 466.5918818, 414.74271259999995
1701365014339, 2023-11-30T17:23:34.339Z, 462.1936028, 418.06810540000004
1701365014356, 2023-11-30T17:23:34.356Z, 461.2023416, 420.482398
1701365014371, 2023-11-30T17:23:34.371Z, 454.02333020000003, 429.8591908
1701365014387, 2023-11-30T17:23:34.387Z, 407.9280196, 446.5532846
1701365014403, 2023-11-30T17:23:34.403Z, 360.6871054, 463.1513782
1701365014419, 2023-11-30T17:23:34.419Z, 314.0480296, 478.6639048
1701365014435, 2023-11-30T17:23:34.435Z, 264.9164948, 493.16509779999996
1701365014450, 2023-11-30T17:23:34.450Z, 207.05868719999998, 504.9448472
1701365014474, 2023-11-30T17:23:34.474Z, 186.05878179999996, 511.141748
1701365014498, 2023-11-30T17:23:34.498Z, 167.6796398, 518.6897886
1701365014512, 2023-11-30T17:23:34.512Z, 151.0548938, 526.0640559999999
1701365014527, 2023-11-30T17:23:34.527Z, 135.02103039999997, 532.3346364000001
1701365014544, 2023-11-30T17:23:34.544Z, 133.02670740000002, 534.6703336
1701365014560, 2023-11-30T17:23:34.560Z, 133.84205400000002, 533.4464206
1701365014575, 2023-11-30T17:23:34.575Z, 134.1943544, 531.3918911999999
1701365014593, 2023-11-30T17:23:34.593Z, 135.3090298, 530.1909583999999
1701365014607, 2023-11-30T17:23:34.607Z, 137.90486560000002, 527.6909947999999
1701365014627, 2023-11-30T17:23:34.627Z, 142.771358, 527.013284
1701365014653, 2023-11-30T17:23:34.653Z, 147.08913979999997, 527.671059
1701365014669, 2023-11-30T17:23:34.669Z, 142.3424438, 529.935535
1701365014685, 2023-11-30T17:23:34.685Z, 134.855095, 531.9836879999999
1701365014700, 2023-11-30T17:23:34.700Z, 128.4751274, 534.9812542
1701365014717, 2023-11-30T17:23:34.717Z, 124.00880420000001, 537.9715484000001
1701365014732, 2023-11-30T17:23:34.732Z, 119.5174794, 541.3438456000001
1701365014747, 2023-11-30T17:23:34.747Z, 125.13006600000001, 542.0387877999999
1701365014776, 2023-11-30T17:23:34.776Z, 128.1362168, 541.8088416
1701365014790, 2023-11-30T17:23:34.790Z, 128.4554572, 542.1460072
1701365014826, 2023-11-30T17:23:34.826Z, 132.1611142, 543.2293518
1701365014842, 2023-11-30T17:23:34.842Z, 132.37440139999998, 543.2352658
1701365014857, 2023-11-30T17:23:34.857Z, 135.994745, 543.3275244
1701365014872, 2023-11-30T17:23:34.872Z, 143.378139, 543.1637014
1701365014888, 2023-11-30T17:23:34.888Z, 151.9268968, 544.0427378
1701365014904, 2023-11-30T17:23:34.904Z, 154.60410140000002, 544.4952716
1701365014922, 2023-11-30T17:23:34.922Z, 160.66457400000002, 546.2003442
1701365014949, 2023-11-30T17:23:34.949Z, 162.5199962, 548.514765
1701365014964, 2023-11-30T17:23:34.964Z, 165.1768428, 551.3581952
1701365014980, 2023-11-30T17:23:34.980Z, 162.9801308, 552.457813
1701365014996, 2023-11-30T17:23:34.996Z, 160.7577002, 551.8576986
1701365015010, 2023-11-30T17:23:35.010Z, 158.9910852, 550.5558748000001
1701365015026, 2023-11-30T17:23:35.026Z, 151.099549, 546.7386914000001
1701365015043, 2023-11-30T17:23:35.043Z, 142.6202242, 540.967349
1701365015057, 2023-11-30T17:23:35.057Z, 137.326265, 537.0027324
1701365015076, 2023-11-30T17:23:35.076Z, 128.52359199999998, 533.6366144000001
1701365015105, 2023-11-30T17:23:35.105Z, 119.67971480000001, 533.0456916
1701365015119, 2023-11-30T17:23:35.119Z, 112.59114300000002, 534.746856
1701365015135, 2023-11-30T17:23:35.135Z, 105.4152712, 538.2038308
1701365015151, 2023-11-30T17:23:35.151Z, 99.2357638, 541.1433946
1701365015166, 2023-11-30T17:23:35.166Z, 93.9720832, 544.1461380000001
1701365015182, 2023-11-30T17:23:35.182Z, 89.8872694, 544.7543482000001
1701365015197, 2023-11-30T17:23:35.197Z, 87.35514359999999, 544.9806590000001
1701365015244, 2023-11-30T17:23:35.244Z, 77.1098116, 548.790706
1701365015259, 2023-11-30T17:23:35.259Z, 94.54325200000001, 548.6119242
1701365015274, 2023-11-30T17:23:35.274Z, 116.32394720000002, 547.7827262000001
1701365015289, 2023-11-30T17:23:35.289Z, 141.0214964, 544.8124218
1701365015305, 2023-11-30T17:23:35.305Z, 173.8237502, 540.6570008000001
1701365015321, 2023-11-30T17:23:35.321Z, 213.6419988, 529.6281946
1701365015336, 2023-11-30T17:23:35.336Z, 228.0042442, 522.866399
1701365015351, 2023-11-30T17:23:35.351Z, 242.447701, 521.9360838
1701365015371, 2023-11-30T17:23:35.371Z, 252.91741380000002, 523.9376262
1701365015397, 2023-11-30T17:23:35.397Z, 261.4970652, 528.8511996
1701365015412, 2023-11-30T17:23:35.412Z, 270.7960428, 535.1079014
1701365015429, 2023-11-30T17:23:35.429Z, 279.1890746, 534.65828
1701365015443, 2023-11-30T17:23:35.443Z, 284.475131, 533.4620654
1701365015458, 2023-11-30T17:23:35.458Z, 289.2860698, 529.8109766
1701365015474, 2023-11-30T17:23:35.474Z, 287.05621139999994, 522.7552534
1701365015491, 2023-11-30T17:23:35.491Z, 286.248614, 519.4721131999999
1701365015505, 2023-11-30T17:23:35.505Z, 282.7217986, 520.2909818
1701365015526, 2023-11-30T17:23:35.526Z, 280.26826040000003, 520.3489474
1701365015551, 2023-11-30T17:23:35.551Z, 274.26101239999997, 518.467311
1701365015569, 2023-11-30T17:23:35.569Z, 269.865901, 517.3463303999999
1701365015598, 2023-11-30T17:23:35.598Z, 262.540284, 512.8318956
1701365015615, 2023-11-30T17:23:35.615Z, 265.4666422, 513.9721820000001
1701365015645, 2023-11-30T17:23:35.645Z, 266.7338052, 510.8204832
1701365015675, 2023-11-30T17:23:35.675Z, 281.6053072, 512.2335783999999
1701365015691, 2023-11-30T17:23:35.691Z, 301.0832456, 514.8803936
1701365015706, 2023-11-30T17:23:35.706Z, 332.14282940000004, 523.4173052
1701365015721, 2023-11-30T17:23:35.721Z, 355.5246408, 528.1419669999999
1701365015737, 2023-11-30T17:23:35.737Z, 380.589026, 532.6143195999999
1701365015752, 2023-11-30T17:23:35.752Z, 395.4562208, 536.7308068
1701365015767, 2023-11-30T17:23:35.767Z, 408.3872662, 541.3712986
1701365015783, 2023-11-30T17:23:35.783Z, 412.273116, 541.1882634000001
1701365015797, 2023-11-30T17:23:35.797Z, 413.9905022000001, 540.2423329999999
1701365015820, 2023-11-30T17:23:35.820Z, 408.8199434, 539.1986016
1701365015844, 2023-11-30T17:23:35.844Z, 389.593972, 533.37749
1701365015859, 2023-11-30T17:23:35.859Z, 372.2910644, 526.2702400000001
1701365015876, 2023-11-30T17:23:35.876Z, 354.44784219999997, 520.6740895999999
1701365015891, 2023-11-30T17:23:35.891Z, 339.1433842, 515.2258519999999
1701365015906, 2023-11-30T17:23:35.906Z, 328.4275076, 510.5292968
1701365015923, 2023-11-30T17:23:35.923Z, 311.022154, 509.00192100000004
1701365015937, 2023-11-30T17:23:35.937Z, 290.594668, 509.5847812
1701365015953, 2023-11-30T17:23:35.953Z, 260.9986374, 511.2843568
1701365015999, 2023-11-30T17:23:35.999Z, 231.0503016, 514.4153596
1701365016015, 2023-11-30T17:23:36.015Z, 191.339023, 518.7286812
1701365016031, 2023-11-30T17:23:36.031Z, 168.78345480000002, 524.1391565999999
1701365016046, 2023-11-30T17:23:36.046Z, 145.2757258, 527.8823052
1701365016062, 2023-11-30T17:23:36.062Z, 131.937104, 531.5585604
1701365016077, 2023-11-30T17:23:36.077Z, 118.37445620000001, 534.5314278
1701365016094, 2023-11-30T17:23:36.094Z, 114.7594456, 536.6565272
1701365016126, 2023-11-30T17:23:36.126Z, 115.67851920000001, 539.4425814
1701365016140, 2023-11-30T17:23:36.140Z, 118.0414532, 543.5356888
1701365016155, 2023-11-30T17:23:36.155Z, 121.4032684, 548.7156398
1701365016170, 2023-11-30T17:23:36.170Z, 125.09995260000001, 557.7297132000001
1701365016184, 2023-11-30T17:23:36.184Z, 131.2249488, 572.0300306
1701365016200, 2023-11-30T17:23:36.200Z, 137.53441519999998, 585.494087
1701365016216, 2023-11-30T17:23:36.216Z, 143.8010358, 596.7072777999999
1701365016232, 2023-11-30T17:23:36.232Z, 145.9651696, 606.7098678
1701365016247, 2023-11-30T17:23:36.247Z, 143.9099018, 609.6120412
1701365016270, 2023-11-30T17:23:36.270Z, 136.5951618, 608.1838691999999
1701365016293, 2023-11-30T17:23:36.293Z, 131.1672176, 606.7536696
1701365016309, 2023-11-30T17:23:36.309Z, 123.9404418, 606.6875418
1701365016326, 2023-11-30T17:23:36.326Z, 117.92276840000002, 606.3186688
1701365016340, 2023-11-30T17:23:36.340Z, 112.425583, 611.9157714
1701365016355, 2023-11-30T17:23:36.355Z, 115.2442154, 613.6866322
1701365016371, 2023-11-30T17:23:36.371Z, 114.1991298, 616.6726148
1701365016386, 2023-11-30T17:23:36.386Z, 114.587999, 618.6083658
1701365016401, 2023-11-30T17:23:36.401Z, 116.28887840000002, 618.9327645999999
1701365016425, 2023-11-30T17:23:36.425Z, 125.7909824, 611.977111
1701365016447, 2023-11-30T17:23:36.447Z, 125.19928279999999, 607.700149
1701365016463, 2023-11-30T17:23:36.463Z, 129.2708254, 601.5347798
1701365016478, 2023-11-30T17:23:36.478Z, 141.842984, 597.1447048
1701365016494, 2023-11-30T17:23:36.494Z, 153.5524476, 595.497223
1701365016509, 2023-11-30T17:23:36.509Z, 158.461466, 598.4040548
1701365016527, 2023-11-30T17:23:36.527Z, 168.04838839999996, 600.4861646
1701365016540, 2023-11-30T17:23:36.540Z, 173.63206, 603.9501024
1701365016555, 2023-11-30T17:23:36.555Z, 172.2500058, 604.502552
1701365016575, 2023-11-30T17:23:36.575Z, 171.82482339999999, 599.4203002
1701365016585, 2023-11-30T17:23:36.585Z, 169.49088899999998, 595.5946532
1701365016604, 2023-11-30T17:23:36.604Z, 168.40302979999998, 592.8871736
1701365016632, 2023-11-30T17:23:36.632Z, 169.97410599999998, 589.9181082
1701365016649, 2023-11-30T17:23:36.649Z, 168.5445236, 590.4621104
1701365016679, 2023-11-30T17:23:36.679Z, 166.27028919999998, 594.4318212
1701365016694, 2023-11-30T17:23:36.695Z, 159.23696, 600.0358854
1701365016725, 2023-11-30T17:23:36.725Z, 146.5155316, 608.357795
1701365016742, 2023-11-30T17:23:36.742Z, 133.82298859999997, 615.1477068
1701365016756, 2023-11-30T17:23:36.756Z, 129.61694719999997, 622.2937408
1701365016773, 2023-11-30T17:23:36.773Z, 118.04138759999998, 626.8961746
1701365016787, 2023-11-30T17:23:36.787Z, 115.03703699999998, 628.3789690000001
1701365016803, 2023-11-30T17:23:36.803Z, 120.42647099999999, 626.4862650000001
1701365016819, 2023-11-30T17:23:36.819Z, 125.42904899999999, 624.8566876000001
1701365016834, 2023-11-30T17:23:36.834Z, 132.575447, 620.8726068
1701365016850, 2023-11-30T17:23:36.850Z, 155.6696044, 616.805321
1701365016877, 2023-11-30T17:23:36.877Z, 201.11177320000002, 605.743641
1701365016897, 2023-11-30T17:23:36.897Z, 351.9405796, 557.9832526000001
1701365016913, 2023-11-30T17:23:36.913Z, 477.71663939999996, 519.7221294
1701365016945, 2023-11-30T17:23:36.945Z, 616.6848557999999, 475.38089679999996
1701365016961, 2023-11-30T17:23:36.961Z, 772.3268151999999, 426.8648534
1701365016980, 2023-11-30T17:23:36.980Z, 928.1745119999999, 379.41263259999994
1701365016993, 2023-11-30T17:23:36.993Z, 981.3619654, 365.69414720000003
1701365017009, 2023-11-30T17:23:37.009Z, 1063.7993852, 343.6809388
1701365017028, 2023-11-30T17:23:37.028Z, 1125.1121646, 325.874772
1701365017041, 2023-11-30T17:23:37.041Z, 1164.826946, 312.4501298
1701365017056, 2023-11-30T17:23:37.056Z, 1184.2223374, 302.0726738
1701365017073, 2023-11-30T17:23:37.073Z, 1200.5901398, 295.5369428
1701365017087, 2023-11-30T17:23:37.087Z, 1208.8246791999998, 291.0824452
1701365017120, 2023-11-30T17:23:37.120Z, 1221.8792913999998, 284.71931600000005
1701365017136, 2023-11-30T17:23:37.136Z, 1246.3187972, 278.2846786
1701365017152, 2023-11-30T17:23:37.152Z, 1274.9541078, 274.8833122
1701365017184, 2023-11-30T17:23:37.184Z, 1301.7666332000001, 271.77786180000004
1701365017199, 2023-11-30T17:23:37.199Z, 1333.8268231999998, 268.0001708
1701365017214, 2023-11-30T17:23:37.214Z, 1357.95249, 269.38296099999997
1701365017230, 2023-11-30T17:23:37.230Z, 1366.1461914, 273.803355
1701365017245, 2023-11-30T17:23:37.245Z, 1370.482348, 271.2508176
1701365017261, 2023-11-30T17:23:37.261Z, 1373.1472291999999, 267.20938639999997
1701365017280, 2023-11-30T17:23:37.280Z, 1372.9701764, 260.44996380000003
1701365017293, 2023-11-30T17:23:37.293Z, 1374.052278, 252.81060739999998
1701365017308, 2023-11-30T17:23:37.308Z, 1376.154525, 244.40595779999998
1701365017341, 2023-11-30T17:23:37.341Z, 1375.8478438, 241.92984259999997
1701365017355, 2023-11-30T17:23:37.355Z, 1375.8691638, 240.909665
1701365017371, 2023-11-30T17:23:37.371Z, 1379.1990232, 239.09269839999996
1701365017387, 2023-11-30T17:23:37.387Z, 1381.862747, 237.5347466
1701365017403, 2023-11-30T17:23:37.403Z, 1384.0962744, 236.02539539999998
1701365017419, 2023-11-30T17:23:37.419Z, 1389.3112696, 233.7323842
1701365017436, 2023-11-30T17:23:37.436Z, 1394.2017656, 230.1177326
1701365017451, 2023-11-30T17:23:37.451Z, 1395.6389106000001, 228.1999436
1701365017484, 2023-11-30T17:23:37.484Z, 1397.7675451999999, 226.15180220000002
1701365017500, 2023-11-30T17:23:37.500Z, 1399.1343966, 225.7350998
1701365017514, 2023-11-30T17:23:37.514Z, 1396.9348183999998, 227.46243220000002
1701365017530, 2023-11-30T17:23:37.530Z, 1396.7594818000002, 227.9290388
1701365017546, 2023-11-30T17:23:37.546Z, 1396.1320052, 229.18057819999999
1701365017561, 2023-11-30T17:23:37.561Z, 1400.7560936, 222.976649
1701365017576, 2023-11-30T17:23:37.576Z, 1407.3827385999998, 213.4480814
1701365017592, 2023-11-30T17:23:37.592Z, 1415.5280364, 201.5610156
1701365017609, 2023-11-30T17:23:37.609Z, 1428.0501754000002, 185.224441
1701365017623, 2023-11-30T17:23:37.623Z, 1440.9002884, 168.365463
1701365017655, 2023-11-30T17:23:37.655Z, 1447.4604434, 158.74829019999999
1701365017656, 2023-11-30T17:23:37.656Z, 1454.1894284000002, 149.5562084
1701365017671, 2023-11-30T17:23:37.671Z, 1458.8676058, 143.1699836
1701365017686, 2023-11-30T17:23:37.686Z, 1454.5235554000003, 141.0976576
1701365017702, 2023-11-30T17:23:37.702Z, 1450.1281964, 139.8839436
1701365017718, 2023-11-30T17:23:37.718Z, 1446.8950831999998, 139.2692236
1701365017733, 2023-11-30T17:23:37.733Z, 1443.5341818, 139.9889388
1701365017748, 2023-11-30T17:23:37.748Z, 1440.226449, 141.3681732
1701365017777, 2023-11-30T17:23:37.777Z, 1441.0094014, 144.9287016
1701365017797, 2023-11-30T17:23:37.797Z, 1442.4718083999999, 147.63497619999998
1701365017813, 2023-11-30T17:23:37.813Z, 1445.3556723999998, 152.4877104
1701365017830, 2023-11-30T17:23:37.830Z, 1448.0113488, 157.12417839999998
1701365017845, 2023-11-30T17:23:37.845Z, 1452.0502701999999, 159.90453300000001
1701365017866, 2023-11-30T17:23:37.866Z, 1454.4357372, 163.2895772
1701365017946, 2023-11-30T17:23:37.946Z, 1470.1924858000002, 170.3932652
1701365017999, 2023-11-30T17:23:37.999Z, 1484.7582184000003, 170.1898776
1701366685874, 2023-11-30T17:51:25.874Z, 37.262055, 172.13567
1701366686012, 2023-11-30T17:51:26.012Z, 79.2712675, 115.045031
1701366686043, 2023-11-30T17:51:26.043Z, 91.18257033333333, 126.75039599999998
1701366686091, 2023-11-30T17:51:26.091Z, 95.83931625, 131.36711474999998
1701366686137, 2023-11-30T17:51:26.137Z, 103.3956786, 136.2217532
1701366686153, 2023-11-30T17:51:26.153Z, 124.7264478, 134.8675516
1701366686185, 2023-11-30T17:51:26.185Z, 131.4749246, 164.822685
1701366686199, 2023-11-30T17:51:26.199Z, 136.9077926, 186.496587
1701366686231, 2023-11-30T17:51:26.231Z, 140.73658640000002, 210.12234239999998
1701366686246, 2023-11-30T17:51:26.246Z, 136.47671259999998, 231.73203460000005
1701366686292, 2023-11-30T17:51:26.292Z, 127.59030400000002, 251.98907520000003
1701366686323, 2023-11-30T17:51:26.323Z, 119.9706976, 256.416756
1701366686339, 2023-11-30T17:51:26.339Z, 114.9395888, 250.66867919999999
1701366686509, 2023-11-30T17:51:26.509Z, 114.7637532, 231.121698
1701366686601, 2023-11-30T17:51:26.601Z, 143.701385, 204.0505908
1701366686679, 2023-11-30T17:51:26.679Z, 162.43895360000002, 191.8685904
1701366686694, 2023-11-30T17:51:26.694Z, 178.7740502, 186.969112
1701366686743, 2023-11-30T17:51:26.743Z, 190.9685162, 184.93154900000002
1701366686772, 2023-11-30T17:51:26.772Z, 200.21797, 195.2499066
1701366686869, 2023-11-30T17:51:26.869Z, 191.47382340000001, 200.42646340000002
1701366686928, 2023-11-30T17:51:26.928Z, 196.6472008, 184.9955286
1701366686943, 2023-11-30T17:51:26.943Z, 195.9313646, 176.8700848
1701366686958, 2023-11-30T17:51:26.958Z, 196.8688268, 169.68463219999998
1701366686990, 2023-11-30T17:51:26.990Z, 200.8342218, 158.0537768
1701366687036, 2023-11-30T17:51:27.036Z, 202.689529, 155.3534788
1701366687084, 2023-11-30T17:51:27.084Z, 206.3695682, 157.3166506
1701366687130, 2023-11-30T17:51:27.130Z, 216.457408, 164.4271312
1701366688046, 2023-11-30T17:51:28.046Z, 347.6019264, 137.0284092
1701366688403, 2023-11-30T17:51:28.403Z, 320.3863304, 211.9904966
1701366688450, 2023-11-30T17:51:28.450Z, 286.6197314, 289.3723786
1701366688497, 2023-11-30T17:51:28.497Z, 249.8785198, 367.2169562
1701366688853, 2023-11-30T17:51:28.853Z, 269.4301844, 433.3117894
1701366688900, 2023-11-30T17:51:28.900Z, 182.82518420000002, 529.0818638
1701366688947, 2023-11-30T17:51:28.947Z, 251.64782139999997, 528.7603362
1701366689086, 2023-11-30T17:51:29.086Z, 243.8654156, 518.4697610000001
1701366689397, 2023-11-30T17:51:29.397Z, 241.449433, 536.3131098
1701366690700, 2023-11-30T17:51:30.700Z, 176.3785638, 543.4771632
1701366690833, 2023-11-30T17:51:30.833Z, 158.5677792, 549.3672295999999
1701366690879, 2023-11-30T17:51:30.879Z, 113.8367454, 545.1745412
1701366691099, 2023-11-30T17:51:31.099Z, 115.67297599999999, 559.7212754
1701366691238, 2023-11-30T17:51:31.238Z, 132.81717179999998, 540.3801845999999
1701366691738, 2023-11-30T17:51:31.738Z, 151.314733, 522.8472188
1701366691832, 2023-11-30T17:51:31.832Z, 93.1163138, 510.11523719999997
1701366691879, 2023-11-30T17:51:31.879Z, 78.9246288, 506.9900146
1701370157238, 2023-11-30T18:49:17.238Z, 31.223369, 354.171842
1701370158282, 2023-11-30T18:49:18.282Z, 86.8514515, 402.705121
1701370158420, 2023-11-30T18:49:18.420Z, 59.60657866666666, 444.9921823333334
1701370158481, 2023-11-30T18:49:18.481Z, 62.259503249999995, 468.33648575000007
1701370158698, 2023-11-30T18:49:18.698Z, 51.6541602, 499.6337026000001
1701370158729, 2023-11-30T18:49:18.729Z, 47.242715999999994, 553.5722245999999
1701370158757, 2023-11-30T18:49:18.757Z, 19.0318438, 591.1646042
1701370158883, 2023-11-30T18:49:18.883Z, 40.148334399999996, 618.6885123999999
1701370159640, 2023-11-30T18:49:19.640Z, 27.354456, 635.996744
1701370159656, 2023-11-30T18:49:19.656Z, 51.82024200000001, 640.6794576
1701370159689, 2023-11-30T18:49:19.689Z, 76.175692, 644.3116834
1701370159718, 2023-11-30T18:49:19.718Z, 80.55198940000001, 638.7216768000001
1701370159734, 2023-11-30T18:49:19.734Z, 66.23460080000001, 628.3058396
1701370159780, 2023-11-30T18:49:19.780Z, 75.39838180000001, 628.7214730000001
1701370159811, 2023-11-30T18:49:19.811Z, 65.13965759999999, 622.4059758000001
1701370159826, 2023-11-30T18:49:19.826Z, 70.83027039999999, 620.6372406
1701370159853, 2023-11-30T18:49:19.853Z, 83.7687182, 625.424129
1701370159875, 2023-11-30T18:49:19.875Z, 103.3974602, 631.7566468
1701370159905, 2023-11-30T18:49:19.905Z, 111.86245020000001, 634.9741538
1701370159920, 2023-11-30T18:49:19.920Z, 124.0751248, 641.0788876
1701370159949, 2023-11-30T18:49:19.949Z, 106.4767376, 639.590333
1701370159966, 2023-11-30T18:49:19.966Z, 89.2924404, 650.1643157999999
1701370160003, 2023-11-30T18:49:20.003Z, 75.96678419999999, 668.4547458000001
1701370160061, 2023-11-30T18:49:20.061Z, 74.08284820000002, 692.2811782000001
1701370160514, 2023-11-30T18:49:20.514Z, 307.3329248, 624.6409316
1701370160529, 2023-11-30T18:49:20.529Z, 468.2992284, 558.6116042
1701370160546, 2023-11-30T18:49:20.546Z, 678.8322752, 482.93302700000004
1701370160577, 2023-11-30T18:49:20.577Z, 850.9355066, 391.56958380000003
1701370160623, 2023-11-30T18:49:20.623Z, 1013.4758248, 291.9085884
1701370160637, 2023-11-30T18:49:20.637Z, 937.6283172000001, 284.3150124
1701370160669, 2023-11-30T18:49:20.669Z, 942.0707172, 288.48483780000004
1701370160686, 2023-11-30T18:49:20.686Z, 979.166466, 293.5922496
1701370160715, 2023-11-30T18:49:20.715Z, 998.1521286000001, 299.08689100000004
1701370160734, 2023-11-30T18:49:20.734Z, 1017.4973006, 306.53231680000005
1701370160752, 2023-11-30T18:49:20.752Z, 1029.2937782, 311.54562619999996
1701370160778, 2023-11-30T18:49:20.778Z, 1046.3221144, 306.57399780000003
1701370160810, 2023-11-30T18:49:20.810Z, 973.7911287999999, 291.7808868
1701370160824, 2023-11-30T18:49:20.824Z, 949.9415018000002, 283.18007539999996
1701370160841, 2023-11-30T18:49:20.841Z, 935.6104478, 274.00992540000004
1701370160857, 2023-11-30T18:49:20.857Z, 943.2884293999999, 271.1898572
1701370160902, 2023-11-30T18:49:20.902Z, 970.0727364, 265.184262
1701370160948, 2023-11-30T18:49:20.948Z, 1016.8299977999999, 268.08303340000003
1701370160978, 2023-11-30T18:49:20.978Z, 1060.4572711999997, 269.3803198
1701370160995, 2023-11-30T18:49:20.995Z, 1101.533712, 272.5123102
1701370161027, 2023-11-30T18:49:21.027Z, 1126.926827, 265.2504064
1701370161070, 2023-11-30T18:49:21.070Z, 1133.4029664, 262.06508199999996
1701370161086, 2023-11-30T18:49:21.086Z, 1138.6859188, 256.478447
1701370161117, 2023-11-30T18:49:21.117Z, 1139.9780822, 251.6206504
1701370161133, 2023-11-30T18:49:21.133Z, 1136.9127508000001, 246.98538519999997
1701370161164, 2023-11-30T18:49:21.164Z, 1129.8821106, 247.69991560000003
1701370161180, 2023-11-30T18:49:21.180Z, 1126.7741620000002, 250.6788454
1701370161202, 2023-11-30T18:49:21.202Z, 1127.4322370000002, 254.1056388
1701370161228, 2023-11-30T18:49:21.228Z, 1130.9193856000002, 258.13688080000003
1701370161260, 2023-11-30T18:49:21.260Z, 1137.1917924000002, 260.752606
1701370161275, 2023-11-30T18:49:21.275Z, 1142.980838, 263.78689380000003
1701370161293, 2023-11-30T18:49:21.293Z, 1145.3534684, 265.5307948
1701370161321, 2023-11-30T18:49:21.321Z, 1146.854042, 266.4283898
1701370161351, 2023-11-30T18:49:21.351Z, 1144.2593570000001, 266.9846198
1701370161384, 2023-11-30T18:49:21.384Z, 1141.695639, 269.108558
1701370161400, 2023-11-30T18:49:21.400Z, 1139.3878164, 269.2520066
1701370161430, 2023-11-30T18:49:21.430Z, 1139.6835262, 267.89866040000004
1701370161446, 2023-11-30T18:49:21.446Z, 1139.3063115999998, 267.1208004
1701370161476, 2023-11-30T18:49:21.476Z, 1141.856561, 265.86246500000004
1701370161523, 2023-11-30T18:49:21.523Z, 1146.1826266, 263.8555796
1701370161538, 2023-11-30T18:49:21.538Z, 1149.7523957999997, 262.7206882
1701370161570, 2023-11-30T18:49:21.570Z, 1149.4538221999999, 262.63471680000004
1701370161617, 2023-11-30T18:49:21.617Z, 1145.6846014, 262.7700628
1701370161633, 2023-11-30T18:49:21.633Z, 1140.2522274, 263.6316124
1701370161654, 2023-11-30T18:49:21.654Z, 945.61998, 294.411012
1701370161669, 2023-11-30T18:49:21.669Z, 741.1535650000001, 334.89090940000006
1701370161716, 2023-11-30T18:49:21.716Z, 533.5800581999999, 374.5524166
1701370161728, 2023-11-30T18:49:21.728Z, 339.196117, 413.94302560000006
1701370161757, 2023-11-30T18:49:21.757Z, 132.60074360000002, 448.43092340000004
1701370161805, 2023-11-30T18:49:21.805Z, 119.4496086, 448.24179480000004
1701370161853, 2023-11-30T18:49:21.853Z, 119.87728419999999, 441.58515500000004
1701370161885, 2023-11-30T18:49:21.885Z, 125.1896816, 436.3005872
1701370161901, 2023-11-30T18:49:21.901Z, 115.3767046, 424.098643
1701370162264, 2023-11-30T18:49:22.264Z, 121.76795280000002, 402.359566
1701370162281, 2023-11-30T18:49:22.281Z, 134.3150772, 385.6551328
1701370162313, 2023-11-30T18:49:22.313Z, 145.3341332, 365.2744368
1701370162328, 2023-11-30T18:49:22.328Z, 153.5565204, 344.50786120000004
1701370162344, 2023-11-30T18:49:22.344Z, 167.2763178, 329.6922046
1701370162374, 2023-11-30T18:49:22.374Z, 177.0331326, 329.570692
1701370162420, 2023-11-30T18:49:22.420Z, 174.5966058, 330.1376612
1701370162436, 2023-11-30T18:49:22.436Z, 174.982708, 329.4473022
1701370162470, 2023-11-30T18:49:22.470Z, 179.8611036, 327.3215222
1701370162484, 2023-11-30T18:49:22.484Z, 188.540613, 328.0604332
1701370162514, 2023-11-30T18:49:22.514Z, 198.131394, 324.964455
1701370162530, 2023-11-30T18:49:22.530Z, 217.70102379999997, 321.72327499999994
1701370162552, 2023-11-30T18:49:22.552Z, 234.0041326, 323.5102078
1701370162578, 2023-11-30T18:49:22.578Z, 261.459331, 326.89641859999995
1701370162611, 2023-11-30T18:49:22.611Z, 280.32498400000003, 326.7524432
1701370162626, 2023-11-30T18:49:22.626Z, 318.7965914, 331.7046974
1701370162656, 2023-11-30T18:49:22.656Z, 330.7819236, 330.95164880000004
1701370162672, 2023-11-30T18:49:22.672Z, 366.1337258, 330.34406920000004
1701370162703, 2023-11-30T18:49:22.703Z, 372.61874040000004, 327.4224568
1701370162734, 2023-11-30T18:49:22.734Z, 452.6111754, 318.1748014
1701370162750, 2023-11-30T18:49:22.750Z, 590.8624658000001, 304.4017512
1701370162780, 2023-11-30T18:49:22.780Z, 756.0812548, 291.29412339999993
1701370162796, 2023-11-30T18:49:22.796Z, 908.0694684, 278.27405639999995
1701370162827, 2023-11-30T18:49:22.828Z, 1068.8315008000002, 266.055719
1701370162875, 2023-11-30T18:49:22.875Z, 1138.9614144000002, 260.97799339999995
1701370162889, 2023-11-30T18:49:22.889Z, 1133.800069, 258.232449
1701370162919, 2023-11-30T18:49:22.919Z, 1119.6815649999999, 258.833125
1701370162934, 2023-11-30T18:49:22.934Z, 1096.1437018, 249.2518726
1701370162966, 2023-11-30T18:49:22.966Z, 1087.7004028, 245.4395678
1701370162981, 2023-11-30T18:49:22.981Z, 1101.8280786, 242.0268256
1701370163001, 2023-11-30T18:49:23.001Z, 1117.0285694, 240.4953058
1701370163060, 2023-11-30T18:49:23.060Z, 1131.4636864, 242.6041326
1701370163108, 2023-11-30T18:49:23.108Z, 1143.1912029999999, 252.18762900000002
1701370163183, 2023-11-30T18:49:23.183Z, 1136.5462112, 251.0790398
1701370163200, 2023-11-30T18:49:23.200Z, 1137.1500144, 252.4092242
1701370163230, 2023-11-30T18:49:23.230Z, 1135.5720332, 252.09723240000002
1701370163246, 2023-11-30T18:49:23.246Z, 1135.6473614, 246.88697900000003
1701370163278, 2023-11-30T18:49:23.278Z, 1136.040817, 241.06070060000002
1701370163329, 2023-11-30T18:49:23.329Z, 1146.0984322, 241.667223
1701370163371, 2023-11-30T18:49:23.371Z, 1148.8042147999997, 241.7786682
1701370163387, 2023-11-30T18:49:23.387Z, 1150.5823546, 242.539601
1701370163418, 2023-11-30T18:49:23.418Z, 1149.107141, 249.2164578
1701370163433, 2023-11-30T18:49:23.433Z, 1170.058171, 262.0931452
1701370163452, 2023-11-30T18:49:23.452Z, 1175.8973904, 270.1508068
1701370163480, 2023-11-30T18:49:23.480Z, 1193.2528778, 279.09448060000005
1701370163496, 2023-11-30T18:49:23.496Z, 1202.8726202, 283.18894520000003
1701370163512, 2023-11-30T18:49:23.512Z, 1226.3506366, 288.45689419999997
1701370163542, 2023-11-30T18:49:23.542Z, 1218.492745, 285.12000839999996
1701370163560, 2023-11-30T18:49:23.560Z, 1235.8972686000002, 289.10438239999996
1701370163601, 2023-11-30T18:49:23.601Z, 1223.2110712, 284.8223892
1701370163636, 2023-11-30T18:49:23.636Z, 1215.7658458, 282.145829
1701370163651, 2023-11-30T18:49:23.651Z, 1196.8937436, 275.46574840000005
1701370163683, 2023-11-30T18:49:23.683Z, 1188.0838184, 272.733074
1701370163698, 2023-11-30T18:49:23.698Z, 1180.9791378, 270.5401186
1701370163730, 2023-11-30T18:49:23.730Z, 1188.9538042, 270.41227160000005
1701370163778, 2023-11-30T18:49:23.778Z, 1191.3736807999999, 268.19774160000003
1701370163792, 2023-11-30T18:49:23.792Z, 1191.4369692, 266.74176
1701370163823, 2023-11-30T18:49:23.823Z, 1190.207671, 263.92610279999997
1701370163838, 2023-11-30T18:49:23.838Z, 1175.7591678000001, 257.25507600000003
1701370163870, 2023-11-30T18:49:23.870Z, 1163.8256314, 253.91762880000002
1701370163885, 2023-11-30T18:49:23.885Z, 1160.0576724, 256.36558679999996
1701370163902, 2023-11-30T18:49:23.902Z, 1157.8179904, 259.8326322
1701370163916, 2023-11-30T18:49:23.916Z, 1155.1307196000002, 262.89699200000007
1701370163949, 2023-11-30T18:49:23.949Z, 1149.9518844, 267.399201
1701370163963, 2023-11-30T18:49:23.963Z, 1142.4408079999998, 271.74985819999995
1701370163995, 2023-11-30T18:49:23.995Z, 1120.8426960000002, 273.409762
1701422610566, 2023-12-01T09:23:30.566Z, 255.741808, 187.52804
1701422610593, 2023-12-01T09:23:30.593Z, 271.10008600000003, 224.723908
1701422610611, 2023-12-01T09:23:30.611Z, 273.43741300000005, 235.74138866666667
1701422610642, 2023-12-01T09:23:30.642Z, 277.621579, 240.0167965
1701422610656, 2023-12-01T09:23:30.656Z, 280.5909178, 241.501251
1701422610672, 2023-12-01T09:23:30.672Z, 290.79458200000005, 249.7556732
1701422610703, 2023-12-01T09:23:30.703Z, 295.5757524, 236.2318108
1701422610781, 2023-12-01T09:23:30.781Z, 243.44518520000003, 230.6413736
1701422611327, 2023-12-01T09:23:31.327Z, 198.941013, 232.45088660000002
1701422611344, 2023-12-01T09:23:31.344Z, 147.27653600000002, 236.50389459999997
1701422611375, 2023-12-01T09:23:31.375Z, 90.803479, 245.60540780000002
1701422611395, 2023-12-01T09:23:31.395Z, 34.744390599999996, 266.34987
1701422611411, 2023-12-01T09:23:31.411Z, 47.598971399999996, 297.211477
1701422611426, 2023-12-01T09:23:31.426Z, 48.6553808, 320.9365696
1701422611456, 2023-12-01T09:23:31.456Z, 72.9547426, 371.3016812
1701422611471, 2023-12-01T09:23:31.471Z, 96.856332, 416.16434719999995
1701422611493, 2023-12-01T09:23:31.493Z, 112.1445668, 452.862062
1701422611511, 2023-12-01T09:23:31.511Z, 110.349106, 469.66356039999994
1701422611526, 2023-12-01T09:23:31.526Z, 111.09874659999998, 487.54481219999997
1701422611536, 2023-12-01T09:23:31.536Z, 93.1892446, 475.1056286
1701422611565, 2023-12-01T09:23:31.565Z, 78.4744668, 465.11402039999996
1701422611580, 2023-12-01T09:23:31.580Z, 78.08698840000001, 457.510833
1701422611594, 2023-12-01T09:23:31.594Z, 83.6526748, 452.3760456
1701422611610, 2023-12-01T09:23:31.610Z, 78.3190636, 436.6659226
1701422611626, 2023-12-01T09:23:31.626Z, 65.49616540000001, 416.21752779999997
1701422611658, 2023-12-01T09:23:31.658Z, 61.366353000000004, 402.29274240000007
1701422611672, 2023-12-01T09:23:31.672Z, 49.2377226, 387.9323396
1701422611688, 2023-12-01T09:23:31.688Z, 40.7008718, 376.9151508
1701422611703, 2023-12-01T09:23:31.703Z, 44.973352999999996, 377.72971099999995
1701422611719, 2023-12-01T09:23:31.719Z, 63.9987004, 387.76691539999996
1701422611889, 2023-12-01T09:23:31.889Z, 101.24593999999999, 381.85472419999996
1701422611909, 2023-12-01T09:23:31.909Z, 105.2938848, 375.7513532
1701422611924, 2023-12-01T09:23:31.924Z, 113.3563942, 379.8731092
1701422611940, 2023-12-01T09:23:31.940Z, 118.14000279999998, 380.8588684
1701422611958, 2023-12-01T09:23:31.958Z, 118.2884024, 379.8554808
1701422611968, 2023-12-01T09:23:31.968Z, 95.5778156, 391.8678936
1701422611985, 2023-12-01T09:23:31.985Z, 110.0069262, 404.1535026
1701422612001, 2023-12-01T09:23:32.001Z, 117.43368319999999, 400.7222304
1701422612036, 2023-12-01T09:23:32.036Z, 120.50340880000002, 390.839211
1701422612062, 2023-12-01T09:23:32.062Z, 125.1070286, 382.5863096
1701422612078, 2023-12-01T09:23:32.078Z, 128.5817294, 373.9010818
1701422612093, 2023-12-01T09:23:32.093Z, 126.40404679999999, 364.51934019999993
1701422612110, 2023-12-01T09:23:32.110Z, 128.64176419999998, 362.842814
1701422612125, 2023-12-01T09:23:32.125Z, 136.37618519999998, 368.99935919999996
1701422612141, 2023-12-01T09:23:32.141Z, 138.18131640000001, 373.2904884
1701422612157, 2023-12-01T09:23:32.157Z, 134.1874288, 375.4365342
1701422612173, 2023-12-01T09:23:32.173Z, 136.7561734, 379.314891
1701422612191, 2023-12-01T09:23:32.191Z, 139.5374358, 375.52365839999993
1701422612219, 2023-12-01T09:23:32.219Z, 154.3751794, 371.730557
1701422612235, 2023-12-01T09:23:32.235Z, 165.9309082, 367.48960040000003
1701422612251, 2023-12-01T09:23:32.251Z, 188.10865900000002, 363.2213998
1701422612267, 2023-12-01T09:23:32.267Z, 206.48853739999998, 359.0507328
1701422612283, 2023-12-01T09:23:32.283Z, 222.9479394, 358.137192
1701422612298, 2023-12-01T09:23:32.298Z, 225.81452320000002, 357.5055726
1701422612314, 2023-12-01T09:23:32.314Z, 235.7016232, 357.41848680000004
1701422612346, 2023-12-01T09:23:32.346Z, 231.19420440000005, 357.4755542
1701422612362, 2023-12-01T09:23:32.362Z, 223.84942379999998, 355.1923886
1701422612378, 2023-12-01T09:23:32.378Z, 210.68763840000003, 351.0524708
1701422612393, 2023-12-01T09:23:32.393Z, 191.675442, 349.1586122
1701422612411, 2023-12-01T09:23:32.411Z, 170.7410202, 348.37963980000006
1701422612441, 2023-12-01T09:23:32.441Z, 155.53718339999998, 348.25224139999995
1701422612458, 2023-12-01T09:23:32.458Z, 136.79675319999998, 351.17431139999997
1701422612487, 2023-12-01T09:23:32.487Z, 119.33414259999999, 352.5765308
1701422612503, 2023-12-01T09:23:32.503Z, 108.13261360000001, 352.1432812
1701422612519, 2023-12-01T09:23:32.519Z, 108.07385800000002, 353.65129179999997
1701422612535, 2023-12-01T09:23:32.535Z, 103.45123199999998, 355.2590994
1701422612550, 2023-12-01T09:23:32.550Z, 111.3356354, 357.869426
1701422612566, 2023-12-01T09:23:32.566Z, 131.7927818, 366.7661701999999
1701422612582, 2023-12-01T09:23:32.582Z, 152.8328416, 372.415356
1701422612597, 2023-12-01T09:23:32.597Z, 167.7988318, 375.4488992
1701422612612, 2023-12-01T09:23:32.612Z, 189.2289522, 378.6856954
1701422612637, 2023-12-01T09:23:32.637Z, 210.4121832, 383.195787
1701422612652, 2023-12-01T09:23:32.652Z, 222.476456, 383.0677912
1701422612676, 2023-12-01T09:23:32.676Z, 231.475752, 383.68926339999996
1701422612691, 2023-12-01T09:23:32.691Z, 239.56073399999997, 385.57460199999997
1701422612708, 2023-12-01T09:23:32.708Z, 227.6982122, 382.4520006
1701422612737, 2023-12-01T09:23:32.737Z, 219.074136, 378.21093160000004
1701422612753, 2023-12-01T09:23:32.753Z, 206.44809020000002, 372.8881354
1701422612768, 2023-12-01T09:23:32.768Z, 199.54589300000004, 365.6034884
1701422612789, 2023-12-01T09:23:32.789Z, 199.447323, 357.39576619999997
1701422612799, 2023-12-01T09:23:32.799Z, 211.985074, 350.555706
1701422612818, 2023-12-01T09:23:32.818Z, 220.9251018, 348.802531
1701422612845, 2023-12-01T09:23:32.845Z, 233.9966832, 349.3815654
1701422612862, 2023-12-01T09:23:32.862Z, 245.6003176, 349.70349619999996
1701422612892, 2023-12-01T09:23:32.892Z, 249.61305099999998, 350.77377480000007
1701422612924, 2023-12-01T09:23:32.924Z, 255.6976968, 357.3574684000001
1701422612939, 2023-12-01T09:23:32.939Z, 249.265623, 357.223648
1701422612956, 2023-12-01T09:23:32.956Z, 240.62803300000002, 357.2339878
1701422612969, 2023-12-01T09:23:32.969Z, 232.7335906, 361.5145392
1701422612986, 2023-12-01T09:23:32.986Z, 231.88831580000002, 352.64310919999997
1701422613001, 2023-12-01T09:23:33.001Z, 241.2895254, 344.6661968
1701422613016, 2023-12-01T09:23:33.016Z, 261.7877032, 336.9291698
1701422613031, 2023-12-01T09:23:33.031Z, 279.6262264, 327.9342264
1701422613046, 2023-12-01T09:23:33.046Z, 281.7137504, 324.17068359999996
1701422613063, 2023-12-01T09:23:33.063Z, 283.48385440000004, 330.22036779999996
1701422613085, 2023-12-01T09:23:33.085Z, 265.9186432, 336.94686740000003
1701422613109, 2023-12-01T09:23:33.109Z, 242.5380892, 343.5448986
1701422613125, 2023-12-01T09:23:33.125Z, 228.7197122, 344.81426419999997
1701422613141, 2023-12-01T09:23:33.141Z, 230.4012252, 339.921011
1701422613157, 2023-12-01T09:23:33.157Z, 230.839151, 333.29483980000003
1701422613174, 2023-12-01T09:23:33.174Z, 246.77973219999998, 324.0227978
1701422613189, 2023-12-01T09:23:33.189Z, 265.6128078, 314.15146999999996
1701422613203, 2023-12-01T09:23:33.203Z, 278.7176114, 310.3780728
1701422613219, 2023-12-01T09:23:33.219Z, 290.460711, 307.200099
1701422613250, 2023-12-01T09:23:33.250Z, 298.982917, 308.4218902
1701422613266, 2023-12-01T09:23:33.266Z, 308.6906726, 308.25857340000005
1701422613282, 2023-12-01T09:23:33.283Z, 321.5651176, 309.22683440000003
1701422613297, 2023-12-01T09:23:33.297Z, 332.9660786, 310.65551760000005
1701422613313, 2023-12-01T09:23:33.313Z, 342.90529159999994, 313.0079084
1701422613327, 2023-12-01T09:23:33.327Z, 356.73957740000003, 312.83903100000003
1701422613343, 2023-12-01T09:23:33.343Z, 363.8773686, 312.650219
1701422613360, 2023-12-01T09:23:33.360Z, 364.6845866, 311.714878
1701422613383, 2023-12-01T09:23:33.383Z, 358.4706702, 309.9678682
1701422613407, 2023-12-01T09:23:33.407Z, 361.17160720000004, 310.32299500000005
1701422613422, 2023-12-01T09:23:33.422Z, 356.80310900000006, 314.4398454
1701422613438, 2023-12-01T09:23:33.438Z, 349.8276536, 318.3200014
1701422613451, 2023-12-01T09:23:33.451Z, 345.059704, 322.2681658
1701422613467, 2023-12-01T09:23:33.467Z, 369.2986586, 327.373604
1701422613483, 2023-12-01T09:23:33.483Z, 388.8670024, 327.9831974
1701422613499, 2023-12-01T09:23:33.499Z, 413.35286320000006, 327.377932
1701422613514, 2023-12-01T09:23:33.514Z, 446.6685356, 327.15761660000004
1701422613536, 2023-12-01T09:23:33.536Z, 479.49968820000004, 324.7576528000001
1701422613561, 2023-12-01T09:23:33.561Z, 495.4665472, 322.885226
1701422613576, 2023-12-01T09:23:33.576Z, 508.7469306, 322.6091622
1701422613592, 2023-12-01T09:23:33.592Z, 519.9502947999999, 323.24218039999994
1701422613608, 2023-12-01T09:23:33.608Z, 526.545553, 323.7733988
1701422613623, 2023-12-01T09:23:33.623Z, 528.3372186, 324.9178888
1701422613639, 2023-12-01T09:23:33.639Z, 526.4137796000001, 324.90978540000003
1701422613654, 2023-12-01T09:23:33.654Z, 518.1312384, 328.73550639999996
1701422613688, 2023-12-01T09:23:33.688Z, 498.1014846, 332.82795139999996
1701422613715, 2023-12-01T09:23:33.715Z, 459.5772212, 336.9346558
1701422613733, 2023-12-01T09:23:33.733Z, 408.2553328, 341.9103344
1701422613762, 2023-12-01T09:23:33.762Z, 344.1815874, 353.3569118
1701422613779, 2023-12-01T09:23:33.779Z, 286.59136359999997, 360.956456
1701422613810, 2023-12-01T09:23:33.810Z, 236.25738, 364.1287704
1701422613833, 2023-12-01T09:23:33.833Z, 200.172415, 364.64089679999995
1701422613856, 2023-12-01T09:23:33.856Z, 189.9227716, 365.534433
1701422613875, 2023-12-01T09:23:33.875Z, 186.4978784, 363.9200066
1701422613905, 2023-12-01T09:23:33.905Z, 172.6700622, 388.3821846
1701422613918, 2023-12-01T09:23:33.918Z, 170.264405, 406.9635882
1701422613935, 2023-12-01T09:23:33.935Z, 162.36348759999998, 417.18627399999997
1701422613951, 2023-12-01T09:23:33.951Z, 147.5555938, 436.3670922
1701422613966, 2023-12-01T09:23:33.966Z, 140.8240366, 448.1736482
1701422613997, 2023-12-01T09:23:33.997Z, 134.03933320000002, 416.57527719999996
1701422614012, 2023-12-01T09:23:34.012Z, 108.0236942, 394.10777279999996
1701422614027, 2023-12-01T09:23:34.027Z, 91.649861, 383.3198746
1701422614043, 2023-12-01T09:23:34.043Z, 68.0501286, 367.18150479999997
1701422614199, 2023-12-01T09:23:34.199Z, 43.044182, 378.9358178
1701422614214, 2023-12-01T09:23:34.214Z, 27.6743376, 408.1754742
1701422614229, 2023-12-01T09:23:34.229Z, 28.935413800000003, 433.16462900000005
1701422614246, 2023-12-01T09:23:34.246Z, 29.662586599999997, 457.4917746
1701422614260, 2023-12-01T09:23:34.260Z, 35.5272778, 477.48487880000005
1701422614308, 2023-12-01T09:23:34.308Z, 33.9656622, 470.1643728
1701422614323, 2023-12-01T09:23:34.323Z, 35.2643348, 462.77195980000005
1701422614340, 2023-12-01T09:23:34.340Z, 33.8246848, 459.30873760000003
1701422614368, 2023-12-01T09:23:34.368Z, 33.9811706, 467.5367155999999
1701422614390, 2023-12-01T09:23:34.390Z, 51.73697119999999, 472.92588340000003
1701422614403, 2023-12-01T09:23:34.403Z, 71.93834039999999, 480.974042
1701422614417, 2023-12-01T09:23:34.417Z, 93.69451919999999, 483.63294780000007
1701422614438, 2023-12-01T09:23:34.438Z, 108.2374556, 487.3011346
1701422614464, 2023-12-01T09:23:34.464Z, 126.4453176, 478.9229064
1701422614480, 2023-12-01T09:23:34.480Z, 114.97278199999998, 473.99622199999993
1701422614511, 2023-12-01T09:23:34.511Z, 111.5666524, 466.1176804
1701422614527, 2023-12-01T09:23:34.527Z, 101.5579556, 461.236071
1701422614543, 2023-12-01T09:23:34.543Z, 107.2843518, 455.1812202
1701422614558, 2023-12-01T09:23:34.558Z, 105.51553679999999, 449.5847248
1701422614590, 2023-12-01T09:23:34.590Z, 117.8925662, 444.1950178
1701422614605, 2023-12-01T09:23:34.605Z, 122.861006, 442.92963280000004
1701422614621, 2023-12-01T09:23:34.621Z, 121.75542379999999, 452.28882439999995
1701422614635, 2023-12-01T09:23:34.635Z, 98.8803354, 468.1271914
1701422614654, 2023-12-01T09:23:34.654Z, 80.59058139999999, 476.176998
1701422614666, 2023-12-01T09:23:34.666Z, 59.298205599999996, 489.9103454
1701422614682, 2023-12-01T09:23:34.682Z, 43.2935022, 500.2947462
1701422614696, 2023-12-01T09:23:34.696Z, 37.7670272, 500.6457678
1701422614712, 2023-12-01T09:23:34.712Z, 43.565572599999996, 491.820788
1701422614775, 2023-12-01T09:23:34.775Z, 54.0951276, 490.03449620000004
1701422614808, 2023-12-01T09:23:34.808Z, 98.92618440000001, 476.01452259999996
1701422614823, 2023-12-01T09:23:34.823Z, 156.8760004, 460.9895764
1701422614839, 2023-12-01T09:23:34.839Z, 174.048614, 451.5004406
1701422614856, 2023-12-01T09:23:34.856Z, 189.4840288, 444.06062840000004
1701422614874, 2023-12-01T09:23:34.874Z, 205.6952542, 436.5650124
1701422614889, 2023-12-01T09:23:34.889Z, 183.2613932, 437.3761996
1701422614915, 2023-12-01T09:23:34.915Z, 145.9431604, 441.75023739999995
1701422614933, 2023-12-01T09:23:34.933Z, 159.1762928, 440.350847
1701422614962, 2023-12-01T09:23:34.962Z, 179.91105699999997, 437.2036408
1701422614978, 2023-12-01T09:23:34.978Z, 192.4331996, 437.2431028
1701422614995, 2023-12-01T09:23:34.995Z, 211.403932, 435.9897666
1701422615009, 2023-12-01T09:23:35.009Z, 224.7663644, 437.7461694
1701422615048, 2023-12-01T09:23:35.048Z, 221.924039, 443.27303300000005
1701422615073, 2023-12-01T09:23:35.073Z, 218.9050434, 440.5470904
1701422615089, 2023-12-01T09:23:35.089Z, 207.76066999999998, 440.1698198
1701422615106, 2023-12-01T09:23:35.106Z, 211.4849174, 449.28088339999994
1701422615121, 2023-12-01T09:23:35.121Z, 215.2118868, 457.6903444000001
1701422615134, 2023-12-01T09:23:35.134Z, 223.67409819999997, 464.88871140000003
1701422615149, 2023-12-01T09:23:35.149Z, 223.97254820000003, 483.27625100000006
1701422615165, 2023-12-01T09:23:35.165Z, 238.62579580000002, 498.46549219999997
1701422615185, 2023-12-01T09:23:35.185Z, 243.18149480000002, 506.0368296
1701422615213, 2023-12-01T09:23:35.213Z, 253.6886096, 509.8977508
1701422615228, 2023-12-01T09:23:35.228Z, 261.1475698, 511.0934972
1701422615245, 2023-12-01T09:23:35.245Z, 268.8195408, 511.714452
1701422615260, 2023-12-01T09:23:35.260Z, 260.348229, 508.2093122
1701422615276, 2023-12-01T09:23:35.276Z, 263.808758, 493.9441124
1701422615309, 2023-12-01T09:23:35.309Z, 257.8482352, 483.39276639999997
1701422615323, 2023-12-01T09:23:35.323Z, 254.9478474, 475.24622239999997
1701422615339, 2023-12-01T09:23:35.339Z, 243.96851619999998, 468.7640096
1701422615359, 2023-12-01T09:23:35.359Z, 247.3261336, 462.4247152
1701422615372, 2023-12-01T09:23:35.372Z, 230.63871439999997, 463.7756106
1701422615389, 2023-12-01T09:23:35.389Z, 216.951397, 462.33712720000005
1701422615405, 2023-12-01T09:23:35.405Z, 190.24619879999997, 456.0144208
1701422615420, 2023-12-01T09:23:35.420Z, 163.18225379999998, 448.629565
1701422615436, 2023-12-01T09:23:35.436Z, 130.479198, 443.42842120000006
1701422615450, 2023-12-01T09:23:35.450Z, 104.80970219999999, 440.115178
1701422615465, 2023-12-01T09:23:35.465Z, 79.12526700000001, 437.73306420000006
1701422615512, 2023-12-01T09:23:35.512Z, 61.31071820000001, 445.79332999999997
1701422615543, 2023-12-01T09:23:35.543Z, 49.680560799999995, 464.41734859999997
1701422615590, 2023-12-01T09:23:35.590Z, 50.97528319999999, 468.92877200000004
1701422615590, 2023-12-01T09:23:35.590Z, 46.8048278, 475.29712880000005
1701422615622, 2023-12-01T09:23:35.622Z, 43.773098600000004, 490.4818208
1701422615638, 2023-12-01T09:23:35.638Z, 45.7028286, 500.6791886
1701422615652, 2023-12-01T09:23:35.652Z, 48.21238079999999, 501.12732960000005
1701422615667, 2023-12-01T09:23:35.667Z, 41.5746268, 515.7062074
1701422615684, 2023-12-01T09:23:35.684Z, 38.7281276, 522.9209866
1701422615700, 2023-12-01T09:23:35.700Z, 40.0845126, 524.1396924000001
1701422615715, 2023-12-01T09:23:35.715Z, 47.0460018, 522.6695976000001
1701422615731, 2023-12-01T09:23:35.731Z, 53.9119238, 520.6571126
1701422615746, 2023-12-01T09:23:35.746Z, 61.837640199999996, 518.9503279999999
1701422615761, 2023-12-01T09:23:35.761Z, 67.1871004, 524.1057330000001
1701422615786, 2023-12-01T09:23:35.786Z, 72.6980682, 529.7767044
1701422615800, 2023-12-01T09:23:35.800Z, 73.8485596, 538.7820952
1701422615838, 2023-12-01T09:23:35.838Z, 70.009143, 549.8801922
1701422615855, 2023-12-01T09:23:35.855Z, 66.151497, 558.3392867999999
1701422615899, 2023-12-01T09:23:35.899Z, 54.5725104, 560.9153991999999
1701422615915, 2023-12-01T09:23:35.915Z, 46.70501900000001, 565.0673346
1701422615938, 2023-12-01T09:23:35.938Z, 56.923169800000004, 578.866684
1701422615961, 2023-12-01T09:23:35.961Z, 74.79126699999999, 589.09319
1701422615976, 2023-12-01T09:23:35.976Z, 92.8145758, 603.6139592
1701422615991, 2023-12-01T09:23:35.991Z, 116.4458834, 621.7441306
1701422616023, 2023-12-01T09:23:36.023Z, 127.470082, 632.5863676
1701422616038, 2023-12-01T09:23:36.038Z, 115.543282, 631.3830492
1701422616055, 2023-12-01T09:23:36.055Z, 88.35123300000001, 623.9042661999999
1701422616131, 2023-12-01T09:23:36.131Z, 61.221157399999996, 610.5973852
1701422616147, 2023-12-01T09:23:36.147Z, 40.588941, 606.2494604000001
1701422616162, 2023-12-01T09:23:36.162Z, 28.1193418, 603.5762543999999
1701422616178, 2023-12-01T09:23:36.178Z, 17.484682, 600.1058794
1701422616193, 2023-12-01T09:23:36.193Z, 20.673797999999998, 598.2036458
1701422616208, 2023-12-01T09:23:36.208Z, 21.824481799999997, 594.5340598
1701422616237, 2023-12-01T09:23:36.237Z, 20.721190999999997, 582.4702477999999
1701422616256, 2023-12-01T09:23:36.256Z, 21.6153604, 569.5051352
1701422616272, 2023-12-01T09:23:36.272Z, 19.236658600000002, 556.3517596
1701422616288, 2023-12-01T09:23:36.288Z, 20.9789896, 548.869046
1701422616302, 2023-12-01T09:23:36.302Z, 24.113192599999998, 547.2374564
1701422616335, 2023-12-01T09:23:36.335Z, 25.3705792, 545.053956
1701422616347, 2023-12-01T09:23:36.347Z, 23.7993378, 544.1961865999999
1701422616363, 2023-12-01T09:23:36.363Z, 24.599165399999997, 544.9113906
1701422616386, 2023-12-01T09:23:36.386Z, 26.638264200000002, 557.6278518
1701422616425, 2023-12-01T09:23:36.425Z, 39.931266, 583.4803006
1701422616441, 2023-12-01T09:23:36.441Z, 53.0767656, 609.405465
1701422616457, 2023-12-01T09:23:36.457Z, 52.38256899999999, 623.8818325999999
1701422616472, 2023-12-01T09:23:36.472Z, 68.2612294, 649.3555804
1701422616488, 2023-12-01T09:23:36.488Z, 74.4289314, 659.0276547999999
1701422616597, 2023-12-01T09:23:36.597Z, 67.3642662, 633.5212518000001
1701422616613, 2023-12-01T09:23:36.613Z, 63.7532382, 608.3412768
1701422616644, 2023-12-01T09:23:36.644Z, 75.75910459999999, 596.1764776
1701422616659, 2023-12-01T09:23:36.659Z, 71.0444586, 576.7741128
1701422616688, 2023-12-01T09:23:36.688Z, 72.158634, 559.8624412000001
1701422616705, 2023-12-01T09:23:36.705Z, 72.8051568, 565.583168
1701422616738, 2023-12-01T09:23:36.738Z, 65.7856176, 565.0642736
1701422616753, 2023-12-01T09:23:36.753Z, 60.88019800000001, 565.3851078
1701422616784, 2023-12-01T09:23:36.784Z, 59.00777800000001, 562.7903906
1701422616798, 2023-12-01T09:23:36.798Z, 52.82821320000001, 558.4458262
1701422616815, 2023-12-01T09:23:36.815Z, 50.027704799999995, 555.7969878
1701422616838, 2023-12-01T09:23:36.838Z, 62.723854, 570.4902604000001
1701422616862, 2023-12-01T09:23:36.862Z, 78.12742399999999, 589.1020455999999
1701422616876, 2023-12-01T09:23:36.876Z, 96.932492, 610.4938526
1701422616891, 2023-12-01T09:23:36.891Z, 121.61876179999999, 633.7177513999999
1701422616910, 2023-12-01T09:23:36.910Z, 143.08681760000002, 657.7410162
1701422616939, 2023-12-01T09:23:36.939Z, 153.2368568, 669.102156
1701422616971, 2023-12-01T09:23:36.971Z, 156.1613668, 669.2336242
1701422616987, 2023-12-01T09:23:36.987Z, 144.1146302, 660.9464244
1701422617003, 2023-12-01T09:23:37.003Z, 115.27001720000001, 648.9164195999999
1701422617017, 2023-12-01T09:23:37.017Z, 95.600576, 634.1375406
1701422617034, 2023-12-01T09:23:37.034Z, 78.6134022, 623.7673801999999
1701422617049, 2023-12-01T09:23:37.049Z, 64.5877382, 618.5529761999999
1701422617064, 2023-12-01T09:23:37.064Z, 69.18243939999999, 616.9482596
1701422617096, 2023-12-01T09:23:37.096Z, 83.42281519999999, 623.5053524000001
1701422617111, 2023-12-01T09:23:37.111Z, 86.3235326, 631.3493668
1701422617137, 2023-12-01T09:23:37.137Z, 86.1202098, 636.9347542
1701422617159, 2023-12-01T09:23:37.159Z, 85.28196260000001, 640.0644639999999
1701422617174, 2023-12-01T09:23:37.174Z, 76.6378316, 646.1780288
1701422617190, 2023-12-01T09:23:37.190Z, 74.50581280000002, 645.4429574
1701422617205, 2023-12-01T09:23:37.205Z, 78.5797286, 639.7803338
1701422617238, 2023-12-01T09:23:37.238Z, 89.6074828, 639.798895
1701422617252, 2023-12-01T09:23:37.252Z, 102.30832219999999, 643.3726914
1701422617267, 2023-12-01T09:23:37.267Z, 116.1761342, 642.7532262
1701422617286, 2023-12-01T09:23:37.286Z, 121.7837526, 640.2616092000001
1701422617297, 2023-12-01T09:23:37.297Z, 171.2131676, 632.1529497999999
1701422617344, 2023-12-01T09:23:37.344Z, 222.038647, 616.3757261999999
1701422617392, 2023-12-01T09:23:37.392Z, 287.8405144, 582.7355782
1701422617431, 2023-12-01T09:23:37.431Z, 299.0181352, 551.2786572
1701422617455, 2023-12-01T09:23:37.455Z, 289.781844, 533.0689958
1701422617470, 2023-12-01T09:23:37.470Z, 242.3117182, 519.155378
1701422617486, 2023-12-01T09:23:37.486Z, 191.2536776, 509.269541
1701422617501, 2023-12-01T09:23:37.501Z, 121.1686966, 518.5030885999998
1701422617516, 2023-12-01T09:23:37.516Z, 123.6951276, 527.292733
1701422617532, 2023-12-01T09:23:37.532Z, 150.9432402, 528.4105288
1701422617548, 2023-12-01T09:23:37.548Z, 169.7025868, 534.0573179999999
1701422617563, 2023-12-01T09:23:37.563Z, 190.14742859999998, 541.9232273999999
1701422617587, 2023-12-01T09:23:37.587Z, 210.23421599999998, 546.1577534
1701422617603, 2023-12-01T09:23:37.603Z, 211.48180059999999, 551.3316938
1701422617626, 2023-12-01T09:23:37.626Z, 212.85676600000002, 554.8836948000001
1701422617641, 2023-12-01T09:23:37.641Z, 210.30206280000002, 557.7738138000001
1701422617658, 2023-12-01T09:23:37.658Z, 207.2657174, 559.3211382000001
1701422617675, 2023-12-01T09:23:37.675Z, 198.65099379999998, 562.924367
1701422617706, 2023-12-01T09:23:37.706Z, 194.6257362, 565.954402
1701422617753, 2023-12-01T09:23:37.753Z, 205.085687, 569.6720889999999
1701422617771, 2023-12-01T09:23:37.771Z, 221.7216112, 573.2775174000001
1701422617786, 2023-12-01T09:23:37.786Z, 234.87637759999998, 573.1133778000001
1701422617802, 2023-12-01T09:23:37.802Z, 257.21116440000003, 572.1597862000001
1701422617816, 2023-12-01T09:23:37.816Z, 267.9070082, 573.3899188
1701422617833, 2023-12-01T09:23:37.833Z, 270.2685868, 576.8487748
1701422617865, 2023-12-01T09:23:37.865Z, 269.4257246, 582.2471462000001
1701422617884, 2023-12-01T09:23:37.884Z, 262.2348748, 586.8077208000001
1701422617912, 2023-12-01T09:23:37.912Z, 250.50490960000002, 593.0152008
1701422617928, 2023-12-01T09:23:37.928Z, 237.79335179999998, 599.9152486
1701422617943, 2023-12-01T09:23:37.943Z, 200.17547879999998, 603.7768138
1701422617974, 2023-12-01T09:23:37.974Z, 163.89932779999998, 616.6562258
1701422618021, 2023-12-01T09:23:38.021Z, 134.0882714, 632.7251152
1701422618038, 2023-12-01T09:23:38.038Z, 113.47845600000001, 655.2519867999999
1701422618052, 2023-12-01T09:23:38.052Z, 99.2062364, 676.5227194
1701422618145, 2023-12-01T09:23:38.145Z, 86.45804580000001, 688.959659
1701422618533, 2023-12-01T09:23:38.533Z, 93.80230300000001, 684.2357972
1701422618579, 2023-12-01T09:23:38.579Z, 94.5777674, 679.496902
1701422618783, 2023-12-01T09:23:38.783Z, 95.06465820000001, 681.0426466
1701422618813, 2023-12-01T09:23:38.813Z, 104.7950036, 681.3640596
1701422618859, 2023-12-01T09:23:38.859Z, 131.89482719999998, 673.2080330000001
1701422618875, 2023-12-01T09:23:38.875Z, 140.6456346, 678.0973590000001
1701422618890, 2023-12-01T09:23:38.890Z, 152.771749, 683.4995474
1701422618906, 2023-12-01T09:23:38.906Z, 165.292243, 675.4898506
1701422618937, 2023-12-01T09:23:38.937Z, 171.34606120000004, 666.7518858000001
1701422618952, 2023-12-01T09:23:38.952Z, 170.6765676, 669.017871
1701422618997, 2023-12-01T09:23:38.997Z, 195.13558639999997, 619.0226650000001
1701422619028, 2023-12-01T09:23:39.028Z, 223.2674082, 563.0176154
1701422619044, 2023-12-01T09:23:39.044Z, 237.78564659999998, 499.55618620000007
1701422619088, 2023-12-01T09:23:39.088Z, 286.8043394, 416.48902740000005
1701422619124, 2023-12-01T09:23:39.124Z, 345.17451100000005, 341.693451
1701422619141, 2023-12-01T09:23:39.141Z, 370.13152279999997, 325.2290822
1701422619171, 2023-12-01T09:23:39.171Z, 391.5520006, 311.87895760000004
1701422619186, 2023-12-01T09:23:39.186Z, 420.61329579999995, 304.0099722
1701422619218, 2023-12-01T09:23:39.218Z, 414.0584244, 313.02319
1701422619234, 2023-12-01T09:23:39.234Z, 403.026706, 322.7394314
1701422619266, 2023-12-01T09:23:39.266Z, 374.9010184, 326.2290258
1701422619279, 2023-12-01T09:23:39.279Z, 361.946823, 319.28498060000004
1701422619295, 2023-12-01T09:23:39.295Z, 350.2872064, 312.60744080000006
1701422619311, 2023-12-01T09:23:39.311Z, 352.5286536, 314.090351
1701422619327, 2023-12-01T09:23:39.327Z, 369.6641116, 310.4806684
1701422619342, 2023-12-01T09:23:39.342Z, 415.39512679999996, 297.1524024
1701422619358, 2023-12-01T09:23:39.358Z, 450.14810539999996, 294.8439738
1701422619386, 2023-12-01T09:23:39.386Z, 486.12897119999997, 293.58374
1701422619404, 2023-12-01T09:23:39.404Z, 509.2701274, 288.96698200000003
1701422619420, 2023-12-01T09:23:39.420Z, 507.8847291999999, 287.626431
1701422619435, 2023-12-01T09:23:39.435Z, 507.7951058, 290.87019799999996
1701422619451, 2023-12-01T09:23:39.451Z, 506.8294742, 292.95965839999997
1701422619468, 2023-12-01T09:23:39.468Z, 501.922444, 293.6323614
1701422619484, 2023-12-01T09:23:39.484Z, 495.4504546, 294.10361040000004
1701422619498, 2023-12-01T09:23:39.498Z, 502.690841, 296.8958502
1701422619514, 2023-12-01T09:23:39.514Z, 497.2909652, 299.0290536
1701422619537, 2023-12-01T09:23:39.537Z, 490.1321534, 302.56059400000004
1701422619576, 2023-12-01T09:23:39.576Z, 493.955752, 305.725507
1701422619591, 2023-12-01T09:23:39.591Z, 498.62890200000004, 308.302252
1701422619607, 2023-12-01T09:23:39.607Z, 498.08851559999994, 307.9342602
1701422619623, 2023-12-01T09:23:39.623Z, 502.9611858, 299.6518628
1701422619638, 2023-12-01T09:23:39.638Z, 507.3971132, 292.1569058
1701422619640, 2023-12-01T09:23:39.640Z, 500.04203079999996, 282.8857728
1701422619657, 2023-12-01T09:23:39.657Z, 491.1856786, 274.0890322
1701422619685, 2023-12-01T09:23:39.685Z, 477.4584268, 268.6944232
1701422619701, 2023-12-01T09:23:39.701Z, 462.87256399999995, 274.344364
1701422619717, 2023-12-01T09:23:39.717Z, 452.60085799999996, 279.1862438
1701422619733, 2023-12-01T09:23:39.733Z, 443.04076399999997, 286.8731146
1701422619748, 2023-12-01T09:23:39.748Z, 438.7707932, 295.20176040000007
1701422619764, 2023-12-01T09:23:39.764Z, 448.9629938, 301.1659986
1701422619795, 2023-12-01T09:23:39.795Z, 476.3325176, 305.08892879999996
1701422619810, 2023-12-01T09:23:39.810Z, 503.9189858000001, 307.3104154
1701422619837, 2023-12-01T09:23:39.837Z, 533.516583, 309.575497
1701425664567, 2023-12-01T10:14:24.567Z, 489.667519, 214.641701
1701425664581, 2023-12-01T10:14:24.581Z, 496.40628300000003, 213.4814465
1701425664596, 2023-12-01T10:14:24.596Z, 496.4585436666667, 213.37827566666667
1701425664643, 2023-12-01T10:14:24.643Z, 496.24734850000004, 211.62842125
1701425664658, 2023-12-01T10:14:24.658Z, 489.3633484, 210.24587780000002
1701425664690, 2023-12-01T10:14:24.690Z, 483.2457566, 209.5278444
1701425664706, 2023-12-01T10:14:24.706Z, 448.6086802, 220.10733039999997
1701425664722, 2023-12-01T10:14:24.722Z, 405.1668904, 237.8418662
1701425664736, 2023-12-01T10:14:24.736Z, 327.39711179999995, 274.22239099999996
1701425664765, 2023-12-01T10:14:24.765Z, 254.46626959999998, 314.09345360000003
1701425664783, 2023-12-01T10:14:24.783Z, 180.35818439999997, 352.67920919999995
1701425664799, 2023-12-01T10:14:24.799Z, 134.5727696, 379.3897212
1701425664814, 2023-12-01T10:14:24.814Z, 98.01693459999998, 398.538433
1701425664832, 2023-12-01T10:14:24.832Z, 98.73273379999999, 399.710061
1701425664847, 2023-12-01T10:14:24.847Z, 104.5312812, 394.4569408
1701425664863, 2023-12-01T10:14:24.863Z, 112.2074064, 389.82348939999997
1701425664877, 2023-12-01T10:14:24.877Z, 115.93256820000002, 393.92842579999996
1701425664893, 2023-12-01T10:14:24.893Z, 120.589742, 400.549104
1701425664919, 2023-12-01T10:14:24.919Z, 122.1253586, 409.4284116
1701425664940, 2023-12-01T10:14:24.940Z, 120.3206982, 423.43784020000004
1701425664958, 2023-12-01T10:14:24.958Z, 113.94203559999998, 443.7125932
1701425664971, 2023-12-01T10:14:24.971Z, 106.82039420000001, 460.43521799999996
1701425664987, 2023-12-01T10:14:24.987Z, 99.19088719999999, 474.19098540000005
1701425665003, 2023-12-01T10:14:25.003Z, 90.48458939999999, 486.1059773999999
1701425665018, 2023-12-01T10:14:25.018Z, 83.0636858, 497.6282814
1701425665034, 2023-12-01T10:14:25.034Z, 77.1764876, 504.18437680000005
1701425665051, 2023-12-01T10:14:25.051Z, 71.37583, 508.7346882
1701425665069, 2023-12-01T10:14:25.069Z, 63.908002999999994, 518.5201902
1701425665081, 2023-12-01T10:14:25.081Z, 55.8746306, 529.1782392
1701425665158, 2023-12-01T10:14:25.158Z, 40.2418652, 537.9111322000001
1701425665173, 2023-12-01T10:14:25.173Z, 28.243312399999997, 543.9946502
1701425665189, 2023-12-01T10:14:25.189Z, 20.369355999999996, 546.1083284
1701425665213, 2023-12-01T10:14:25.213Z, 17.963489799999998, 543.1465672
1701425665235, 2023-12-01T10:14:25.235Z, 15.8481672, 540.061554
1701425665281, 2023-12-01T10:14:25.281Z, 15.470324399999999, 538.9793542
1701425665298, 2023-12-01T10:14:25.298Z, 15.983989, 537.2988722
1701425665316, 2023-12-01T10:14:25.316Z, 15.050624799999998, 535.8340166
1701425665330, 2023-12-01T10:14:25.330Z, 10.2626964, 536.04095
1701425665346, 2023-12-01T10:14:25.346Z, 9.790286599999998, 534.244618
1701425665392, 2023-12-01T10:14:25.392Z, 21.2253928, 532.4877206
1701425665408, 2023-12-01T10:14:25.408Z, 28.428911199999998, 531.2334704
1701425665439, 2023-12-01T10:14:25.439Z, 42.220664799999994, 534.737402
1701425665487, 2023-12-01T10:14:25.487Z, 65.1442422, 539.1253216
1701425665519, 2023-12-01T10:14:25.519Z, 99.2180108, 542.988544
1701425665534, 2023-12-01T10:14:25.534Z, 127.403259, 545.041745
1701425665552, 2023-12-01T10:14:25.552Z, 157.6784776, 548.5695128
1701425665568, 2023-12-01T10:14:25.568Z, 182.5868482, 548.574564
1701425665581, 2023-12-01T10:14:25.581Z, 199.42565879999998, 546.2306732
1701425665598, 2023-12-01T10:14:25.598Z, 201.3750858, 545.2145848
1701425665614, 2023-12-01T10:14:25.614Z, 208.0928932, 543.8281826
1701425665630, 2023-12-01T10:14:25.630Z, 213.9856862, 542.3182942000001
1701425665646, 2023-12-01T10:14:25.646Z, 219.07379799999998, 542.1482198000001
1701425665693, 2023-12-01T10:14:25.693Z, 223.976852, 544.4002518000001
1701425665708, 2023-12-01T10:14:25.708Z, 231.225976, 546.8402418
1701425665726, 2023-12-01T10:14:25.726Z, 231.8804274, 545.7076012
1701425665756, 2023-12-01T10:14:25.756Z, 231.9643224, 542.5324397999999
1701425665772, 2023-12-01T10:14:25.772Z, 229.406128, 538.5792187999999
1701425665819, 2023-12-01T10:14:25.819Z, 226.65153339999998, 532.4198411999998
1701425665835, 2023-12-01T10:14:25.835Z, 223.357639, 527.4437397999999
1701425665850, 2023-12-01T10:14:25.850Z, 220.87804139999997, 526.1793692
1701425665865, 2023-12-01T10:14:25.865Z, 220.56167599999998, 527.082087
1701425665880, 2023-12-01T10:14:25.880Z, 234.1150486, 530.1141501999999
1701425665897, 2023-12-01T10:14:25.897Z, 247.8155408, 533.7740306
1701425665913, 2023-12-01T10:14:25.913Z, 259.1261926, 536.5231216
1701425665928, 2023-12-01T10:14:25.928Z, 275.424884, 539.5536456
1701425665943, 2023-12-01T10:14:25.943Z, 287.99918379999997, 541.621942
1701425665968, 2023-12-01T10:14:25.968Z, 294.99510419999996, 542.5638720000001
1701425665991, 2023-12-01T10:14:25.991Z, 297.5629938, 542.9107638000002
1701425666007, 2023-12-01T10:14:26.007Z, 301.595692, 543.3652452000001
1701425666023, 2023-12-01T10:14:26.023Z, 302.0535006, 543.0051036000001
1701425666039, 2023-12-01T10:14:26.039Z, 301.116, 542.7400236
1701425666056, 2023-12-01T10:14:26.056Z, 277.27059440000005, 542.8955448
1701425666070, 2023-12-01T10:14:26.070Z, 263.6874656, 542.3979028
1701425666102, 2023-12-01T10:14:26.102Z, 250.5113934, 541.4394428
1701425666117, 2023-12-01T10:14:26.117Z, 229.499529, 542.5708452
1701425666132, 2023-12-01T10:14:26.132Z, 222.60498820000004, 542.73066
1701425666148, 2023-12-01T10:14:26.148Z, 237.0061218, 539.8187528000001
1701425666163, 2023-12-01T10:14:26.163Z, 247.7577488, 536.3394040000001
1701425666179, 2023-12-01T10:14:26.179Z, 239.0781298, 531.9323534
1701425666195, 2023-12-01T10:14:26.195Z, 231.0636822, 522.1894714
1701425666209, 2023-12-01T10:14:26.209Z, 213.61287559999997, 513.6158952
1701425666225, 2023-12-01T10:14:26.225Z, 190.8096164, 507.07108
1701425666240, 2023-12-01T10:14:26.240Z, 164.069678, 503.1407246
1701425666266, 2023-12-01T10:14:26.266Z, 154.26436239999998, 502.37348299999996
1701425666287, 2023-12-01T10:14:26.287Z, 150.22835500000002, 506.44098160000004
1701425666302, 2023-12-01T10:14:26.302Z, 143.7584806, 507.7230476
1701425666318, 2023-12-01T10:14:26.318Z, 122.89949399999998, 511.0747818000001
1701425666334, 2023-12-01T10:14:26.334Z, 113.4428214, 513.2320436000001
1701425666351, 2023-12-01T10:14:26.351Z, 105.9974136, 514.7624254
1701425666365, 2023-12-01T10:14:26.365Z, 92.33265120000002, 515.8557632
1701425666380, 2023-12-01T10:14:26.380Z, 84.220962, 516.1207684
1701425666396, 2023-12-01T10:14:26.396Z, 91.75970199999999, 513.45834
1701425666417, 2023-12-01T10:14:26.417Z, 88.277892, 508.9924138
1701425666428, 2023-12-01T10:14:26.428Z, 83.557478, 509.26947899999993
1701425666445, 2023-12-01T10:14:26.445Z, 88.3537686, 509.9355894
1701425666476, 2023-12-01T10:14:26.476Z, 90.59941699999999, 513.3699991999999
1701425666491, 2023-12-01T10:14:26.491Z, 89.35616380000002, 518.2469314
1701425666507, 2023-12-01T10:14:26.507Z, 91.82548820000001, 524.8255056
1701425666522, 2023-12-01T10:14:26.522Z, 94.226708, 527.2643556
1701425666541, 2023-12-01T10:14:26.541Z, 95.7123342, 529.0708404
1701425666564, 2023-12-01T10:14:26.564Z, 99.1990956, 535.264993
1701425666581, 2023-12-01T10:14:26.581Z, 107.3651742, 541.0458738
1701425666601, 2023-12-01T10:14:26.601Z, 120.51482660000002, 545.7500288
1701425666616, 2023-12-01T10:14:26.616Z, 135.3857698, 548.2839908
1701425666631, 2023-12-01T10:14:26.631Z, 148.6927146, 550.5915738
1701425666647, 2023-12-01T10:14:26.647Z, 158.9741096, 550.3569175999999
1701425666663, 2023-12-01T10:14:26.663Z, 167.2834244, 547.3587388
1701425666678, 2023-12-01T10:14:26.678Z, 168.33467220000003, 545.4716513999999
1701425666694, 2023-12-01T10:14:26.694Z, 173.5331862, 543.5791014
1701425666716, 2023-12-01T10:14:26.716Z, 171.1209026, 540.9265638
1701425666741, 2023-12-01T10:14:26.741Z, 169.1539676, 537.514546
1701425666756, 2023-12-01T10:14:26.756Z, 166.6996518, 536.427821
1701425666772, 2023-12-01T10:14:26.772Z, 166.7072718, 537.1454398000001
1701425666788, 2023-12-01T10:14:26.788Z, 164.46728140000002, 536.897624
1701425666806, 2023-12-01T10:14:26.806Z, 165.6938952, 539.7321746
1701425666835, 2023-12-01T10:14:26.835Z, 169.7997422, 541.0791258
1701425666868, 2023-12-01T10:14:26.868Z, 178.7982156, 540.5827225999999
1701425666882, 2023-12-01T10:14:26.882Z, 188.93286519999998, 536.3988032
1701425666897, 2023-12-01T10:14:26.897Z, 192.7544578, 535.9311084
1701425666912, 2023-12-01T10:14:26.912Z, 197.1643046, 535.0028362
1701425666928, 2023-12-01T10:14:26.928Z, 203.4163892, 533.3798194
1701425666944, 2023-12-01T10:14:26.944Z, 205.72585859999998, 533.768221
1701425666959, 2023-12-01T10:14:26.959Z, 208.36643639999997, 531.5986742000001
1701425666974, 2023-12-01T10:14:26.974Z, 213.265042, 528.4307466
1701425666990, 2023-12-01T10:14:26.990Z, 220.08537180000002, 524.4519253999999
1701425667017, 2023-12-01T10:14:27.017Z, 221.32785839999997, 523.8582544
1701425667037, 2023-12-01T10:14:27.037Z, 222.8015464, 520.3688285999999
1701425667053, 2023-12-01T10:14:27.053Z, 221.85874859999998, 519.8170588
1701425667068, 2023-12-01T10:14:27.068Z, 224.64692180000003, 516.764651
1701425667084, 2023-12-01T10:14:27.084Z, 225.02532720000005, 517.4653032
1701425667100, 2023-12-01T10:14:27.100Z, 230.3210646, 513.249993
1701425667131, 2023-12-01T10:14:27.131Z, 230.47478999999998, 512.7574848
1701425667147, 2023-12-01T10:14:27.147Z, 231.39963160000002, 512.2964403999999
1701425667166, 2023-12-01T10:14:27.166Z, 229.99525920000002, 512.6786274
1701425667182, 2023-12-01T10:14:27.182Z, 235.6938862, 507.58198919999995
1701425667194, 2023-12-01T10:14:27.194Z, 235.73271520000003, 504.70173079999995
1701425667225, 2023-12-01T10:14:27.225Z, 236.08711979999998, 503.16984620000005
1701425667239, 2023-12-01T10:14:27.239Z, 237.25671739999999, 507.1040988
1701425667271, 2023-12-01T10:14:27.271Z, 221.64630160000002, 516.2148816
1701425667287, 2023-12-01T10:14:27.287Z, 204.9989332, 526.0548016
1701425667320, 2023-12-01T10:14:27.320Z, 161.2635746, 547.8308422
1701425667335, 2023-12-01T10:14:27.335Z, 121.8769998, 566.0942454
1701425667350, 2023-12-01T10:14:27.350Z, 75.03209240000001, 582.5580092
1701425667366, 2023-12-01T10:14:27.366Z, 49.635384, 596.371888
1701425667382, 2023-12-01T10:14:27.382Z, 19.6835442, 610.0859588000001
1701425667396, 2023-12-01T10:14:27.396Z, 18.8934558, 614.0438676
1701425667413, 2023-12-01T10:14:27.413Z, 23.182129, 618.3165148
1701425667429, 2023-12-01T10:14:27.429Z, 31.654503999999996, 620.4849048
1701425667445, 2023-12-01T10:14:27.445Z, 35.0725114, 621.606326
1701425667464, 2023-12-01T10:14:27.464Z, 37.88896520000001, 622.9543012
1701425667494, 2023-12-01T10:14:27.494Z, 39.47284280000001, 623.2292445999999
1701425667507, 2023-12-01T10:14:27.507Z, 36.177414399999996, 624.4087523999999
1701425667523, 2023-12-01T10:14:27.523Z, 34.0268256, 627.681621
1701425667539, 2023-12-01T10:14:27.539Z, 35.0165592, 634.1303706
1701425667555, 2023-12-01T10:14:27.555Z, 42.99267540000001, 640.583888
1701425667585, 2023-12-01T10:14:27.585Z, 52.55532000000001, 647.2286952000001
1701425667600, 2023-12-01T10:14:27.600Z, 61.970593400000006, 653.7289502
1701425667617, 2023-12-01T10:14:27.617Z, 66.66351399999999, 655.9366046
1701425667648, 2023-12-01T10:14:27.648Z, 71.68740399999999, 653.4412540000001
1701425667663, 2023-12-01T10:14:27.663Z, 67.1934666, 650.8668994
1701425667679, 2023-12-01T10:14:27.679Z, 64.64473079999999, 647.7368456
1701425667695, 2023-12-01T10:14:27.695Z, 60.51566620000001, 644.531109
1701425667712, 2023-12-01T10:14:27.712Z, 59.4780068, 643.0642439999999
1701425667727, 2023-12-01T10:14:27.727Z, 56.66803, 642.0135263999999
1701425667741, 2023-12-01T10:14:27.741Z, 57.001671400000006, 641.1645953999999
1701425667768, 2023-12-01T10:14:27.768Z, 53.597030800000006, 639.1206926
1701425667789, 2023-12-01T10:14:27.789Z, 48.032561, 637.7523659999999
1701425667805, 2023-12-01T10:14:27.805Z, 44.9577498, 635.6496743999999
1701425667821, 2023-12-01T10:14:27.821Z, 50.6136474, 625.015888
1701425667835, 2023-12-01T10:14:27.835Z, 61.3027506, 609.0525936
1701425667853, 2023-12-01T10:14:27.853Z, 76.2299576, 567.1926854
1701425667867, 2023-12-01T10:14:27.867Z, 94.6583548, 516.259495
1701425667885, 2023-12-01T10:14:27.885Z, 111.0083974, 455.9731634
1701425667898, 2023-12-01T10:14:27.898Z, 119.2750212, 392.23038280000003
1701425667914, 2023-12-01T10:14:27.914Z, 124.05572980000002, 322.8422168000001
1701425667945, 2023-12-01T10:14:27.945Z, 125.0353226, 278.819157
1701425667961, 2023-12-01T10:14:27.961Z, 125.4035286, 243.0213462
1701425667977, 2023-12-01T10:14:27.977Z, 124.14805020000001, 218.27819119999998
1701425667994, 2023-12-01T10:14:27.994Z, 125.22315819999999, 205.93548380000001
1701425668008, 2023-12-01T10:14:28.008Z, 128.5792032, 210.065004
1701425668023, 2023-12-01T10:14:28.023Z, 132.83346220000004, 217.0205164
1701425668039, 2023-12-01T10:14:28.039Z, 138.93271140000002, 222.1004102
1701425668066, 2023-12-01T10:14:28.066Z, 142.6619506, 225.5301786
1701425668085, 2023-12-01T10:14:28.085Z, 143.6857482, 228.3318212
1701425668101, 2023-12-01T10:14:28.101Z, 143.3983672, 224.25862740000002
1701425668132, 2023-12-01T10:14:28.132Z, 147.0195868, 215.2919132
1701425668149, 2023-12-01T10:14:28.149Z, 144.66656260000002, 210.304846
1701425668164, 2023-12-01T10:14:28.164Z, 147.4305898, 205.86963339999997
1701425668180, 2023-12-01T10:14:28.180Z, 154.046998, 199.7923072
1701425668195, 2023-12-01T10:14:28.195Z, 158.47798400000002, 196.222734
1701425668219, 2023-12-01T10:14:28.219Z, 156.97146019999997, 199.7250704
1701425668242, 2023-12-01T10:14:28.242Z, 159.2903628, 203.5321716
1701425668258, 2023-12-01T10:14:28.258Z, 150.62582079999999, 229.1040172
1701425668274, 2023-12-01T10:14:28.274Z, 140.06612460000002, 277.02855
1701425668274, 2023-12-01T10:14:28.274Z, 122.3216558, 344.2926638
1701425668291, 2023-12-01T10:14:28.291Z, 104.90904459999999, 415.5729864
1701425668320, 2023-12-01T10:14:28.320Z, 90.16357620000001, 483.5646258
1701425668367, 2023-12-01T10:14:28.367Z, 80.72447, 533.136553
1701425668383, 2023-12-01T10:14:28.383Z, 66.285752, 563.3954364000001
1701425668401, 2023-12-01T10:14:28.401Z, 61.417326, 569.3610335999999
1701425668414, 2023-12-01T10:14:28.414Z, 57.3333444, 564.6495496
1701425668430, 2023-12-01T10:14:28.430Z, 44.9647832, 559.9760516
1701425668445, 2023-12-01T10:14:28.445Z, 41.1528734, 548.4860502
1701425668461, 2023-12-01T10:14:28.461Z, 38.42151199999999, 534.9285804
1701425668478, 2023-12-01T10:14:28.478Z, 33.770369800000005, 525.0104386
1701425668494, 2023-12-01T10:14:28.494Z, 32.365053, 517.3775784000001
1701425668517, 2023-12-01T10:14:28.517Z, 35.5228408, 511.22454199999993
1701425668541, 2023-12-01T10:14:28.541Z, 35.136051800000004, 508.50913660000003
1701425668557, 2023-12-01T10:14:28.557Z, 36.649549, 505.8178054
1701425668572, 2023-12-01T10:14:28.572Z, 38.383626, 503.28642740000004
1701425668588, 2023-12-01T10:14:28.588Z, 41.0744808, 498.75385040000003
1701425668605, 2023-12-01T10:14:28.605Z, 40.5569646, 496.7288848
1701425668635, 2023-12-01T10:14:28.635Z, 41.3903678, 496.05837919999993
1701425668668, 2023-12-01T10:14:28.668Z, 38.6278338, 501.25358459999995
1701425668681, 2023-12-01T10:14:28.681Z, 34.486396199999994, 507.21351119999997
1701425668698, 2023-12-01T10:14:28.698Z, 24.487167799999998, 515.6768079999999
1701425668713, 2023-12-01T10:14:28.713Z, 22.6492916, 514.3984360000001
1701425668729, 2023-12-01T10:14:28.729Z, 17.788815800000002, 512.1022538
1701425668745, 2023-12-01T10:14:28.745Z, 13.9008626, 504.10273099999995
1701425668760, 2023-12-01T10:14:28.760Z, 14.8078422, 495.0841706
1701425668776, 2023-12-01T10:14:28.776Z, 17.5192604, 488.0084522
1701425668791, 2023-12-01T10:14:28.791Z, 13.419279, 491.5473792000001
1701425668855, 2023-12-01T10:14:28.855Z, 10.681418800000001, 497.7745948
1701425668871, 2023-12-01T10:14:28.871Z, 11.794479, 503.04979000000003
1701425668902, 2023-12-01T10:14:28.902Z, 12.4762554, 507.76815939999994
1701425668918, 2023-12-01T10:14:28.918Z, 16.085373399999998, 513.0004414
1701425668933, 2023-12-01T10:14:28.933Z, 23.9026678, 514.0235996
1701425668949, 2023-12-01T10:14:28.949Z, 39.6457988, 509.105493
1701425668966, 2023-12-01T10:14:28.966Z, 53.038191600000005, 506.98127400000004
1701425668995, 2023-12-01T10:14:28.995Z, 67.5642798, 504.574053
1701425669010, 2023-12-01T10:14:29.010Z, 80.18101920000001, 501.6158082
1701425669027, 2023-12-01T10:14:29.027Z, 97.3559188, 500.08944920000005
1701425669041, 2023-12-01T10:14:29.041Z, 107.18452400000001, 504.2188298
1701425669058, 2023-12-01T10:14:29.058Z, 111.15186020000002, 505.34470799999997
1701425669073, 2023-12-01T10:14:29.073Z, 112.3370828, 507.8213956000001
1701425669088, 2023-12-01T10:14:29.088Z, 107.433383, 493.8533116
1701425669117, 2023-12-01T10:14:29.117Z, 96.82696639999999, 471.1886942
1701425669135, 2023-12-01T10:14:29.135Z, 85.20216020000001, 444.10557179999995
1701425669150, 2023-12-01T10:14:29.150Z, 77.59516579999999, 414.468133
1701425669166, 2023-12-01T10:14:29.166Z, 71.3470358, 384.09441219999997
1701425669182, 2023-12-01T10:14:29.182Z, 73.17689039999999, 367.85982879999995
1701425669198, 2023-12-01T10:14:29.198Z, 75.603753, 357.7983886
1701425669214, 2023-12-01T10:14:29.214Z, 87.47932119999999, 347.5587926
1701425669244, 2023-12-01T10:14:29.244Z, 87.282105, 344.0750058
1701425669263, 2023-12-01T10:14:29.263Z, 87.9717774, 340.10245100000003
1701425669290, 2023-12-01T10:14:29.290Z, 87.44678719999999, 337.9493066
1701425669307, 2023-12-01T10:14:29.307Z, 87.89390740000002, 337.22189519999995
1701425669325, 2023-12-01T10:14:29.325Z, 80.8392254, 338.39974199999995
1701425669354, 2023-12-01T10:14:29.354Z, 86.8822132, 336.7407996
1701425669369, 2023-12-01T10:14:29.369Z, 90.2239464, 335.93340539999997
1701425669435, 2023-12-01T10:14:29.435Z, 130.8982554, 318.1525094
1701425669448, 2023-12-01T10:14:29.448Z, 175.9311376, 301.7242358
1701425669463, 2023-12-01T10:14:29.463Z, 228.08605860000003, 285.3651984
1701425669480, 2023-12-01T10:14:29.480Z, 283.521778, 270.62691759999996
1701425669496, 2023-12-01T10:14:29.496Z, 341.05586139999997, 255.6120726
1701425669511, 2023-12-01T10:14:29.511Z, 361.78706739999996, 256.2143948
1701425669528, 2023-12-01T10:14:29.528Z, 379.48881939999995, 254.50372120000003
1701425669544, 2023-12-01T10:14:29.544Z, 387.19893779999995, 252.84503439999997
1701425669592, 2023-12-01T10:14:29.592Z, 397.569999, 246.67824439999998
1701425669609, 2023-12-01T10:14:29.609Z, 408.9241466, 231.72134599999998
1701425669638, 2023-12-01T10:14:29.638Z, 419.98065419999995, 217.64206339999996
1701425669653, 2023-12-01T10:14:29.653Z, 437.4609926, 205.1871362
1701425669669, 2023-12-01T10:14:29.669Z, 453.87204999999994, 190.9625326
1701425669715, 2023-12-01T10:14:29.715Z, 466.3286522, 192.8710648
1701425669748, 2023-12-01T10:14:29.748Z, 474.29149479999995, 205.10111120000002
1701425669763, 2023-12-01T10:14:29.763Z, 483.8792716, 216.09505440000004
1701425669779, 2023-12-01T10:14:29.779Z, 494.4024954, 218.8905158
1701425669810, 2023-12-01T10:14:29.810Z, 504.2189822, 228.3848264
1701425669825, 2023-12-01T10:14:29.825Z, 502.1298886000001, 228.6449228
1701425669840, 2023-12-01T10:14:29.840Z, 495.57830300000006, 232.7376318
1701425669867, 2023-12-01T10:14:29.867Z, 488.7064004, 238.0585338
1701425669903, 2023-12-01T10:14:29.903Z, 470.15266840000004, 248.8834214
1701425669919, 2023-12-01T10:14:29.919Z, 454.84146979999997, 254.70084160000002
1701425669934, 2023-12-01T10:14:29.934Z, 451.1624347999999, 256.842346
1701425669950, 2023-12-01T10:14:29.950Z, 454.07870220000007, 252.66821739999995
1701425669969, 2023-12-01T10:14:29.969Z, 454.501924, 246.5607922
1701425669982, 2023-12-01T10:14:29.982Z, 461.05420940000005, 240.4016732
1701425669998, 2023-12-01T10:14:29.998Z, 464.4948711999999, 235.094815
1701425670019, 2023-12-01T10:14:30.019Z, 469.1455174000001, 229.2133204
1701425670031, 2023-12-01T10:14:30.031Z, 474.1101944, 222.77033999999998
1701425670050, 2023-12-01T10:14:30.050Z, 479.8067782, 217.40243759999998
1701425670076, 2023-12-01T10:14:30.076Z, 482.9221662, 215.9228626
1701425670093, 2023-12-01T10:14:30.093Z, 487.2236366, 212.4925052
1701425670108, 2023-12-01T10:14:30.108Z, 487.9467192, 207.139041
1701425670124, 2023-12-01T10:14:30.124Z, 488.9054178, 206.70519240000004
1701425670141, 2023-12-01T10:14:30.141Z, 485.45827819999994, 208.1171804
1701425670172, 2023-12-01T10:14:30.172Z, 477.61127559999994, 207.3625784
1701425670188, 2023-12-01T10:14:30.188Z, 473.17295260000003, 211.0358544
1701425670204, 2023-12-01T10:14:30.204Z, 488.72018039999995, 217.21240660000004
1701425670220, 2023-12-01T10:14:30.220Z, 502.3259615999999, 220.22845559999996
1701425670235, 2023-12-01T10:14:30.235Z, 520.9623449999999, 221.512406
1701425670251, 2023-12-01T10:14:30.251Z, 542.7818416, 222.1829522
1701425670267, 2023-12-01T10:14:30.267Z, 562.3656642, 218.65030339999998
1701425670282, 2023-12-01T10:14:30.282Z, 563.0217306000001, 215.00863859999998
1701425670298, 2023-12-01T10:14:30.298Z, 564.2523072, 212.05210860000003
1701425670320, 2023-12-01T10:14:30.320Z, 562.7271768, 210.45112040000004
1701425670334, 2023-12-01T10:14:30.334Z, 561.3469792000001, 208.3509516
1701425670345, 2023-12-01T10:14:30.345Z, 560.789128, 207.52199000000002
1701425670362, 2023-12-01T10:14:30.362Z, 561.2536878000001, 207.66523820000003
1701425670377, 2023-12-01T10:14:30.377Z, 562.7512462000001, 207.7977006
1701425670393, 2023-12-01T10:14:30.393Z, 564.3002342000001, 206.36739939999998
1701425670409, 2023-12-01T10:14:30.409Z, 564.70368, 205.8532084
1701425670428, 2023-12-01T10:14:30.428Z, 565.2805156000001, 205.91892040000002
1701425670440, 2023-12-01T10:14:30.440Z, 563.8728514000001, 205.8395394
1701425670466, 2023-12-01T10:14:30.466Z, 554.5468242, 208.0255272
1701425670479, 2023-12-01T10:14:30.479Z, 541.2030264000001, 218.4024558
1701425670503, 2023-12-01T10:14:30.503Z, 506.42237779999994, 254.3997276
1701425670520, 2023-12-01T10:14:30.520Z, 457.93052420000004, 298.6522854
1701425670534, 2023-12-01T10:14:30.534Z, 409.07400279999996, 343.495913
1701425670551, 2023-12-01T10:14:30.551Z, 368.1599034, 384.55664279999996
1701425670567, 2023-12-01T10:14:30.567Z, 333.0070276, 420.5350058
1701425670582, 2023-12-01T10:14:30.582Z, 319.28669820000005, 432.08185919999994
1701425670598, 2023-12-01T10:14:30.598Z, 317.9590688, 437.45301499999994
1701425670617, 2023-12-01T10:14:30.617Z, 310.007946, 444.5762864
1701425670645, 2023-12-01T10:14:30.645Z, 295.2445492, 455.73700820000005
1701425670660, 2023-12-01T10:14:30.660Z, 280.50695099999996, 464.21660600000007
1701425670692, 2023-12-01T10:14:30.692Z, 259.392861, 469.43213
1701425670707, 2023-12-01T10:14:30.707Z, 244.5092188, 473.60674559999995
1701425670723, 2023-12-01T10:14:30.723Z, 237.86947460000002, 476.84444759999997
1701425670741, 2023-12-01T10:14:30.741Z, 245.0372218, 481.74292260000004
1701425670768, 2023-12-01T10:14:30.768Z, 249.99963040000003, 489.39574360000006
1701425670787, 2023-12-01T10:14:30.787Z, 258.8246456, 499.23636500000003
1701425670801, 2023-12-01T10:14:30.801Z, 258.4289664, 505.6693878
1701425670818, 2023-12-01T10:14:30.818Z, 256.95799700000003, 509.11462680000005
1701425670833, 2023-12-01T10:14:30.833Z, 246.5000682, 507.73116580000004
1701425670849, 2023-12-01T10:14:30.849Z, 238.5146094, 505.5614206
1701425670865, 2023-12-01T10:14:30.865Z, 228.26120959999997, 501.30829300000005
1701425670888, 2023-12-01T10:14:30.888Z, 218.6813122, 501.58112700000004
1701425670907, 2023-12-01T10:14:30.907Z, 204.5835264, 504.0686932
1701425670929, 2023-12-01T10:14:30.929Z, 193.125638, 507.06049599999994
1701425670944, 2023-12-01T10:14:30.944Z, 177.40975239999997, 509.0480192000001
1701425670959, 2023-12-01T10:14:30.959Z, 167.75481799999997, 513.7067708000001
1701425670975, 2023-12-01T10:14:30.975Z, 161.8850564, 515.0206282
1701425670991, 2023-12-01T10:14:30.991Z, 159.4170282, 515.1282842