1701365116023, 2023-11-30T17:25:16.023Z, 183.0458954, 660.0126379999999
1701365116040, 2023-11-30T17:25:16.040Z, 177.7275406, 659.4655449999999
1701365116071, 2023-11-30T17:25:16.071Z, 173.26356400000003, 659.592241
1701365116087, 2023-11-30T17:25:16.087Z, 166.893966, 664.7609208
1701365116117, 2023-11-30T17:25:16.117Z, 164.64079880000003, 667.9084874
1701365116134, 2023-11-30T17:25:16.134Z, 164.7278776, 670.7801456
1701365116195, 2023-11-30T17:25:16.195Z, 160.2357232, 668.0446628
1701365116210, 2023-11-30T17:25:16.210Z, 153.83596340000003, 662.6387222
1701365116225, 2023-11-30T17:25:16.225Z, 151.422258, 653.6394894
1701365116241, 2023-11-30T17:25:16.241Z, 145.23381080000001, 644.8044302000001
1701365116257, 2023-11-30T17:25:16.257Z, 142.54388520000003, 639.0623278
1701365116275, 2023-11-30T17:25:16.275Z, 144.09004600000003, 638.3311719999999
1701365116288, 2023-11-30T17:25:16.288Z, 154.863724, 640.9630714
1701365116304, 2023-11-30T17:25:16.304Z, 169.8348062, 640.6907868000001
1701365116323, 2023-11-30T17:25:16.323Z, 186.7566278, 641.9103425999999
1701365116352, 2023-11-30T17:25:16.352Z, 199.741285, 640.502553
1701365116366, 2023-11-30T17:25:16.366Z, 211.2836134, 637.4289176
1701365116383, 2023-11-30T17:25:16.383Z, 214.99153059999998, 632.9866108
1701365116398, 2023-11-30T17:25:16.398Z, 211.2761996, 630.0913969999999
1701365116413, 2023-11-30T17:25:16.413Z, 205.32213220000003, 629.0417262
1701365116429, 2023-11-30T17:25:16.429Z, 200.4713616, 627.9485496
1701365116445, 2023-11-30T17:25:16.445Z, 196.5587262, 628.3089504
1701365116473, 2023-11-30T17:25:16.473Z, 191.8664926, 627.5863096
1701365116492, 2023-11-30T17:25:16.492Z, 181.6295514, 618.8502926
1701365116523, 2023-11-30T17:25:16.523Z, 167.1278774, 598.0880874
1701365116539, 2023-11-30T17:25:16.539Z, 149.5914106, 567.649333
1701365116569, 2023-11-30T17:25:16.569Z, 130.5711968, 531.7930958
1701365116585, 2023-11-30T17:25:16.585Z, 113.42199339999999, 498.10032979999994
1701365116618, 2023-11-30T17:25:16.618Z, 112.9785908, 468.3426448
1701365116662, 2023-11-30T17:25:16.662Z, 163.063013, 432.98529500000006
1701365116677, 2023-11-30T17:25:16.677Z, 342.8399836, 382.3597972
1701365116693, 2023-11-30T17:25:16.693Z, 568.2852866000001, 328.62165
1701365116709, 2023-11-30T17:25:16.709Z, 797.840106, 271.18243259999997
1701365116725, 2023-11-30T17:25:16.725Z, 1020.9392552000002, 211.5570936
1701365116742, 2023-11-30T17:25:16.742Z, 1200.7578844, 163.7416034
1701365116756, 2023-11-30T17:25:16.756Z, 1252.6976052, 140.7964072
1701365116776, 2023-11-30T17:25:16.776Z, 1259.4413412, 127.7689354
1701365116804, 2023-11-30T17:25:16.804Z, 1261.4404989999998, 121.776892
1701365116819, 2023-11-30T17:25:16.819Z, 1258.9260172, 122.82151819999999
1701365116835, 2023-11-30T17:25:16.835Z, 1256.2277196, 126.9746568
1701365116850, 2023-11-30T17:25:16.850Z, 1253.611645, 134.9384188
1701365116869, 2023-11-30T17:25:16.869Z, 1252.2525816, 146.4737016
1701365116883, 2023-11-30T17:25:16.883Z, 1251.8592738, 154.897718
1701365116900, 2023-11-30T17:25:16.900Z, 1249.3442834, 167.2073472
1701365116926, 2023-11-30T17:25:16.926Z, 1254.2983344, 184.3409288
1701365116946, 2023-11-30T17:25:16.946Z, 1271.0699264, 196.69508639999998
1701365116977, 2023-11-30T17:25:16.977Z, 1294.2800584000001, 203.70692739999998
1701365116993, 2023-11-30T17:25:16.993Z, 1319.1891314, 208.88143179999997
1701365117025, 2023-11-30T17:25:17.025Z, 1359.928074, 201.69669100000002
1701365117041, 2023-11-30T17:25:17.041Z, 1391.3722940000002, 191.6817024
1701365117073, 2023-11-30T17:25:17.073Z, 1411.3636484, 183.7103832
1701365117089, 2023-11-30T17:25:17.089Z, 1426.3640334, 174.3185642
1701365117103, 2023-11-30T17:25:17.103Z, 1440.3803498000002, 161.8595188
1701365117119, 2023-11-30T17:25:17.119Z, 1443.067397, 166.2675002
1701365117134, 2023-11-30T17:25:17.134Z, 1447.7339342, 154.51286420000002
1701365117151, 2023-11-30T17:25:17.151Z, 1453.2243732, 144.8139482
1701365117167, 2023-11-30T17:25:17.167Z, 1458.2719817999998, 141.0111564
1701365117182, 2023-11-30T17:25:17.182Z, 1463.1303518, 134.73220659999998
1701365117198, 2023-11-30T17:25:17.198Z, 1465.9343304, 119.18334539999998
1701365117224, 2023-11-30T17:25:17.224Z, 1468.3910496, 117.9695182
1701365117247, 2023-11-30T17:25:17.247Z, 1471.6646836, 118.47402900000002
1701365117261, 2023-11-30T17:25:17.261Z, 1474.0394798000002, 117.16983499999999
1701365117275, 2023-11-30T17:25:17.275Z, 1475.0015738000002, 122.97571579999999
1701365117295, 2023-11-30T17:25:17.295Z, 1470.2870066, 133.3819624
1701365117308, 2023-11-30T17:25:17.308Z, 1464.0930187999998, 144.86563040000001
1701365117324, 2023-11-30T17:25:17.324Z, 1458.3663253999998, 149.3347614
1701365117339, 2023-11-30T17:25:17.339Z, 1452.1373257999999, 152.2908754
1701365117356, 2023-11-30T17:25:17.356Z, 1445.2289758000002, 156.5204884
1701365117387, 2023-11-30T17:25:17.387Z, 1442.3817688, 158.02713160000002
1701365117403, 2023-11-30T17:25:17.403Z, 1445.3700382, 155.581808
1701365117418, 2023-11-30T17:25:17.418Z, 1448.411422, 154.136193
1701365117434, 2023-11-30T17:25:17.434Z, 1445.7839627999997, 157.4547176
1701365117448, 2023-11-30T17:25:17.448Z, 1448.1147526, 154.0588434
1701365117465, 2023-11-30T17:25:17.465Z, 1451.8469244000003, 148.4844658
1701365117480, 2023-11-30T17:25:17.480Z, 1449.8125076000001, 147.789447
1701365117496, 2023-11-30T17:25:17.496Z, 1444.8365858000002, 149.73262719999997
1701365117519, 2023-11-30T17:25:17.519Z, 1444.9962273999997, 148.8326624
1701365117542, 2023-11-30T17:25:17.542Z, 1442.3262111999998, 152.2605504
1701365117557, 2023-11-30T17:25:17.557Z, 1439.5365492, 157.5471588
1701365117574, 2023-11-30T17:25:17.574Z, 1437.413378, 162.8896772
1701365117589, 2023-11-30T17:25:17.589Z, 1438.7640511999998, 166.495193
1701365117606, 2023-11-30T17:25:17.606Z, 1440.5647943999998, 168.3775452
1701365117622, 2023-11-30T17:25:17.622Z, 1437.9883968, 171.6583248
1701365117638, 2023-11-30T17:25:17.638Z, 1431.9867135999998, 175.91412300000002
1701365117653, 2023-11-30T17:25:17.653Z, 1418.311977, 180.7050126
1701365117684, 2023-11-30T17:25:17.684Z, 1396.4239937999998, 186.67438280000002
1701365117700, 2023-11-30T17:25:17.700Z, 1369.271921, 191.3172266
1701365117719, 2023-11-30T17:25:17.719Z, 1318.9033992, 192.4736734
1701365117732, 2023-11-30T17:25:17.732Z, 1272.6490001999998, 191.0610756
1701365117746, 2023-11-30T17:25:17.746Z, 1235.9361202, 187.10699200000002
1701365117762, 2023-11-30T17:25:17.762Z, 1208.6693384, 181.0093648
1701365117793, 2023-11-30T17:25:17.793Z, 1185.8770748, 176.6128124
1701365117826, 2023-11-30T17:25:17.826Z, 1186.3556940000003, 178.77556479999998
1701365117842, 2023-11-30T17:25:17.842Z, 1187.0403898, 180.17064239999996
1701365117858, 2023-11-30T17:25:17.858Z, 1190.9221668, 183.5919346
1701365117874, 2023-11-30T17:25:17.874Z, 1191.1676734, 188.93286059999997
1701365117891, 2023-11-30T17:25:17.891Z, 1192.9246606000002, 194.2825764
1701365117907, 2023-11-30T17:25:17.907Z, 1195.4429942000002, 196.0983334
1701365117922, 2023-11-30T17:25:17.922Z, 1195.2196443999999, 198.28978779999997
1701365117935, 2023-11-30T17:25:17.935Z, 1189.4131892, 199.62987159999997
1701365117951, 2023-11-30T17:25:17.951Z, 1179.9499286, 202.1298918
1701365117974, 2023-11-30T17:25:17.974Z, 1166.0626972000002, 203.2530254
1701365117999, 2023-11-30T17:25:17.999Z, 1160.2980968, 199.0514576
1701365118015, 2023-11-30T17:25:18.015Z, 1154.5012192, 196.3474488
1701365118035, 2023-11-30T17:25:18.035Z, 1151.8913822, 192.9449744
1701365118063, 2023-11-30T17:25:18.063Z, 1152.7907848, 188.9950194
1701365118078, 2023-11-30T17:25:18.078Z, 1159.9355232, 184.8018732
1701365118095, 2023-11-30T17:25:18.095Z, 1161.3051082, 185.81807840000002
1701365118125, 2023-11-30T17:25:18.125Z, 1167.1867664, 186.26424319999998
1701365118140, 2023-11-30T17:25:18.140Z, 1168.3316114000002, 188.21014299999996
1701365118156, 2023-11-30T17:25:18.156Z, 1167.3546929999998, 191.99138680000002
1701365118172, 2023-11-30T17:25:18.172Z, 1162.0893806, 198.034651
1701365118189, 2023-11-30T17:25:18.189Z, 1156.9046203999999, 203.3450808
1701365118206, 2023-11-30T17:25:18.206Z, 1148.2207658, 208.26777320000002
1701365118219, 2023-11-30T17:25:18.219Z, 1139.4208322, 212.348134
1701365118234, 2023-11-30T17:25:18.234Z, 1133.5821254, 213.93532640000004
1701365118250, 2023-11-30T17:25:18.250Z, 1130.6958356, 214.4796914
1701365118273, 2023-11-30T17:25:18.273Z, 1132.0852014, 217.225669
1701365118298, 2023-11-30T17:25:18.298Z, 1137.6907136, 223.5635742
1701365118313, 2023-11-30T17:25:18.313Z, 1154.3838707999998, 245.6526108
1701365118329, 2023-11-30T17:25:18.329Z, 1186.7314781999999, 275.68646720000004
1701365118348, 2023-11-30T17:25:18.348Z, 1235.2354292, 305.2455026
1701365118377, 2023-11-30T17:25:18.377Z, 1279.7224602000001, 331.8887888
1701365118393, 2023-11-30T17:25:18.393Z, 1319.52737, 357.83850479999995
1701365118407, 2023-11-30T17:25:18.407Z, 1345.9863776, 370.7205436
1701365118422, 2023-11-30T17:25:18.422Z, 1358.4102698000002, 372.2875234
1701365118455, 2023-11-30T17:25:18.455Z, 1360.564499, 369.8975818
1701365118471, 2023-11-30T17:25:18.471Z, 1358.7469974, 371.7767704
1701365118484, 2023-11-30T17:25:18.484Z, 1371.603801, 365.686084
1701365118500, 2023-11-30T17:25:18.500Z, 1387.9037752, 357.6033214
1701365118517, 2023-11-30T17:25:18.517Z, 1401.8000446, 353.8282384
1701365118533, 2023-11-30T17:25:18.533Z, 1411.5404002, 352.4095802
1701365118548, 2023-11-30T17:25:18.548Z, 1424.6160249999998, 348.9578274
1701365118575, 2023-11-30T17:25:18.575Z, 1425.9051854000002, 349.24560699999995
1701365118596, 2023-11-30T17:25:18.596Z, 1424.0259978000001, 349.045345
1701365118611, 2023-11-30T17:25:18.611Z, 1423.9176762, 346.9104326
1701365118627, 2023-11-30T17:25:18.627Z, 1420.0937976, 344.7411968
1701365118643, 2023-11-30T17:25:18.643Z, 1417.0621408000002, 343.29759359999997
1701365118660, 2023-11-30T17:25:18.660Z, 1412.7319341999998, 343.8377642
1701365118677, 2023-11-30T17:25:18.677Z, 1418.8162816, 343.8885492
1701365118690, 2023-11-30T17:25:18.690Z, 1421.1445952, 346.23253400000004
1701365118706, 2023-11-30T17:25:18.706Z, 1425.6744211999999, 349.7458618
1701365118727, 2023-11-30T17:25:18.727Z, 1430.7270096, 351.76400720000004
1701365118738, 2023-11-30T17:25:18.738Z, 1430.9720836000001, 350.5112984
1701365118769, 2023-11-30T17:25:18.769Z, 1426.8555358, 345.11665419999997
1701365118784, 2023-11-30T17:25:18.784Z, 1425.4774636, 339.41180019999996
1701365118800, 2023-11-30T17:25:18.800Z, 1425.1774593999999, 334.7109386
1701365118817, 2023-11-30T17:25:18.817Z, 1423.0622044, 331.48973839999996
1701365118832, 2023-11-30T17:25:18.832Z, 1426.443464, 330.77503779999995
1701365118848, 2023-11-30T17:25:18.848Z, 1430.4919404, 333.42710079999995
1701365118872, 2023-11-30T17:25:18.872Z, 1436.5079446, 332.5329876
1701365118893, 2023-11-30T17:25:18.893Z, 1441.4633064000002, 329.4491744
1701365118909, 2023-11-30T17:25:18.909Z, 1447.0714452, 325.28567480000004
1701365118924, 2023-11-30T17:25:18.924Z, 1452.8551783999999, 322.20370160000004
1701365118956, 2023-11-30T17:25:18.956Z, 1440.1308852, 318.8851478
1701365118972, 2023-11-30T17:25:18.972Z, 1429.0831064, 319.474931
1701365118989, 2023-11-30T17:25:18.989Z, 1418.6879484, 322.4513242
1701365119005, 2023-11-30T17:25:19.005Z, 1408.9093938, 326.83393700000005
1701365119023, 2023-11-30T17:25:19.023Z, 1406.0784808, 334.0102406
1701365119050, 2023-11-30T17:25:19.050Z, 1419.6548498, 341.99748239999997
1701365119068, 2023-11-30T17:25:19.068Z, 1431.2245814000003, 344.16572499999995
1701365119097, 2023-11-30T17:25:19.097Z, 1441.2232818, 346.9970164
1701365119113, 2023-11-30T17:25:19.113Z, 1450.1118986, 347.52855739999995
1701365119127, 2023-11-30T17:25:19.127Z, 1450.8791848, 345.91572140000005
1701365119144, 2023-11-30T17:25:19.144Z, 1450.5358824, 347.0040238
1701365119175, 2023-11-30T17:25:19.175Z, 1452.2885378, 350.84613939999997
1701365119190, 2023-11-30T17:25:19.190Z, 1443.8705258000002, 348.9918842
1701365119206, 2023-11-30T17:25:19.206Z, 1449.6525990000002, 349.64839679999994
1701365119222, 2023-11-30T17:25:19.222Z, 1463.8325304, 349.15834800000005
1701365119240, 2023-11-30T17:25:19.240Z, 1487.9198476, 348.5442574
1701365119255, 2023-11-30T17:25:19.255Z, 1534.6623479999998, 347.38959639999996
1701365119268, 2023-11-30T17:25:19.268Z, 1599.3587984, 346.2564212
1701365119283, 2023-11-30T17:25:19.283Z, 1647.897163, 342.1695264
1701365119298, 2023-11-30T17:25:19.298Z, 1682.0715819999998, 340.67816999999997
1701365119322, 2023-11-30T17:25:19.322Z, 1704.5477348, 338.1268996
1701365119345, 2023-11-30T17:25:19.345Z, 1709.6363832000002, 333.62803759999997
1701365119376, 2023-11-30T17:25:19.376Z, 1695.6977048, 341.11869839999997
1701365119391, 2023-11-30T17:25:19.391Z, 1681.3571789999999, 351.0818898
1701365119423, 2023-11-30T17:25:19.423Z, 1676.0388142, 354.6754406
1701365119439, 2023-11-30T17:25:19.439Z, 1663.4647618000004, 361.0623388
1701365119475, 2023-11-30T17:25:19.475Z, 1644.9042568, 369.052938
1701365119488, 2023-11-30T17:25:19.488Z, 1646.7147381999998, 367.4732522
1701365119500, 2023-11-30T17:25:19.500Z, 1653.9955708000002, 363.5874292
1701365119517, 2023-11-30T17:25:19.517Z, 1658.9718086, 361.9948882
1701365119546, 2023-11-30T17:25:19.546Z, 1672.3648794, 357.43279759999996
1701365119564, 2023-11-30T17:25:19.564Z, 1673.0021860000002, 356.4725458
1701365119593, 2023-11-30T17:25:19.593Z, 1664.0661386, 359.6159312
1701365119626, 2023-11-30T17:25:19.626Z, 1626.1230090000001, 363.23929739999994
1701365119641, 2023-11-30T17:25:19.641Z, 1543.7189786000001, 386.93994480000003
1701365119657, 2023-11-30T17:25:19.657Z, 1445.7990134, 414.4866862
1701365119676, 2023-11-30T17:25:19.676Z, 1354.5477256, 441.78075980000006
1701365119688, 2023-11-30T17:25:19.688Z, 1266.0526569999997, 467.02506840000007
1701365119705, 2023-11-30T17:25:19.705Z, 1205.0556597999998, 492.3962982
1701365119722, 2023-11-30T17:25:19.722Z, 1186.6853749999998, 499.197451
1701365119738, 2023-11-30T17:25:19.738Z, 1183.8257325999998, 501.5585279999999
1701365119753, 2023-11-30T17:25:19.753Z, 1183.7422178000002, 505.3052541999999
1701365119773, 2023-11-30T17:25:19.773Z, 1180.2996756, 509.58560479999994
1701365119800, 2023-11-30T17:25:19.800Z, 1178.0484878000002, 513.7539882
1701365119816, 2023-11-30T17:25:19.816Z, 1177.2470779999999, 517.3357394
1701365119832, 2023-11-30T17:25:19.832Z, 1177.3122862, 521.7269623999999
1701365119863, 2023-11-30T17:25:19.863Z, 1177.7429218000002, 522.0091822
1701365119879, 2023-11-30T17:25:19.879Z, 1181.4334243999997, 519.4707454
1701365119896, 2023-11-30T17:25:19.896Z, 1184.6277934, 515.9949576000001
1701365119926, 2023-11-30T17:25:19.926Z, 1189.1900873999998, 510.47859420000003
1701365119943, 2023-11-30T17:25:19.943Z, 1192.8365784, 504.9560402
1701365119958, 2023-11-30T17:25:19.958Z, 1195.7339482, 501.54137460000004
1701365119974, 2023-11-30T17:25:19.974Z, 1200.0387706000001, 503.19395860000003
1701365119988, 2023-11-30T17:25:19.988Z, 1200.3502022, 505.8636106
1701365120004, 2023-11-30T17:25:20.004Z, 1198.4241598, 510.0102858
1701365120021, 2023-11-30T17:25:20.021Z, 1196.9591070000001, 512.8870516
1701365120037, 2023-11-30T17:25:20.037Z, 1194.8728304, 515.6160492000001
1701365120053, 2023-11-30T17:25:20.053Z, 1186.3652945999997, 515.3563002000001
1701365120075, 2023-11-30T17:25:20.075Z, 1178.0822914, 511.4823958
1701365120099, 2023-11-30T17:25:20.099Z, 1171.1230882, 507.6173154
1701365120115, 2023-11-30T17:25:20.115Z, 1164.2069038, 498.74097599999993
1701365120132, 2023-11-30T17:25:20.132Z, 1159.1296202, 489.83793260000004
1701365120149, 2023-11-30T17:25:20.149Z, 1158.9145428, 480.9523714
1701365120163, 2023-11-30T17:25:20.163Z, 1161.6706034000001, 475.35672480000005
1701365120179, 2023-11-30T17:25:20.179Z, 1164.1294376, 470.27726659999996
1701365120194, 2023-11-30T17:25:20.194Z, 1166.695286, 471.3752023999999
1701365120219, 2023-11-30T17:25:20.219Z, 1168.3539774, 472.46283539999996
1701365120242, 2023-11-30T17:25:20.242Z, 1163.2921747999999, 476.0507456
1701365120256, 2023-11-30T17:25:20.256Z, 1154.5476910000002, 479.5396846
1701365120273, 2023-11-30T17:25:20.273Z, 1146.1948536, 482.9412246
1701365120289, 2023-11-30T17:25:20.289Z, 1135.0092571999999, 487.002632
1701365120306, 2023-11-30T17:25:20.306Z, 1125.4643762, 490.308638
1701365120321, 2023-11-30T17:25:20.321Z, 1121.0163146, 491.2121298
1701365120336, 2023-11-30T17:25:20.336Z, 1120.3810386, 491.90766240000005
1701365120354, 2023-11-30T17:25:20.354Z, 1119.6206042000001, 492.13579039999996
1701365120378, 2023-11-30T17:25:20.378Z, 1124.6715672, 489.05885580000006
1701365120407, 2023-11-30T17:25:20.407Z, 1128.1343874, 486.6984404000001
1701365120419, 2023-11-30T17:25:20.419Z, 1129.7702976, 485.097897
1701365120432, 2023-11-30T17:25:20.433Z, 1131.4442228000003, 484.81250239999997
1701365120449, 2023-11-30T17:25:20.449Z, 1132.4910544, 485.7083742000001
1701365120464, 2023-11-30T17:25:20.464Z, 1129.8946531999998, 487.867154
1701365120480, 2023-11-30T17:25:20.480Z, 1130.0867377999998, 489.5117964
1701365120496, 2023-11-30T17:25:20.496Z, 1134.4173945999999, 490.3662714
1701365120513, 2023-11-30T17:25:20.513Z, 1141.0449406, 489.68640059999996
1701365120532, 2023-11-30T17:25:20.532Z, 1153.7848470000001, 487.00009620000003
1701365120561, 2023-11-30T17:25:20.561Z, 1167.1238526000002, 485.08257100000003
1701365120577, 2023-11-30T17:25:20.577Z, 1196.4598388, 482.36531080000003
1701365120593, 2023-11-30T17:25:20.593Z, 1226.4760152, 477.8836036000001
1701365120649, 2023-11-30T17:25:20.649Z, 1254.5505595999998, 473.8936146
1701365121197, 2023-11-30T17:25:21.197Z, 1278.4480221999997, 471.0182422
1701365121276, 2023-11-30T17:25:21.276Z, 1274.9614859999997, 491.67966319999994
1701365121318, 2023-11-30T17:25:21.318Z, 1248.5390048, 513.084229
1701365121324, 2023-11-30T17:25:21.324Z, 1221.0628636, 534.7295548
1701365121352, 2023-11-30T17:25:21.352Z, 1189.4727554, 555.2160698
1701365121367, 2023-11-30T17:25:21.367Z, 1156.6145161999998, 575.3658604
1701365121383, 2023-11-30T17:25:21.383Z, 1154.7609625999999, 568.9048432000001
1701365121399, 2023-11-30T17:25:21.399Z, 1153.4482886, 564.2651164
1701365121417, 2023-11-30T17:25:21.417Z, 1148.5361574, 561.9250242
1701365121437, 2023-11-30T17:25:21.437Z, 1123.5061398, 553.3276116
1701365121461, 2023-11-30T17:25:21.461Z, 1118.2942998, 549.8164045999999
1701365121476, 2023-11-30T17:25:21.476Z, 1103.2736104, 543.5816896
1701365121493, 2023-11-30T17:25:21.493Z, 1028.6073741999999, 510.6108287999999
1701365121509, 2023-11-30T17:25:21.509Z, 897.0302284000002, 458.51074559999995
1701365121524, 2023-11-30T17:25:21.524Z, 784.7240526000002, 412.1548237999999
1701365121541, 2023-11-30T17:25:21.541Z, 647.5165972, 363.4682834
1701365121556, 2023-11-30T17:25:21.556Z, 512.4926712, 319.6597046
1701365121574, 2023-11-30T17:25:21.574Z, 441.73285699999997, 305.0847758
1701365121601, 2023-11-30T17:25:21.601Z, 428.750716, 318.5019716
1701365121616, 2023-11-30T17:25:21.616Z, 420.03024080000006, 327.44552239999996
1701365121632, 2023-11-30T17:25:21.632Z, 412.51548059999993, 331.5822392
1701365121663, 2023-11-30T17:25:21.663Z, 406.57118099999997, 330.65519400000005
1701365121678, 2023-11-30T17:25:21.678Z, 400.26673539999996, 322.76818860000003
1701365121694, 2023-11-30T17:25:21.694Z, 394.7097376, 304.428289
1701365121725, 2023-11-30T17:25:21.725Z, 387.59982219999995, 289.1189282
1701365121740, 2023-11-30T17:25:21.740Z, 383.464248, 276.4357308
1701365121755, 2023-11-30T17:25:21.755Z, 383.0544086, 270.32343579999997
1701365121771, 2023-11-30T17:25:21.771Z, 381.8092638, 269.0084782
1701365121787, 2023-11-30T17:25:21.787Z, 379.04997760000003, 269.9784184
1701365121803, 2023-11-30T17:25:21.803Z, 376.3792404, 275.8386754
1701365121818, 2023-11-30T17:25:21.818Z, 373.3721918, 283.8623104
1701365121833, 2023-11-30T17:25:21.833Z, 368.5347246, 291.46689000000003
1701365121849, 2023-11-30T17:25:21.849Z, 363.65771140000004, 297.74145480000004
1701365121872, 2023-11-30T17:25:21.872Z, 356.2271846, 308.0286246
1701365121895, 2023-11-30T17:25:21.895Z, 346.069152, 320.9336566
1701365121911, 2023-11-30T17:25:21.911Z, 335.7555082, 332.33008099999995
1701365121927, 2023-11-30T17:25:21.927Z, 327.306089, 340.8388608
1701365121942, 2023-11-30T17:25:21.942Z, 320.9021228, 345.71044820000003
1701365121958, 2023-11-30T17:25:21.958Z, 321.08320879999997, 338.1904262
1701365121974, 2023-11-30T17:25:21.974Z, 324.94836419999996, 326.000949
1701365121993, 2023-11-30T17:25:21.993Z, 330.2259696, 311.2928266
1701367081006, 2023-11-30T17:58:01.006Z, 1368.9988686, 375.26364980000005
1701367081021, 2023-11-30T17:58:01.021Z, 1358.0497685999999, 376.215345
1701367081036, 2023-11-30T17:58:01.036Z, 1340.7104304, 375.78267059999996
1701367081052, 2023-11-30T17:58:01.052Z, 1332.3006828, 375.6888388
1701367081067, 2023-11-30T17:58:01.067Z, 1309.7279712, 373.9332278
1701367081090, 2023-11-30T17:58:01.090Z, 1305.9667696000001, 374.33109780000007
1701367081114, 2023-11-30T17:58:01.114Z, 1309.8520282, 375.4812028
1701367081129, 2023-11-30T17:58:01.129Z, 1321.3757596, 377.7359966
1701367081146, 2023-11-30T17:58:01.146Z, 1332.02371, 379.4686968
1701367081162, 2023-11-30T17:58:01.162Z, 1343.4278391999999, 380.54911239999996
1701367081180, 2023-11-30T17:58:01.180Z, 1325.3584792, 376.5823342
1701367081194, 2023-11-30T17:58:01.194Z, 1318.7752759999998, 370.24973220000004
1701367081223, 2023-11-30T17:58:01.223Z, 1299.3225396, 364.58329960000003
1701367081238, 2023-11-30T17:58:01.238Z, 1278.8667174, 360.1070684
1701367081253, 2023-11-30T17:58:01.253Z, 1283.063946, 357.4386976
1701367081269, 2023-11-30T17:58:01.269Z, 1297.6392428, 358.3881394
1701367081284, 2023-11-30T17:58:01.284Z, 1296.1122659999999, 359.7264224
1701367081300, 2023-11-30T17:58:01.300Z, 1314.7111986, 360.7041494
1701367081330, 2023-11-30T17:58:01.330Z, 1343.3528256000002, 361.89314640000003
1701367081361, 2023-11-30T17:58:01.361Z, 1348.6209546, 360.8721204
1701367081389, 2023-11-30T17:58:01.389Z, 1360.8964064, 359.38028199999997
1701367081402, 2023-11-30T17:58:01.402Z, 1377.3875934, 359.2027544
1701367081423, 2023-11-30T17:58:01.423Z, 1379.1653167999998, 356.9498068
1701367081437, 2023-11-30T17:58:01.437Z, 1383.2677277999999, 356.36195280000004
1701367081453, 2023-11-30T17:58:01.453Z, 1389.803829, 358.05732359999996
1701367081469, 2023-11-30T17:58:01.469Z, 1380.96148, 357.91109800000004
1701367081484, 2023-11-30T17:58:01.484Z, 1372.1942444, 358.26624499999997
1701367081500, 2023-11-30T17:58:01.500Z, 1372.9549784, 362.7058604
1701367081515, 2023-11-30T17:58:01.515Z, 1362.5039198000002, 363.353333
1701367081538, 2023-11-30T17:58:01.538Z, 1353.7277442, 365.238542
1701367081561, 2023-11-30T17:58:01.561Z, 1347.5050588, 367.506167
1701367081577, 2023-11-30T17:58:01.577Z, 1345.899125, 373.73064020000004
1701367081593, 2023-11-30T17:58:01.593Z, 1343.9324148, 378.2714684
1701367081608, 2023-11-30T17:58:01.608Z, 1339.4335342, 383.0891934
1701367081623, 2023-11-30T17:58:01.623Z, 1343.0068463999999, 385.8092414
1701367081640, 2023-11-30T17:58:01.640Z, 1354.6851609999999, 389.0829046
1701367081656, 2023-11-30T17:58:01.656Z, 1353.1314064, 387.37696320000003
1701367081672, 2023-11-30T17:58:01.672Z, 1354.6587335999998, 387.14810220000004
1701367081686, 2023-11-30T17:58:01.686Z, 1357.553735, 386.7684254
1701367081704, 2023-11-30T17:58:01.704Z, 1350.8895248, 385.65267
1701367081719, 2023-11-30T17:58:01.719Z, 1355.9975124, 382.6433706
1701367081733, 2023-11-30T17:58:01.733Z, 1369.8925061999998, 379.0532134
1701367081751, 2023-11-30T17:58:01.751Z, 1387.6456633999999, 372.8706348
1701367081765, 2023-11-30T17:58:01.765Z, 1454.4568785999998, 363.5949324
1701367081781, 2023-11-30T17:58:01.781Z, 1512.4336666, 357.4659614
1701367081797, 2023-11-30T17:58:01.797Z, 1572.7914443999998, 351.9864978
1701367081813, 2023-11-30T17:58:01.813Z, 1635.7237674, 347.81141360000004
1701367081840, 2023-11-30T17:58:01.840Z, 1695.9013754, 344.430992
1701367081862, 2023-11-30T17:58:01.862Z, 1723.4278387999998, 348.21739579999996
1701367081873, 2023-11-30T17:58:01.873Z, 1767.8417628000002, 351.4793894
1701367081889, 2023-11-30T17:58:01.889Z, 1777.137991, 360.6084404
1701367081905, 2023-11-30T17:58:01.905Z, 1781.0208049999997, 370.3649612
1701367081920, 2023-11-30T17:58:01.920Z, 1753.2364737999997, 377.7731452
1701367081936, 2023-11-30T17:58:01.936Z, 1715.7057229999998, 383.7021512
1701367081952, 2023-11-30T17:58:01.952Z, 1676.9807711999997, 389.5856416
1701367081968, 2023-11-30T17:58:01.968Z, 1647.5383393999996, 389.054234
1701367081989, 2023-11-30T17:58:01.989Z, 1655.6162534, 399.47390340000004
1701367082029, 2023-11-30T17:58:02.029Z, 1679.7163893999998, 407.1118644
1701367082044, 2023-11-30T17:58:02.044Z, 1699.0849512, 411.4427022000001
1701367082060, 2023-11-30T17:58:02.060Z, 1711.1928830000002, 415.12937180000006
1701367082078, 2023-11-30T17:58:02.078Z, 1723.3685276, 417.19758840000003
1701367082093, 2023-11-30T17:58:02.093Z, 1692.5068339999998, 412.84776980000004
1701367082121, 2023-11-30T17:58:02.121Z, 1624.4162817999998, 434.1148422
1701367082137, 2023-11-30T17:58:02.137Z, 1560.7392810000001, 459.382301
1701367082156, 2023-11-30T17:58:02.156Z, 1482.2349976, 493.17143120000003
1701367082185, 2023-11-30T17:58:02.185Z, 1397.4179864, 536.6990742
1701367082200, 2023-11-30T17:58:02.200Z, 1320.7076829999999, 573.948657
1701367082217, 2023-11-30T17:58:02.217Z, 1291.6028339999998, 590.3327092000001
1701367082230, 2023-11-30T17:58:02.230Z, 1265.7969656, 603.7941036
1701367082246, 2023-11-30T17:58:02.246Z, 1254.5695658, 604.7320922
1701367082263, 2023-11-30T17:58:02.263Z, 1255.9916624, 599.1477674
1701367082293, 2023-11-30T17:58:02.293Z, 1222.6509326, 596.7077439999999
1701367082311, 2023-11-30T17:58:02.311Z, 1186.5434315999998, 595.2676114
1701367082329, 2023-11-30T17:58:02.329Z, 1167.4430682, 593.740393
1701367082343, 2023-11-30T17:58:02.343Z, 1157.6347756, 601.7168594000001
1701367082360, 2023-11-30T17:58:02.360Z, 1150.9982843999999, 609.8821788
1701367082373, 2023-11-30T17:58:02.373Z, 1189.3796358, 616.6047586
1701367082389, 2023-11-30T17:58:02.389Z, 1230.3894212, 621.7637668
1701367082406, 2023-11-30T17:58:02.406Z, 1250.3711793999998, 627.941136
1701367082421, 2023-11-30T17:58:02.421Z, 1278.2233059999999, 624.7718339999999
1701367082454, 2023-11-30T17:58:02.454Z, 1300.2141818, 621.2760418
1701367082468, 2023-11-30T17:58:02.468Z, 1302.0248882, 617.9496908
1701367082484, 2023-11-30T17:58:02.484Z, 1296.5961858, 617.3233594000001
1701367082499, 2023-11-30T17:58:02.499Z, 1292.0486206, 618.207417
1701367082532, 2023-11-30T17:58:02.532Z, 1272.9527388, 622.0095258
1701367082546, 2023-11-30T17:58:02.546Z, 1257.6557346, 625.4115706
1701367082566, 2023-11-30T17:58:02.566Z, 1245.2386614000002, 630.9421888
1701367082587, 2023-11-30T17:58:02.587Z, 1238.8515542, 635.3708428
1701367082610, 2023-11-30T17:58:02.610Z, 1233.5503878, 638.9875728
1701367082627, 2023-11-30T17:58:02.627Z, 1226.4534314, 642.1709898
1701367082642, 2023-11-30T17:58:02.642Z, 1220.2285064, 645.366879
1701367082658, 2023-11-30T17:58:02.658Z, 1219.1824342, 645.6450878
1701367082672, 2023-11-30T17:58:02.672Z, 1211.2250144000002, 644.7974018000001
1701367082688, 2023-11-30T17:58:02.688Z, 1198.184095, 642.7628628
1701367082704, 2023-11-30T17:58:02.704Z, 1180.4667448, 639.6607626
1701367082721, 2023-11-30T17:58:02.721Z, 1160.9924139999998, 636.7315782
1701367082745, 2023-11-30T17:58:02.745Z, 1133.419411, 632.4855038000001
1701367082768, 2023-11-30T17:58:02.768Z, 1113.2875138000002, 628.2768552
1701367082791, 2023-11-30T17:58:02.791Z, 1096.9903570000001, 625.0573856
1701367082801, 2023-11-30T17:58:02.801Z, 1085.086088, 622.4879736
1701367082814, 2023-11-30T17:58:02.814Z, 1074.9520912, 619.1675072
1701367082844, 2023-11-30T17:58:02.844Z, 1072.5026268000001, 617.2391076
1701367082860, 2023-11-30T17:58:02.860Z, 1070.0369521999999, 616.0444583999999
1701367082891, 2023-11-30T17:58:02.891Z, 1068.4770742, 615.4311534000001
1701367082908, 2023-11-30T17:58:02.908Z, 1066.958436, 616.0959544000001
1701367082925, 2023-11-30T17:58:02.925Z, 1063.8581508, 619.365398
1701367082941, 2023-11-30T17:58:02.941Z, 1061.3026006, 622.7320866
1701367082955, 2023-11-30T17:58:02.955Z, 1058.299994, 625.8271378
1701367082970, 2023-11-30T17:58:02.970Z, 1055.0419226, 628.3076302
1701367082987, 2023-11-30T17:58:02.987Z, 1052.1100666, 628.6615244
1701370356016, 2023-11-30T18:52:36.016Z, 1581.5043586, 477.75566180000004
1701370356037, 2023-11-30T18:52:36.037Z, 1631.2640748000001, 485.82795500000003
1701370356068, 2023-11-30T18:52:36.068Z, 1648.8235646, 487.238968
1701370356104, 2023-11-30T18:52:36.104Z, 1651.1917414, 484.30245279999997
1701370356123, 2023-11-30T18:52:36.123Z, 1613.742814, 475.9967522
1701370356203, 2023-11-30T18:52:36.203Z, 1563.6784968, 468.49043
1701370356213, 2023-11-30T18:52:36.213Z, 1511.1030138, 462.83626160000006
1701370356226, 2023-11-30T18:52:36.226Z, 1470.6380576, 472.65403960000003
1701370356244, 2023-11-30T18:52:36.244Z, 1439.4440556, 483.6777554
1701370356265, 2023-11-30T18:52:36.265Z, 1380.027219, 520.3034302
1701370356296, 2023-11-30T18:52:36.296Z, 1321.8964786000001, 560.7143032
1701370356303, 2023-11-30T18:52:36.303Z, 1266.5908857999998, 600.103955
1701370356336, 2023-11-30T18:52:36.336Z, 1228.8514567999998, 627.3676292
1701370356381, 2023-11-30T18:52:36.381Z, 1190.1919584, 659.2357741999999
1701370356396, 2023-11-30T18:52:36.396Z, 1182.5640154, 665.7011218
1701370356434, 2023-11-30T18:52:36.434Z, 1180.3887324, 668.9590766
1701370356442, 2023-11-30T18:52:36.442Z, 1178.182561, 671.5578232
1701370356472, 2023-11-30T18:52:36.472Z, 1178.1542374, 676.7607914
1701370356499, 2023-11-30T18:52:36.499Z, 1180.9470002, 675.32456
1701370356519, 2023-11-30T18:52:36.519Z, 1143.7361324, 661.869987
1701370356550, 2023-11-30T18:52:36.550Z, 1101.2881874, 646.2954162
1701370356568, 2023-11-30T18:52:36.568Z, 1053.0465140000001, 633.8905602
1701370356598, 2023-11-30T18:52:36.598Z, 1003.7543063999999, 620.7659332000001
1701370356614, 2023-11-30T18:52:36.614Z, 952.1099846000001, 610.7968912
1701370356654, 2023-11-30T18:52:36.654Z, 943.0815570000001, 612.1386974
1701370356697, 2023-11-30T18:52:36.697Z, 941.4503142, 616.0959662
1701370356712, 2023-11-30T18:52:36.712Z, 950.4357952, 622.0194538000001
1701370356744, 2023-11-30T18:52:36.744Z, 961.5508944000001, 630.2335814
1701370356772, 2023-11-30T18:52:36.772Z, 975.2309585999999, 636.5593096
1701370356821, 2023-11-30T18:52:36.821Z, 982.4181188, 641.4019972
1701370356852, 2023-11-30T18:52:36.852Z, 988.5344232, 644.6270169999999
1701370356868, 2023-11-30T18:52:36.868Z, 1034.1996998, 654.7810833999999
1701370356890, 2023-11-30T18:52:36.890Z, 1090.9933345999998, 667.7542350000001
1701370356916, 2023-11-30T18:52:36.916Z, 1149.2608458, 682.8981765999999
1701370356930, 2023-11-30T18:52:36.930Z, 1211.7390524000002, 698.6005666
1701370356964, 2023-11-30T18:52:36.964Z, 1274.9986814, 713.9263018
1701370356978, 2023-11-30T18:52:36.978Z, 1294.1124162, 717.8031856
1701370356994, 2023-11-30T18:52:36.994Z, 1296.4296227999998, 721.4189128
1701370357011, 2023-11-30T18:52:37.011Z, 1290.4970258, 723.1436322000001
1701370357042, 2023-11-30T18:52:37.042Z, 1265.155388, 722.1166926000001
1701370357057, 2023-11-30T18:52:37.057Z, 1216.7019575999998, 720.1198420000001
1701370357101, 2023-11-30T18:52:37.101Z, 1179.5891066, 720.7956182
1701370357137, 2023-11-30T18:52:37.137Z, 1136.6709438, 722.164819
1701370357155, 2023-11-30T18:52:37.155Z, 1095.2205738, 723.3959668
1701370357186, 2023-11-30T18:52:37.186Z, 1074.9678775999998, 727.9732005999999
1701370357203, 2023-11-30T18:52:37.203Z, 1075.5872414, 734.073348
1701370357234, 2023-11-30T18:52:37.234Z, 1063.1558592, 737.7990887999999
1701370357286, 2023-11-30T18:52:37.286Z, 1060.0091042, 738.0110917999999
1701370357294, 2023-11-30T18:52:37.294Z, 1060.3003672, 738.962106
1701370357310, 2023-11-30T18:52:37.310Z, 1053.4788992, 740.2216396000001
1701370357326, 2023-11-30T18:52:37.326Z, 1046.6366560000001, 741.5123878
1701370357356, 2023-11-30T18:52:37.356Z, 1043.3179786, 743.6637868
1701370357371, 2023-11-30T18:52:37.371Z, 1042.1107266, 745.5717306
1701370357398, 2023-11-30T18:52:37.398Z, 1041.5107137999998, 747.7300506
1701370357421, 2023-11-30T18:52:37.421Z, 1029.8736742, 744.4715462
1701370357450, 2023-11-30T18:52:37.450Z, 1000.2891325999999, 736.9634748
1701370357465, 2023-11-30T18:52:37.465Z, 957.3492297999999, 725.6000408
1701370357497, 2023-11-30T18:52:37.497Z, 913.3391614, 713.7504395999999
1701370357514, 2023-11-30T18:52:37.514Z, 868.7852952, 701.891202
1701370357551, 2023-11-30T18:52:37.551Z, 843.1947845999999, 691.2568896
1701370357593, 2023-11-30T18:52:37.593Z, 834.6561760000001, 684.9119256
1701370357608, 2023-11-30T18:52:37.608Z, 837.2852434, 681.5160239999999
1701370357623, 2023-11-30T18:52:37.623Z, 835.2599323999999, 685.549225
1701370357655, 2023-11-30T18:52:37.655Z, 826.3205688, 676.7769099999999
1701370357671, 2023-11-30T18:52:37.671Z, 812.8267468, 666.0143191999999
1701370357716, 2023-11-30T18:52:37.716Z, 809.5799114, 669.8615796
1701370357732, 2023-11-30T18:52:37.732Z, 822.742777, 677.1645678
1701370357764, 2023-11-30T18:52:37.764Z, 859.3980528, 682.5199718
1701370357779, 2023-11-30T18:52:37.779Z, 909.5957953999999, 702.1581982
1701370357795, 2023-11-30T18:52:37.795Z, 978.0235931999999, 730.2662886
1701370357811, 2023-11-30T18:52:37.811Z, 1035.0230814, 740.9894596
1701370357828, 2023-11-30T18:52:37.828Z, 1069.6695782, 747.1191787999999
1701370357865, 2023-11-30T18:52:37.865Z, 1035.1102958, 740.6122939999999
1701370357879, 2023-11-30T18:52:37.879Z, 993.1859462, 732.4942734
1701370357906, 2023-11-30T18:52:37.906Z, 939.8332742, 720.1602958
1701370357921, 2023-11-30T18:52:37.921Z, 885.2636392000001, 705.9915941999999
1701370357940, 2023-11-30T18:52:37.940Z, 835.2156906, 695.7277712
1701370357954, 2023-11-30T18:52:37.954Z, 835.2801394, 692.0506422000001
1701370357998, 2023-11-30T18:52:37.998Z, 835.757229, 691.1400586000001
1701370358032, 2023-11-30T18:52:38.032Z, 831.0087178, 691.3949872
1701370358048, 2023-11-30T18:52:38.048Z, 857.1544554, 700.8064138
1701370358063, 2023-11-30T18:52:38.063Z, 898.2216634, 709.634132
1701370358079, 2023-11-30T18:52:38.079Z, 957.4714621999999, 722.0679242
1701370358096, 2023-11-30T18:52:38.096Z, 1008.2641302, 729.5945936
1701370358110, 2023-11-30T18:52:38.110Z, 1075.081267, 739.9300672
1701370358126, 2023-11-30T18:52:38.126Z, 1117.188498, 746.225312
1701370358175, 2023-11-30T18:52:38.175Z, 1134.3273862, 746.0180344
1701370358190, 2023-11-30T18:52:38.190Z, 1123.4618292, 741.300288
1701370358221, 2023-11-30T18:52:38.221Z, 1118.1787254, 740.3820448
1701370358235, 2023-11-30T18:52:38.235Z, 1096.6522362, 736.555967
1701370358253, 2023-11-30T18:52:38.253Z, 1072.8334909999999, 732.2970022
1701370358283, 2023-11-30T18:52:38.283Z, 1060.8431578, 731.4306628
1701370358316, 2023-11-30T18:52:38.316Z, 1058.3065821999999, 731.943635
1701370358329, 2023-11-30T18:52:38.329Z, 1030.9330799999998, 724.4522650000001
1701370358345, 2023-11-30T18:52:38.345Z, 993.3059094, 715.1215540000001
1701370358361, 2023-11-30T18:52:38.361Z, 950.8815576000001, 705.5181752000001
1701370358394, 2023-11-30T18:52:38.394Z, 906.8442798, 695.9383174000001
1701370358412, 2023-11-30T18:52:38.412Z, 862.9967053999999, 686.8217934
1701370358450, 2023-11-30T18:52:38.450Z, 848.4886923999999, 683.1651114
1701370358488, 2023-11-30T18:52:38.488Z, 844.905781, 681.2061242000001
1701370358504, 2023-11-30T18:52:38.504Z, 846.7053675999999, 679.0865658
1701370358534, 2023-11-30T18:52:38.534Z, 849.7281746000001, 678.9720522
1701370358549, 2023-11-30T18:52:38.549Z, 853.033987, 677.9425432
1701370358661, 2023-11-30T18:52:38.661Z, 926.9150969999998, 702.658515
1701370358676, 2023-11-30T18:52:38.676Z, 1006.2669659999999, 719.61228
1701370358705, 2023-11-30T18:52:38.705Z, 1087.9977370000001, 738.3516176
1701370358720, 2023-11-30T18:52:38.720Z, 1173.0464908000001, 762.1952624
1701370358751, 2023-11-30T18:52:38.751Z, 1258.1416986, 785.2823472
1701370358766, 2023-11-30T18:52:38.766Z, 1270.9830778, 782.081599
1701370358798, 2023-11-30T18:52:38.798Z, 1272.0994803999997, 792.2040720000001
1701370358814, 2023-11-30T18:52:38.814Z, 1270.3742940000002, 800.5841688
1701370358852, 2023-11-30T18:52:38.852Z, 1271.1915678, 799.4903854
1701370358862, 2023-11-30T18:52:38.862Z, 1275.9517190000001, 795.8480271999999
1701370358900, 2023-11-30T18:52:38.900Z, 1283.0690728, 791.6991372
1701370358941, 2023-11-30T18:52:38.941Z, 1294.3405453999999, 778.2353407999999
1701370358957, 2023-11-30T18:52:38.957Z, 1304.5243476, 763.0451985999999
1701370358972, 2023-11-30T18:52:38.972Z, 1308.2626767999998, 744.9841136
1701370358988, 2023-11-30T18:52:38.988Z, 1307.4319264, 730.4582543999999
1701423548134, 2023-12-01T09:39:08.134Z, 295.6951056, 595.3601795999999
1701423548365, 2023-12-01T09:39:08.365Z, 230.70846360000002, 583.0717471999999
1701423548394, 2023-12-01T09:39:08.394Z, 165.3844998, 582.564955
1701423548410, 2023-12-01T09:39:08.410Z, 97.754289, 596.7185648
1701423548441, 2023-12-01T09:39:08.441Z, 33.458342, 612.2732956
1701423548490, 2023-12-01T09:39:08.490Z, 21.508759400000002, 649.3325668
1701423548515, 2023-12-01T09:39:08.515Z, 38.7659536, 669.3893816
1701423548533, 2023-12-01T09:39:08.533Z, 61.985141799999994, 687.4686104
1701423548548, 2023-12-01T09:39:08.548Z, 87.0145464, 694.0960743999999
1701423548580, 2023-12-01T09:39:08.580Z, 109.95277179999998, 697.8389572
1701423548597, 2023-12-01T09:39:08.597Z, 127.5264408, 701.1592751999999
1701423548641, 2023-12-01T09:39:08.641Z, 143.0945228, 708.151566
1701423548656, 2023-12-01T09:39:08.656Z, 147.0051476, 703.821296
1701423548685, 2023-12-01T09:39:08.685Z, 153.722975, 695.1942998000001
1701423549005, 2023-12-01T09:39:09.005Z, 132.6726036, 642.3900934000001
1701423549020, 2023-12-01T09:39:09.020Z, 104.1586742, 587.1286282000001
1701423549051, 2023-12-01T09:39:09.051Z, 87.69285479999999, 527.17759
1701423549066, 2023-12-01T09:39:09.066Z, 107.95356360000001, 467.56983879999996
1701423549081, 2023-12-01T09:39:09.081Z, 93.9870522, 420.1244522
1701423549113, 2023-12-01T09:39:09.113Z, 105.49137579999999, 419.2504118
1701423549126, 2023-12-01T09:39:09.126Z, 119.75959780000001, 419.6129098
1701423549175, 2023-12-01T09:39:09.175Z, 107.54614860000001, 450.6922558
1701423549386, 2023-12-01T09:39:09.386Z, 74.52296140000001, 488.97174839999997
1701423549401, 2023-12-01T09:39:09.401Z, 85.32148240000001, 510.3171424
1701423549436, 2023-12-01T09:39:09.436Z, 95.6791288, 527.608872
1701423549447, 2023-12-01T09:39:09.447Z, 107.64031800000001, 543.6321492
1701423549479, 2023-12-01T09:39:09.479Z, 131.27069939999998, 534.9175028
1701423549492, 2023-12-01T09:39:09.492Z, 142.21204319999998, 526.7683912
1701423549516, 2023-12-01T09:39:09.516Z, 130.2868372, 530.0480238
1701423549539, 2023-12-01T09:39:09.539Z, 116.81245440000001, 535.0400072
1701423549569, 2023-12-01T09:39:09.569Z, 99.3817076, 539.3559726000001
1701423549583, 2023-12-01T09:39:09.583Z, 80.1996808, 542.3715030000001
1701423549615, 2023-12-01T09:39:09.615Z, 60.4421406, 541.5016757999999
1701423549628, 2023-12-01T09:39:09.628Z, 48.340626199999996, 536.9290014000001
1701423549665, 2023-12-01T09:39:09.665Z, 39.1091608, 531.3779978
1701423549829, 2023-12-01T09:39:09.829Z, 39.4418816, 526.7798708
1701423549859, 2023-12-01T09:39:09.859Z, 54.1856316, 522.6862848000001
1701423549875, 2023-12-01T09:39:09.875Z, 74.9154484, 524.8787462
1701423549891, 2023-12-01T09:39:09.891Z, 113.4652732, 543.2311044
1701423549922, 2023-12-01T09:39:09.922Z, 152.0892032, 562.108945
1701423549938, 2023-12-01T09:39:09.938Z, 186.041515, 576.5830295999999
1701423549967, 2023-12-01T09:39:09.967Z, 221.7843006, 591.092844
1701423550012, 2023-12-01T09:39:10.012Z, 249.6617918, 601.9460978
1701423550028, 2023-12-01T09:39:10.028Z, 269.6139894, 598.5157416
1701423550058, 2023-12-01T09:39:10.058Z, 242.2833996, 574.9924896
1701423550073, 2023-12-01T09:39:10.073Z, 196.96999780000002, 539.7473588
1701423550334, 2023-12-01T09:39:10.334Z, 143.4266914, 481.8095352
1701423550348, 2023-12-01T09:39:10.348Z, 94.484662, 424.8524836
1701423550379, 2023-12-01T09:39:10.379Z, 55.6457982, 360.32059159999994
1701423550396, 2023-12-01T09:39:10.396Z, 69.6258088, 315.871446
1701423550733, 2023-12-01T09:39:10.733Z, 298.6898802, 281.47184219999997
1701423550747, 2023-12-01T09:39:10.747Z, 532.2001640000001, 277.23866319999996
1701423551193, 2023-12-01T09:39:11.193Z, 778.3537822000001, 260.99219
1701423551208, 2023-12-01T09:39:11.208Z, 1004.025994, 267.1285626
1701423551246, 2023-12-01T09:39:11.246Z, 1225.5713538, 277.55573119999997
1701423551272, 2023-12-01T09:39:11.272Z, 1246.8045734, 301.858111
1701423551301, 2023-12-01T09:39:11.301Z, 1257.1629374, 318.2860018
1701423551335, 2023-12-01T09:39:11.335Z, 1240.5861816, 345.5171498000001
1701423551348, 2023-12-01T09:39:11.348Z, 1224.8540872, 356.348023
1701423551380, 2023-12-01T09:39:11.380Z, 1205.3875922000002, 361.2139818
1701423551423, 2023-12-01T09:39:11.423Z, 1174.4945794, 346.0753522
1701423551437, 2023-12-01T09:39:11.437Z, 1143.9003108000002, 329.886635
1701423551485, 2023-12-01T09:39:11.485Z, 1137.3080000000002, 314.79857419999996
1701423551529, 2023-12-01T09:39:11.529Z, 1179.551247, 301.9465896
1701423551563, 2023-12-01T09:39:11.563Z, 1228.1344546, 295.1372958
1701423551590, 2023-12-01T09:39:11.590Z, 1290.6294768, 297.40195099999994
1701423551610, 2023-12-01T09:39:11.610Z, 1357.520732, 302.8600124
1701423551666, 2023-12-01T09:39:11.666Z, 1398.387883, 303.7088962
1701423551701, 2023-12-01T09:39:11.701Z, 1401.0777354000002, 303.121394
1701423551726, 2023-12-01T09:39:11.726Z, 1409.3452856000001, 301.3853186
1701423551742, 2023-12-01T09:39:11.742Z, 1415.3564873999999, 301.9962646
1701423551767, 2023-12-01T09:39:11.767Z, 1417.36382, 300.3164988
1701423551791, 2023-12-01T09:39:11.791Z, 1433.0576583999998, 302.543854
1701423551822, 2023-12-01T09:39:11.822Z, 1434.9273755999998, 306.1100042
1701423551833, 2023-12-01T09:39:11.833Z, 1425.1824342, 308.35275579999995
1701423551865, 2023-12-01T09:39:11.865Z, 1422.4767034000001, 311.2108752
1701423551879, 2023-12-01T09:39:11.879Z, 1418.3418344000002, 314.45319379999995
1701423551918, 2023-12-01T09:39:11.918Z, 1418.8238516000001, 318.7026766
1701423551942, 2023-12-01T09:39:11.942Z, 1420.7515234, 323.32966139999996
1701423551956, 2023-12-01T09:39:11.956Z, 1421.5385314, 329.8436082
1701423551972, 2023-12-01T09:39:11.972Z, 1418.5277706000002, 337.00551759999996
1701423552002, 2023-12-01T09:39:12.002Z, 1418.2651056, 344.94980840000005
1701423552016, 2023-12-01T09:39:12.016Z, 1415.7177192, 352.2866616
1701423552047, 2023-12-01T09:39:12.047Z, 1416.9726058, 357.4037164
1701423552093, 2023-12-01T09:39:12.093Z, 1419.1310912000001, 356.25702179999996
1701423552110, 2023-12-01T09:39:12.110Z, 1418.6992163999998, 353.96970220000003
1701423552140, 2023-12-01T09:39:12.140Z, 1417.7750214, 349.7972694
1701423552155, 2023-12-01T09:39:12.155Z, 1417.7699152, 345.9297798
1701423552185, 2023-12-01T09:39:12.185Z, 1417.4205281999998, 345.2548266
1701423552202, 2023-12-01T09:39:12.202Z, 1419.6984085999998, 346.7669738
1701423552221, 2023-12-01T09:39:12.221Z, 1429.5197496, 346.64686659999995
1701423552247, 2023-12-01T09:39:12.247Z, 1455.624284, 341.6962196
1701423552262, 2023-12-01T09:39:12.262Z, 1482.9428702, 335.84548639999997
1701423552280, 2023-12-01T09:39:12.280Z, 1508.2499594, 328.48182080000004
1701423552310, 2023-12-01T09:39:12.310Z, 1528.9458206, 319.76642400000003
1701423552322, 2023-12-01T09:39:12.322Z, 1537.7048218, 310.7349004
1701423552366, 2023-12-01T09:39:12.366Z, 1523.8215566000003, 307.65761319999996
1701423552399, 2023-12-01T09:39:12.399Z, 1508.4621748, 306.6830744
1701423552415, 2023-12-01T09:39:12.415Z, 1494.2537674, 305.293821
1701423552429, 2023-12-01T09:39:12.429Z, 1484.9594848000002, 305.7296478
1701423552444, 2023-12-01T09:39:12.444Z, 1477.2438580000003, 311.829089
1701423552462, 2023-12-01T09:39:12.462Z, 1437.1595730000001, 328.40476040000004
1701423552492, 2023-12-01T09:39:12.492Z, 1377.1438890000002, 334.4375712
1701423552528, 2023-12-01T09:39:12.528Z, 1298.2832951999999, 348.52148860000005
1701423552545, 2023-12-01T09:39:12.545Z, 1219.0258382, 360.81783759999996
1701423552556, 2023-12-01T09:39:12.556Z, 1147.6841262, 363.20535299999995
1701423552568, 2023-12-01T09:39:12.568Z, 1109.5618296, 359.8685114
1701423552597, 2023-12-01T09:39:12.597Z, 1094.6095152, 359.60939900000005
1701423552613, 2023-12-01T09:39:12.613Z, 1104.2666776, 349.56266020000004
1701423552628, 2023-12-01T09:39:12.628Z, 1104.1176508, 335.10429400000004
1701423552643, 2023-12-01T09:39:12.643Z, 1103.2938325999999, 327.20974419999993
1701423552674, 2023-12-01T09:39:12.674Z, 1118.0472064, 315.5153732
1701423552689, 2023-12-01T09:39:12.689Z, 1126.5995574, 312.6408538
1701423552726, 2023-12-01T09:39:12.726Z, 1130.9940985999997, 311.5855298
1701423552737, 2023-12-01T09:39:12.737Z, 1147.7967021999998, 315.2078554
1701423552753, 2023-12-01T09:39:12.753Z, 1158.4996094, 319.6384666
1701423552766, 2023-12-01T09:39:12.766Z, 1158.5892306, 321.328719
1701423552782, 2023-12-01T09:39:12.782Z, 1162.3289484000002, 319.3079836
1701423552797, 2023-12-01T09:39:12.797Z, 1159.6218516000001, 314.8314252
1701423552827, 2023-12-01T09:39:12.827Z, 1151.0511496000001, 313.199667
1701423552842, 2023-12-01T09:39:12.842Z, 1147.3047666, 312.3839016
1701423552857, 2023-12-01T09:39:12.857Z, 1145.4053241999998, 317.2517226
1701423552872, 2023-12-01T09:39:12.872Z, 1141.8333252, 323.77669019999996
1701423552888, 2023-12-01T09:39:12.888Z, 1141.7403032000002, 336.8639352
1701423552905, 2023-12-01T09:39:12.905Z, 1147.89572, 348.09345060000004
1701423552919, 2023-12-01T09:39:12.919Z, 1148.16214, 363.10068680000006
1701423552943, 2023-12-01T09:39:12.943Z, 1141.5854138, 385.38641600000005
1701423552966, 2023-12-01T09:39:12.966Z, 1146.2515520000002, 409.5063748
1701423552997, 2023-12-01T09:39:12.997Z, 1148.8093588, 428.8981596
1701423553009, 2023-12-01T09:39:13.009Z, 1151.5104714, 451.2362774
1701423553024, 2023-12-01T09:39:13.024Z, 1164.2495886000002, 467.741295
1701423553041, 2023-12-01T09:39:13.041Z, 1201.3112898000002, 466.90911939999995
1701423553055, 2023-12-01T09:39:13.055Z, 1230.4989600000001, 461.81422119999996
1701423553071, 2023-12-01T09:39:13.071Z, 1269.893125, 458.47240999999997
1701423553083, 2023-12-01T09:39:13.083Z, 1308.1092366, 453.4792244
1701423553099, 2023-12-01T09:39:13.099Z, 1340.1974732, 448.79583199999996
1701423553130, 2023-12-01T09:39:13.130Z, 1354.2742594000001, 450.60647099999994
1701423553145, 2023-12-01T09:39:13.145Z, 1364.7928714000002, 453.7673804
1701423553162, 2023-12-01T09:39:13.162Z, 1368.9058352000002, 450.6727967999999
1701423553193, 2023-12-01T09:39:13.193Z, 1369.8507736000001, 445.28211680000004
1701423553209, 2023-12-01T09:39:13.209Z, 1371.8896552, 439.0728406
1701423553239, 2023-12-01T09:39:13.239Z, 1371.6157, 430.17391299999997
1701423553266, 2023-12-01T09:39:13.266Z, 1373.7288044000002, 421.8526817999999
1701423553284, 2023-12-01T09:39:13.284Z, 1377.2869396, 418.3838830000001
1701423553299, 2023-12-01T09:39:13.299Z, 1382.332973, 417.13390319999996
1701423553315, 2023-12-01T09:39:13.315Z, 1382.8737566, 415.843977
1701423553329, 2023-12-01T09:39:13.329Z, 1384.0881226000001, 416.7763866
1701423553345, 2023-12-01T09:39:13.345Z, 1382.8212722, 416.7501112
1701423553360, 2023-12-01T09:39:13.360Z, 1376.3169388000001, 413.19956080000003
1701423553392, 2023-12-01T09:39:13.392Z, 1367.9973340000001, 408.509227
1701423553425, 2023-12-01T09:39:13.425Z, 1359.621934, 403.48551720000006
1701423553437, 2023-12-01T09:39:13.437Z, 1345.6045503999999, 397.2852194
1701423553455, 2023-12-01T09:39:13.455Z, 1346.5681614, 400.5564402
1701423553475, 2023-12-01T09:39:13.475Z, 1347.2428758, 410.92434460000004
1701423553482, 2023-12-01T09:39:13.482Z, 1352.7041636, 425.40507879999996
1701423553498, 2023-12-01T09:39:13.498Z, 1361.4993116, 441.3866798
1701423553514, 2023-12-01T09:39:13.514Z, 1371.9819644, 458.34156199999995
1701423553529, 2023-12-01T09:39:13.529Z, 1371.7287572, 467.24435000000005
1701423553545, 2023-12-01T09:39:13.545Z, 1377.7229035999999, 472.72067580000004
1701423553574, 2023-12-01T09:39:13.574Z, 1382.5253418, 473.91845739999997
1701423553606, 2023-12-01T09:39:13.606Z, 1382.1018306, 469.016263
1701423553621, 2023-12-01T09:39:13.621Z, 1384.1463684, 464.13871660000007
1701423553637, 2023-12-01T09:39:13.637Z, 1376.950397, 457.73446299999995
1701423553651, 2023-12-01T09:39:13.651Z, 1371.3541192, 452.0469548
1701423553666, 2023-12-01T09:39:13.666Z, 1361.6657873999998, 447.40444740000004
1701423553682, 2023-12-01T09:39:13.682Z, 1364.9380442000001, 452.0766892
1701423553698, 2023-12-01T09:39:13.698Z, 1373.7432145999996, 458.37828840000003
1701423553716, 2023-12-01T09:39:13.716Z, 1389.3060356, 466.434697
1701423553747, 2023-12-01T09:39:13.747Z, 1402.3512600000001, 471.354893
1701423553774, 2023-12-01T09:39:13.774Z, 1414.5198488, 473.7378108
1701423553793, 2023-12-01T09:39:13.793Z, 1484.4062858000002, 475.9737376
1701423553809, 2023-12-01T09:39:13.809Z, 1552.7215682, 476.37954439999993
1701423553837, 2023-12-01T09:39:13.837Z, 1620.5575854, 476.73414560000003
1701423553884, 2023-12-01T09:39:13.884Z, 1672.0295992, 483.0364784
1701423553899, 2023-12-01T09:39:13.899Z, 1728.0290612000001, 492.8161016
1701423553947, 2023-12-01T09:39:13.947Z, 1727.4067816, 498.30141539999994
1701423553962, 2023-12-01T09:39:13.962Z, 1724.5961419999999, 503.5028088
1701423553975, 2023-12-01T09:39:13.975Z, 1720.7693522000002, 507.5783354
1701423553991, 2023-12-01T09:39:13.991Z, 1705.3650168, 493.75736059999997
1701423554022, 2023-12-01T09:39:14.022Z, 1689.0179398, 485.38881519999995
1701423554037, 2023-12-01T09:39:14.037Z, 1660.6874668, 475.73439079999997
1701423554068, 2023-12-01T09:39:14.068Z, 1635.7773174000001, 477.0470548
1701423554082, 2023-12-01T09:39:14.082Z, 1614.370322, 479.6378366
1701423554115, 2023-12-01T09:39:14.115Z, 1622.7560411999998, 498.9072798
1701423554128, 2023-12-01T09:39:14.128Z, 1635.8230122, 513.2720882000001
1701423554144, 2023-12-01T09:39:14.144Z, 1651.3608478, 528.6051866
1701423554170, 2023-12-01T09:39:14.170Z, 1639.0010446000001, 532.5310544000001
1701423554191, 2023-12-01T09:39:14.191Z, 1626.4270834000001, 532.0796656
1701423554209, 2023-12-01T09:39:14.209Z, 1586.2714546000002, 533.7866707999999
1701423554241, 2023-12-01T09:39:14.241Z, 1527.0815396, 536.616583
1701423554258, 2023-12-01T09:39:14.258Z, 1442.3457232, 547.6139186
1701423554272, 2023-12-01T09:39:14.272Z, 1381.769306, 560.038416
1701423554282, 2023-12-01T09:39:14.282Z, 1318.182431, 578.0365144
1701423554297, 2023-12-01T09:39:14.297Z, 1277.1567412, 593.4445834
1701423554347, 2023-12-01T09:39:14.347Z, 1244.4705246, 606.6259124000001
1701423554359, 2023-12-01T09:39:14.359Z, 1233.2750856, 609.9926601999999
1701423554374, 2023-12-01T09:39:14.374Z, 1219.1855028000002, 610.1629642
1701423554389, 2023-12-01T09:39:14.389Z, 1200.1508006, 604.4534476
1701423554407, 2023-12-01T09:39:14.407Z, 1180.5118464, 599.9370670000001
1701423554424, 2023-12-01T09:39:14.424Z, 1164.5760716, 593.9383148000001
1701423554453, 2023-12-01T09:39:14.453Z, 1155.0304704, 588.8478382000001
1701423554474, 2023-12-01T09:39:14.474Z, 1147.3970438000001, 584.7671287999999
1701423554504, 2023-12-01T09:39:14.504Z, 1149.6927346000002, 583.4316218
1701423554515, 2023-12-01T09:39:14.515Z, 1157.8949598000002, 577.9925615999999
1701423554545, 2023-12-01T09:39:14.545Z, 1168.592087, 573.5543774
1701423554560, 2023-12-01T09:39:14.560Z, 1177.4637652, 570.0179054
1701423554575, 2023-12-01T09:39:14.575Z, 1188.7564512000001, 566.9491462
1701423554591, 2023-12-01T09:39:14.591Z, 1193.9925476, 567.6578683999999
1701423554623, 2023-12-01T09:39:14.623Z, 1198.3018464000002, 571.9861586
1701423554638, 2023-12-01T09:39:14.638Z, 1200.6043712000003, 574.8864897999999
1701423554656, 2023-12-01T09:39:14.656Z, 1202.8891918000002, 580.0970592000001
1701423554668, 2023-12-01T09:39:14.668Z, 1204.2980116, 586.69849
1701423554681, 2023-12-01T09:39:14.681Z, 1218.9514502000002, 589.6402516
1701423554698, 2023-12-01T09:39:14.698Z, 1233.8859512, 588.8784834
1701423554713, 2023-12-01T09:39:14.713Z, 1249.996138, 590.2840669999999
1701423554728, 2023-12-01T09:39:14.728Z, 1263.2061956, 589.2432465999999
1701423554744, 2023-12-01T09:39:14.744Z, 1273.2801392000001, 585.5536714
1701423554764, 2023-12-01T09:39:14.764Z, 1271.1435305999998, 582.3978464
1701423554782, 2023-12-01T09:39:14.782Z, 1268.890952, 581.0539117999999
1701423554805, 2023-12-01T09:39:14.805Z, 1265.8232712000001, 578.9134654
1701423554824, 2023-12-01T09:39:14.824Z, 1261.68466, 575.8995764000001
1701423554837, 2023-12-01T09:39:14.837Z, 1254.6433254, 570.5966644
1701423554853, 2023-12-01T09:39:14.853Z, 1249.9634270000001, 567.1502468
1701423554882, 2023-12-01T09:39:14.882Z, 1249.9194614, 560.6029536
1701423554899, 2023-12-01T09:39:14.899Z, 1253.921359, 554.9883400000001
1701423554917, 2023-12-01T09:39:14.917Z, 1253.508872, 553.3278612
1701423554931, 2023-12-01T09:39:14.931Z, 1244.7954353999999, 560.2699564000001
1701423554962, 2023-12-01T09:39:14.962Z, 1232.1685863999999, 565.994827
1701423554976, 2023-12-01T09:39:14.976Z, 1207.8174168, 573.8345952
1701423555025, 2023-12-01T09:39:15.025Z, 1178.6359552, 580.1504024
1701423555038, 2023-12-01T09:39:15.038Z, 1159.1436958, 581.6291859999999
1701423555069, 2023-12-01T09:39:15.069Z, 1154.9979722, 578.7253625999999
1701423555097, 2023-12-01T09:39:15.097Z, 1149.2638866000002, 575.7953614
1701423555114, 2023-12-01T09:39:15.114Z, 1146.3652988, 572.0418956
1701423555146, 2023-12-01T09:39:15.146Z, 1141.090241, 567.6237222
1701423555160, 2023-12-01T09:39:15.160Z, 1131.4818614, 566.3623718000001
1701423555208, 2023-12-01T09:39:15.208Z, 1121.2248187999999, 566.1038114
1701423555231, 2023-12-01T09:39:15.231Z, 1113.3528655999999, 562.5696532
1701423555252, 2023-12-01T09:39:15.252Z, 1106.9808158, 559.4048192
1701423555268, 2023-12-01T09:39:15.268Z, 1104.0704763999997, 557.049778
1701423555282, 2023-12-01T09:39:15.282Z, 1099.6305347999999, 562.3341640000001
1701423555297, 2023-12-01T09:39:15.297Z, 1092.976007, 567.7381310000001
1701423555313, 2023-12-01T09:39:15.313Z, 1083.2892208, 571.863114
1701423555329, 2023-12-01T09:39:15.329Z, 1078.0177668000001, 571.2276902
1701423555344, 2023-12-01T09:39:15.344Z, 1073.4718876, 570.9529301999999
1701423555369, 2023-12-01T09:39:15.369Z, 1071.840422, 564.0814432
1701423555380, 2023-12-01T09:39:15.380Z, 1070.8122038, 558.0541848
1701423555406, 2023-12-01T09:39:15.406Z, 1074.4126816, 551.9230082
1701423555421, 2023-12-01T09:39:15.421Z, 1071.112542, 552.6475684
1701423555436, 2023-12-01T09:39:15.436Z, 1072.0213815999998, 556.567396
1701423555451, 2023-12-01T09:39:15.451Z, 1064.1460914, 556.6183624
1701423555467, 2023-12-01T09:39:15.467Z, 1059.4134854, 555.5723728
1701423555481, 2023-12-01T09:39:15.481Z, 1058.6293112, 560.0922446000001
1701423555498, 2023-12-01T09:39:15.498Z, 1055.8029816, 560.6776194000001
1701423555517, 2023-12-01T09:39:15.517Z, 1053.1543434, 559.0215572000001
1701423555544, 2023-12-01T09:39:15.544Z, 1057.176469, 559.1006392
1701423555560, 2023-12-01T09:39:15.560Z, 1044.6032688, 550.7771974
1701423555573, 2023-12-01T09:39:15.573Z, 1015.0495788000001, 537.886668
1701423555590, 2023-12-01T09:39:15.590Z, 954.8412852000001, 517.6965008
1701423555621, 2023-12-01T09:39:15.621Z, 878.9815648, 493.64703040000006
1701423555637, 2023-12-01T09:39:15.637Z, 760.6413638, 461.36463060000005
1701423555742, 2023-12-01T09:39:15.742Z, 619.3218602, 431.770413
1701423555788, 2023-12-01T09:39:15.788Z, 518.868404, 403.13715160000004
1701423555816, 2023-12-01T09:39:15.816Z, 421.18778039999995, 370.7799516
1701423555835, 2023-12-01T09:39:15.835Z, 314.6186786, 333.68541680000004
1701423555851, 2023-12-01T09:39:15.851Z, 254.73897580000002, 303.7381074
1701423555866, 2023-12-01T09:39:15.866Z, 230.7067564, 278.62075219999997
1701423555880, 2023-12-01T09:39:15.880Z, 177.48284280000001, 256.8177026
1701423555896, 2023-12-01T09:39:15.896Z, 156.6239006, 250.00317660000002
1701423555910, 2023-12-01T09:39:15.910Z, 153.722962, 254.6111642
1701423555927, 2023-12-01T09:39:15.927Z, 158.55167980000002, 261.4990022
1701423555942, 2023-12-01T09:39:15.942Z, 161.1198588, 269.0595634
1701423555966, 2023-12-01T09:39:15.966Z, 176.9935174, 260.350484
1701423555990, 2023-12-01T09:39:15.990Z, 192.0320132, 254.02964359999996
1701426247004, 2023-12-01T10:24:07.004Z, 1070.1615956, 145.7632754
1701426247036, 2023-12-01T10:24:07.036Z, 1096.1627560000002, 159.7168096
1701426247053, 2023-12-01T10:24:07.053Z, 1136.9292369999998, 164.3731592
1701426247084, 2023-12-01T10:24:07.084Z, 1183.4437077999999, 189.90059140000002
1701426247099, 2023-12-01T10:24:07.099Z, 1217.1144626, 213.47654740000002
1701426247114, 2023-12-01T10:24:07.114Z, 1243.7195318, 233.7870374
1701426247130, 2023-12-01T10:24:07.130Z, 1269.9808434000001, 252.2249546
1701426247145, 2023-12-01T10:24:07.145Z, 1281.0947046000001, 262.6665984
1701426247161, 2023-12-01T10:24:07.161Z, 1277.2138770000001, 257.3055836
1701426247178, 2023-12-01T10:24:07.178Z, 1273.0636298, 249.37575699999996
1701426247204, 2023-12-01T10:24:07.204Z, 1269.0070214, 240.12080980000002
1701426247222, 2023-12-01T10:24:07.222Z, 1266.1000715999999, 230.8424426
1701426247238, 2023-12-01T10:24:07.238Z, 1262.122213, 224.3463686
1701426247254, 2023-12-01T10:24:07.254Z, 1300.3464424000001, 220.0599178
1701426247269, 2023-12-01T10:24:07.269Z, 1341.7066196, 215.55802060000002
1701426247286, 2023-12-01T10:24:07.286Z, 1366.8533864, 216.219316
1701426247301, 2023-12-01T10:24:07.301Z, 1390.1709466000002, 219.67529639999998
1701426247318, 2023-12-01T10:24:07.318Z, 1414.9734386, 223.5873236
1701426247333, 2023-12-01T10:24:07.333Z, 1393.1237896, 229.5817954
1701426247355, 2023-12-01T10:24:07.355Z, 1366.6767138, 237.432301
1701426247379, 2023-12-01T10:24:07.379Z, 1356.5306036000002, 240.6728332
1701426247394, 2023-12-01T10:24:07.394Z, 1351.9379308, 245.04432159999996
1701426247410, 2023-12-01T10:24:07.410Z, 1350.93004, 249.72077099999996
1701426247428, 2023-12-01T10:24:07.428Z, 1360.9989994000002, 252.08868360000002
1701426247458, 2023-12-01T10:24:07.458Z, 1371.2370116, 252.471154
1701426247473, 2023-12-01T10:24:07.473Z, 1379.992396, 254.9956784
1701426247500, 2023-12-01T10:24:07.500Z, 1380.6950353999998, 254.21807180000002
1701426247516, 2023-12-01T10:24:07.516Z, 1383.4132114, 254.8313174
1701426247537, 2023-12-01T10:24:07.537Z, 1383.4484284, 256.94537499999996
1701426247553, 2023-12-01T10:24:07.553Z, 1388.8041824, 254.785253
1701426247568, 2023-12-01T10:24:07.568Z, 1396.000208, 249.8567996
1701426247584, 2023-12-01T10:24:07.584Z, 1406.5011189999998, 247.39212120000002
1701426247600, 2023-12-01T10:24:07.600Z, 1414.2954068, 241.6100602
1701426247616, 2023-12-01T10:24:07.616Z, 1420.775479, 237.1540994
1701426247632, 2023-12-01T10:24:07.632Z, 1421.5476758, 237.24032820000002
1701426247655, 2023-12-01T10:24:07.655Z, 1420.2760952, 238.6289582
1701426247679, 2023-12-01T10:24:07.679Z, 1424.085166, 234.12726899999998
1701426247716, 2023-12-01T10:24:07.716Z, 1417.4103436, 235.892397
1701426247726, 2023-12-01T10:24:07.726Z, 1410.3959904, 237.3602686
1701426247772, 2023-12-01T10:24:07.772Z, 1402.2258416, 239.4482778
1701426247803, 2023-12-01T10:24:07.803Z, 1392.6911673999998, 243.0666826
1701426247821, 2023-12-01T10:24:07.821Z, 1379.2087506, 247.44179799999998
1701426247853, 2023-12-01T10:24:07.853Z, 1377.6783415999998, 245.15831820000002
1701426247869, 2023-12-01T10:24:07.869Z, 1380.0179302000001, 241.1134698
1701426247900, 2023-12-01T10:24:07.900Z, 1383.6880168000002, 236.64928960000003
1701426247916, 2023-12-01T10:24:07.916Z, 1385.2864880000002, 232.75530320000001
1701426247950, 2023-12-01T10:24:07.950Z, 1382.0369452, 227.1523464
1701426247979, 2023-12-01T10:24:07.979Z, 1373.8196635999998, 223.81337860000002
1701426247996, 2023-12-01T10:24:07.996Z, 1361.9151161999998, 221.75847560000003
1701426248012, 2023-12-01T10:24:08.012Z, 1352.002689, 222.9837682
1701426248028, 2023-12-01T10:24:08.028Z, 1352.613126, 222.83424520000003
1701426248042, 2023-12-01T10:24:08.042Z, 1358.2668554, 228.3336554
1701426248058, 2023-12-01T10:24:08.058Z, 1367.6360584, 234.952924
1701426248073, 2023-12-01T10:24:08.073Z, 1380.1201833999999, 243.404776
1701426248120, 2023-12-01T10:24:08.120Z, 1390.8304218, 249.18686780000002
1701426248136, 2023-12-01T10:24:08.136Z, 1391.0709133999999, 250.16978120000005
1701426248167, 2023-12-01T10:24:08.167Z, 1388.5067506, 249.77507579999997
1701426248187, 2023-12-01T10:24:08.187Z, 1383.4365856, 246.4943268
1701426248218, 2023-12-01T10:24:08.218Z, 1372.6263756, 239.07718719999997
1701426248235, 2023-12-01T10:24:08.235Z, 1363.0349122, 231.28148579999998
1701426248276, 2023-12-01T10:24:08.276Z, 1370.1249018, 233.073515
1701426248291, 2023-12-01T10:24:08.291Z, 1388.2645934, 239.0701794
1701426248307, 2023-12-01T10:24:08.307Z, 1434.5225036, 244.9745158
1701426248323, 2023-12-01T10:24:08.323Z, 1486.1633408000002, 252.4180218
1701426248339, 2023-12-01T10:24:08.339Z, 1537.1342882, 267.02474700000005
1701426248357, 2023-12-01T10:24:08.357Z, 1579.1980976, 274.2560666
1701426248372, 2023-12-01T10:24:08.372Z, 1613.2569770000002, 277.85299139999995
1701426248387, 2023-12-01T10:24:08.387Z, 1623.3361514000003, 281.10557159999996
1701426248404, 2023-12-01T10:24:08.404Z, 1630.4436246, 274.4212784
1701426248434, 2023-12-01T10:24:08.434Z, 1640.8430222, 263.91595259999997
1701426248450, 2023-12-01T10:24:08.450Z, 1647.5306202, 256.1708638
1701426248465, 2023-12-01T10:24:08.465Z, 1658.0724995999997, 246.9923938
1701426248482, 2023-12-01T10:24:08.482Z, 1663.4979074000003, 239.762762
1701426248497, 2023-12-01T10:24:08.497Z, 1670.4910802000002, 242.95756420000004
1701426248512, 2023-12-01T10:24:08.512Z, 1670.9294851999998, 249.16855500000003
1701426248527, 2023-12-01T10:24:08.527Z, 1666.965066, 255.8564954
1701426248567, 2023-12-01T10:24:08.567Z, 1637.0065498, 266.2581906
1701426248579, 2023-12-01T10:24:08.579Z, 1615.4601146, 276.53977019999996
1701426248620, 2023-12-01T10:24:08.620Z, 1537.4332763999998, 292.81825779999997
1701426248635, 2023-12-01T10:24:08.635Z, 1444.8464251999999, 304.86362339999994
1701426248666, 2023-12-01T10:24:08.666Z, 1340.5690531999999, 317.6900032
1701426248716, 2023-12-01T10:24:08.716Z, 1250.25285, 334.661143
1701426248761, 2023-12-01T10:24:08.761Z, 1166.874235, 352.6250446
1701426248794, 2023-12-01T10:24:08.794Z, 1155.1911091999998, 366.6093586
1701426248808, 2023-12-01T10:24:08.808Z, 1146.3217837999998, 378.905926
1701426248824, 2023-12-01T10:24:08.824Z, 1157.3867209999999, 390.47348300000004
1701426248871, 2023-12-01T10:24:08.871Z, 1169.5299812, 393.31595020000003
1701426248885, 2023-12-01T10:24:08.885Z, 1166.3733616, 393.22967200000005
1701426248917, 2023-12-01T10:24:08.917Z, 1156.9668649999999, 393.93372380000005
1701426248933, 2023-12-01T10:24:08.933Z, 1162.1950861999999, 393.8062238
1701426248966, 2023-12-01T10:24:08.966Z, 1163.3040382, 390.12495099999995
1701426248981, 2023-12-01T10:24:08.981Z, 1171.2081362000001, 391.054807
1701426249058, 2023-12-01T10:24:09.058Z, 1182.8353648, 393.3399375999999
1701426249073, 2023-12-01T10:24:09.073Z, 1185.1738278, 392.94965979999995
1701426249092, 2023-12-01T10:24:09.092Z, 1188.1152554, 394.506012
1701426249120, 2023-12-01T10:24:09.120Z, 1193.918799, 398.40719640000003
1701426249153, 2023-12-01T10:24:09.153Z, 1203.1304096, 401.0744128
1701426249181, 2023-12-01T10:24:09.181Z, 1210.6255014, 404.14068299999997
1701426249198, 2023-12-01T10:24:09.198Z, 1215.774828, 407.1421128
1701426249228, 2023-12-01T10:24:09.228Z, 1219.2018062, 408.24631059999996
1701426249244, 2023-12-01T10:24:09.244Z, 1221.2804554, 409.26576480000006
1701426249275, 2023-12-01T10:24:09.275Z, 1221.4790108000002, 410.63956199999996
1701426249321, 2023-12-01T10:24:09.321Z, 1215.3327948, 412.13747240000004
1701426249337, 2023-12-01T10:24:09.337Z, 1210.4096548000002, 412.79867859999996
1701426249367, 2023-12-01T10:24:09.367Z, 1210.4830405999999, 412.2649306
1701426249384, 2023-12-01T10:24:09.384Z, 1231.9732840000001, 409.94900800000005
1701426249400, 2023-12-01T10:24:09.400Z, 1256.0535298, 399.90672459999996
1701426249418, 2023-12-01T10:24:09.418Z, 1287.5781854000002, 388.842257
1701426249432, 2023-12-01T10:24:09.432Z, 1323.4139358, 380.2886932
1701426249454, 2023-12-01T10:24:09.454Z, 1358.7103282, 375.97895600000004
1701426249479, 2023-12-01T10:24:09.479Z, 1369.4339017999998, 370.27864200000005
1701426249497, 2023-12-01T10:24:09.497Z, 1380.2542742, 377.8429452
1701426249526, 2023-12-01T10:24:09.526Z, 1386.9220904000001, 385.5462484
1701426249542, 2023-12-01T10:24:09.542Z, 1386.7545292, 395.0672992
1701426249572, 2023-12-01T10:24:09.572Z, 1382.9616558, 400.8735574
1701426249603, 2023-12-01T10:24:09.603Z, 1374.014597, 408.68895200000003
1701426249619, 2023-12-01T10:24:09.619Z, 1357.7734627999998, 407.6756518
1701426249635, 2023-12-01T10:24:09.635Z, 1344.8663735999999, 408.37668080000003
1701426249650, 2023-12-01T10:24:09.650Z, 1338.6160983999998, 404.95331939999994
1701426249665, 2023-12-01T10:24:09.665Z, 1327.6932978, 397.43547739999997
1701426249682, 2023-12-01T10:24:09.682Z, 1329.4876648, 394.0187596
1701426249697, 2023-12-01T10:24:09.697Z, 1334.7759780000001, 392.5371396
1701426249727, 2023-12-01T10:24:09.727Z, 1343.4088152, 392.34382059999996
1701426249749, 2023-12-01T10:24:09.749Z, 1344.1166372, 387.3527660000001
1701426249767, 2023-12-01T10:24:09.767Z, 1355.5786002, 390.0978566
1701426249783, 2023-12-01T10:24:09.783Z, 1357.8292394, 389.4972626
1701426249793, 2023-12-01T10:24:09.793Z, 1355.1882878, 386.9803346
1701426249811, 2023-12-01T10:24:09.811Z, 1349.7403806000002, 384.8013244
1701426249837, 2023-12-01T10:24:09.837Z, 1348.0644562, 387.9467108
1701426249852, 2023-12-01T10:24:09.852Z, 1338.3321541999999, 388.64488120000004
1701426249867, 2023-12-01T10:24:09.867Z, 1333.6343226000001, 391.1374426
1701426249883, 2023-12-01T10:24:09.883Z, 1336.9460862, 401.021067
1701426249902, 2023-12-01T10:24:09.902Z, 1328.0669225999998, 408.4840314
1701426249934, 2023-12-01T10:24:09.934Z, 1312.3886204, 415.6651114
1701426249965, 2023-12-01T10:24:09.965Z, 1282.5414124, 426.2175228
1701426250009, 2023-12-01T10:24:10.009Z, 1243.4542208, 434.516212
1701426250055, 2023-12-01T10:24:10.055Z, 1205.9835582, 437.366914
1701426250088, 2023-12-01T10:24:10.088Z, 1185.5941684000002, 445.8214792
1701426250135, 2023-12-01T10:24:10.135Z, 1170.2695906, 457.0072296
1701426250152, 2023-12-01T10:24:10.152Z, 1172.6464452, 463.34675180000005
1701426250183, 2023-12-01T10:24:10.183Z, 1184.8169946, 471.19056739999996
1701426250231, 2023-12-01T10:24:10.231Z, 1193.3264048, 479.7092844
1701426250247, 2023-12-01T10:24:10.247Z, 1190.37312, 483.0471842
1701426250264, 2023-12-01T10:24:10.264Z, 1187.2066845999998, 488.95333039999997
1701426250280, 2023-12-01T10:24:10.280Z, 1180.0565912, 493.7370887999999
1701426250310, 2023-12-01T10:24:10.310Z, 1171.1392294000002, 499.02000239999995
1701426250326, 2023-12-01T10:24:10.326Z, 1159.9525788, 501.75234660000007
1701426250358, 2023-12-01T10:24:10.358Z, 1154.5210892, 505.799229
1701426250374, 2023-12-01T10:24:10.374Z, 1150.9734724, 503.33893580000006
1701426250405, 2023-12-01T10:24:10.405Z, 1153.2336128, 503.90104219999995
1701426250422, 2023-12-01T10:24:10.422Z, 1154.8719088, 502.2790914
1701426250454, 2023-12-01T10:24:10.454Z, 1162.1653412, 505.42422400000004
1701426250468, 2023-12-01T10:24:10.468Z, 1164.7869636, 504.6020724
1701426250506, 2023-12-01T10:24:10.506Z, 1172.7907493999999, 508.4983894
1701426250548, 2023-12-01T10:24:10.548Z, 1176.2706592, 511.4126612
1701426250564, 2023-12-01T10:24:10.564Z, 1182.549585, 511.0273326
1701426250580, 2023-12-01T10:24:10.580Z, 1195.911492, 509.5898289999999
1701426250593, 2023-12-01T10:24:10.593Z, 1214.731096, 509.4212498
1701426250609, 2023-12-01T10:24:10.609Z, 1226.64516, 503.5617836
1701426250624, 2023-12-01T10:24:10.624Z, 1236.6647916, 491.3094222
1701426250650, 2023-12-01T10:24:10.650Z, 1241.7157677999999, 474.1090266
1701426250671, 2023-12-01T10:24:10.671Z, 1236.4817952, 456.87108659999996
1701426250688, 2023-12-01T10:24:10.688Z, 1231.616303, 442.22812360000006
1701426250704, 2023-12-01T10:24:10.704Z, 1229.2533224000001, 430.7733738
1701426250719, 2023-12-01T10:24:10.719Z, 1241.8488744, 440.9125364
1701426250736, 2023-12-01T10:24:10.736Z, 1257.2102289999998, 459.33838240000006
1701426250750, 2023-12-01T10:24:10.750Z, 1268.0025858000001, 472.6364084
1701426250767, 2023-12-01T10:24:10.767Z, 1276.6380004, 483.92500999999993
1701426250781, 2023-12-01T10:24:10.781Z, 1286.1668862000001, 496.63424540000005
1701426250802, 2023-12-01T10:24:10.802Z, 1284.0811274, 493.84286499999996
1701426250847, 2023-12-01T10:24:10.847Z, 1292.8144536, 501.152312
1701426250876, 2023-12-01T10:24:10.876Z, 1297.9271038000002, 506.6783568000001
1701426250892, 2023-12-01T10:24:10.892Z, 1295.1620262000001, 515.9642670000001
1701426250908, 2023-12-01T10:24:10.908Z, 1286.7872266, 526.2231502000001
1701426250952, 2023-12-01T10:24:10.952Z, 1275.7111658, 534.0158018
1701426250986, 2023-12-01T10:24:10.986Z, 1249.6407362000002, 528.9236038
1701426251001, 2023-12-01T10:24:11.001Z, 1229.1020490000003, 529.209398
1701426251033, 2023-12-01T10:24:11.033Z, 1214.6222354000001, 527.6038744
1701426251048, 2023-12-01T10:24:11.048Z, 1202.2185162, 523.9883402
1701426251081, 2023-12-01T10:24:11.081Z, 1190.2691542, 525.1570758
1701426251129, 2023-12-01T10:24:11.129Z, 1182.7980261999999, 542.7089356
1701426251142, 2023-12-01T10:24:11.142Z, 1175.6220497999998, 558.960407
1701426251190, 2023-12-01T10:24:11.190Z, 1158.6411489999998, 562.0795267999999
1701426251221, 2023-12-01T10:24:11.221Z, 1137.8245666, 554.6442771999999
1701426251269, 2023-12-01T10:24:11.269Z, 1117.806927, 548.0195283999999
1701426251299, 2023-12-01T10:24:11.299Z, 1096.8273492, 530.1011402
1701426251315, 2023-12-01T10:24:11.315Z, 1077.1994406, 513.0295542
1701426251346, 2023-12-01T10:24:11.346Z, 1068.8484875999998, 507.6674782
1701426251363, 2023-12-01T10:24:11.363Z, 1069.1699086000003, 511.7584828
1701426251405, 2023-12-01T10:24:11.405Z, 1085.7473462, 512.6163650000001
1701426251439, 2023-12-01T10:24:11.439Z, 1110.4763496, 513.0417006
1701426251452, 2023-12-01T10:24:11.452Z, 1140.9377164, 514.8646345999999
1701426251483, 2023-12-01T10:24:11.483Z, 1169.4950572, 517.6059674
1701426251499, 2023-12-01T10:24:11.499Z, 1189.0782324, 518.1411848
1701426251531, 2023-12-01T10:24:11.531Z, 1190.21956, 519.0085742
1701426251577, 2023-12-01T10:24:11.577Z, 1188.785938, 521.1328516
1701426251592, 2023-12-01T10:24:11.592Z, 1179.6495997999998, 522.735232
1701426251623, 2023-12-01T10:24:11.623Z, 1172.3902844, 523.9352988
1701426251638, 2023-12-01T10:24:11.638Z, 1168.0676125999998, 528.1009144
1701426251669, 2023-12-01T10:24:11.669Z, 1166.3246548, 532.0936966
1701426251686, 2023-12-01T10:24:11.686Z, 1155.2314906, 533.9021737999999
1701426251703, 2023-12-01T10:24:11.703Z, 1147.1040974000002, 536.2625942
1701426251716, 2023-12-01T10:24:11.716Z, 1134.7880222, 537.5794486
1701426251765, 2023-12-01T10:24:11.765Z, 1126.6746004, 538.6560049999999
1701426251812, 2023-12-01T10:24:11.812Z, 1120.5238643999999, 539.5540996
1701426251852, 2023-12-01T10:24:11.852Z, 1119.5737838, 539.718706
1701426251903, 2023-12-01T10:24:11.903Z, 1130.0123656, 575.1425352
1701426251934, 2023-12-01T10:24:11.934Z, 1147.6484845999998, 607.4515108
1701426251950, 2023-12-01T10:24:11.950Z, 1160.254147, 640.8467348
1701426251981, 2023-12-01T10:24:11.981Z, 1183.3980612, 673.3344724
1701426252028, 2023-12-01T10:24:12.028Z, 1202.9305126, 706.106574
1701426252045, 2023-12-01T10:24:12.045Z, 1205.9869307999998, 702.5833150000001
1701426252074, 2023-12-01T10:24:12.074Z, 1197.2279428, 705.1489707999999
1701426252090, 2023-12-01T10:24:12.090Z, 1187.9590268, 706.1816686
1701426252108, 2023-12-01T10:24:12.108Z, 1174.4991828, 708.2007712000001
1701426252136, 2023-12-01T10:24:12.136Z, 1162.8986407999998, 711.6981296000001
1701426252153, 2023-12-01T10:24:12.153Z, 1158.5817513999998, 718.9390874000001
1701426252170, 2023-12-01T10:24:12.170Z, 1158.861465, 727.4278509999999
1701426252199, 2023-12-01T10:24:12.199Z, 1164.6276568, 737.6727774000001
1701426252230, 2023-12-01T10:24:12.230Z, 1158.6732310000002, 751.583979
1701426252246, 2023-12-01T10:24:12.246Z, 1160.1885459999999, 763.3155184
1701426252261, 2023-12-01T10:24:12.261Z, 1153.3150596, 773.4439386
1701426252303, 2023-12-01T10:24:12.303Z, 1153.9487132, 779.4264848
1701426252337, 2023-12-01T10:24:12.337Z, 1145.7864376, 786.8944646
1701426252353, 2023-12-01T10:24:12.353Z, 1141.6722694, 791.1945632
1701426252385, 2023-12-01T10:24:12.385Z, 1134.9021882000002, 795.0926814000001
1701426252399, 2023-12-01T10:24:12.399Z, 1131.5409862000001, 797.8579772
1701426252430, 2023-12-01T10:24:12.430Z, 1125.6048564, 799.9479634
1701426252452, 2023-12-01T10:24:12.452Z, 1124.0355924, 794.4132964
1701426252468, 2023-12-01T10:24:12.468Z, 1118.2987434000001, 782.7476105999999
1701426252494, 2023-12-01T10:24:12.494Z, 1111.5052016, 775.4446228
1701426252524, 2023-12-01T10:24:12.524Z, 1107.2677876, 769.222111
1701426252540, 2023-12-01T10:24:12.540Z, 1103.6940989999998, 766.2533456
1701426252558, 2023-12-01T10:24:12.558Z, 1106.1733024, 769.1190251999999
1701426252587, 2023-12-01T10:24:12.587Z, 1112.1502527999999, 776.2451308
1701426252604, 2023-12-01T10:24:12.604Z, 1117.9913568, 782.415884
1701426252619, 2023-12-01T10:24:12.619Z, 1120.555573, 789.5465736
1701426252650, 2023-12-01T10:24:12.650Z, 1122.2441285999998, 794.1944357999998
1701426252666, 2023-12-01T10:24:12.666Z, 1119.216737, 797.4492146
1701426252699, 2023-12-01T10:24:12.699Z, 1123.9983588, 803.0889574
1701426252713, 2023-12-01T10:24:12.713Z, 1121.0411754, 808.7400308000001
1701426252753, 2023-12-01T10:24:12.753Z, 1116.855153, 812.3219922000001
1701426252789, 2023-12-01T10:24:12.789Z, 1119.2604744, 818.5480686000001
1701426252804, 2023-12-01T10:24:12.804Z, 1140.1984894000002, 829.4742679999999
1701426252835, 2023-12-01T10:24:12.835Z, 1166.7065956000001, 842.414889
1701426252851, 2023-12-01T10:24:12.851Z, 1187.8251808, 848.5943856
1701426252883, 2023-12-01T10:24:12.883Z, 1216.0845756, 852.2472944000001
1701426252931, 2023-12-01T10:24:12.931Z, 1246.584571, 852.486605
1701426252946, 2023-12-01T10:24:12.946Z, 1259.3152312, 848.587492
1701426252979, 2023-12-01T10:24:12.979Z, 1259.2014178, 846.6406807999999
1701426253010, 2023-12-01T10:24:13.010Z, 1260.3584459999997, 847.8909922
1701426253026, 2023-12-01T10:24:13.026Z, 1248.6686816, 849.296783
1701426253054, 2023-12-01T10:24:13.054Z, 1228.9203989999999, 849.268643
1701426253072, 2023-12-01T10:24:13.072Z, 1195.9345299999998, 847.5197957999999
1701426253105, 2023-12-01T10:24:13.105Z, 1163.4622533999998, 840.1636454
1701426253122, 2023-12-01T10:24:13.122Z, 1144.747353, 834.8019658
1701426253154, 2023-12-01T10:24:13.154Z, 1136.9565062, 832.0857252
1701426253168, 2023-12-01T10:24:13.168Z, 1124.8583512, 832.5163670000002
1701426253204, 2023-12-01T10:24:13.204Z, 1131.4643608, 834.7531176
1701426253232, 2023-12-01T10:24:13.232Z, 1138.7232104, 836.8847073999999
1701426253248, 2023-12-01T10:24:13.248Z, 1138.9245868, 837.2556394
1701426253296, 2023-12-01T10:24:13.296Z, 1136.0475866000002, 836.3691780000001
1701426253332, 2023-12-01T10:24:13.332Z, 1141.2224586, 836.6096484
1701426253392, 2023-12-01T10:24:13.392Z, 1142.6722252, 830.8267830000001
1701426253423, 2023-12-01T10:24:13.423Z, 1136.5337525999998, 823.999252
1701426253439, 2023-12-01T10:24:13.439Z, 1116.9261784, 822.8571830000001
1701426253458, 2023-12-01T10:24:13.458Z, 1110.2254314, 818.5027194
1701426253486, 2023-12-01T10:24:13.486Z, 1098.8591622000001, 812.2190756
1701426253504, 2023-12-01T10:24:13.504Z, 1085.8452112, 810.3672284
1701426253531, 2023-12-01T10:24:13.531Z, 1080.2685652, 813.0022432000001
1701426253563, 2023-12-01T10:24:13.563Z, 1097.517781, 808.837342
1701426253579, 2023-12-01T10:24:13.579Z, 1100.6743032, 808.9211696
1701426253595, 2023-12-01T10:24:13.595Z, 1103.972288, 812.7422574
1701426253613, 2023-12-01T10:24:13.613Z, 1103.5954795999999, 819.1128071999999
1701426253653, 2023-12-01T10:24:13.653Z, 1107.3683007999998, 824.5092689999999
1701426253689, 2023-12-01T10:24:13.689Z, 1114.6856934, 833.5531162
1701426253704, 2023-12-01T10:24:13.704Z, 1123.0823314000002, 840.011167
1701426253735, 2023-12-01T10:24:13.735Z, 1144.487028, 845.259584
1701426253750, 2023-12-01T10:24:13.750Z, 1169.1311116000002, 848.9331403999998
1701426253782, 2023-12-01T10:24:13.782Z, 1189.3322996000002, 850.6909818
1701426253829, 2023-12-01T10:24:13.829Z, 1197.7144377999998, 850.4049997999998
1701426253845, 2023-12-01T10:24:13.845Z, 1198.4601598, 850.3831058
1701426253877, 2023-12-01T10:24:13.877Z, 1194.0732555999998, 848.9182678000001
1701426253892, 2023-12-01T10:24:13.892Z, 1181.0223945999999, 848.9097512000001
1701426253923, 2023-12-01T10:24:13.923Z, 1169.3575795999998, 850.0254234
1701426253952, 2023-12-01T10:24:13.952Z, 1158.125266, 851.1702968000002
1701426253969, 2023-12-01T10:24:13.969Z, 1146.2540242, 853.6310106000001