1701365122035, 2023-11-30T17:25:22.035Z, 334.3775526, 298.8517868
1701365122049, 2023-11-30T17:25:22.049Z, 336.2299188, 294.7845174
1701365122065, 2023-11-30T17:25:22.065Z, 337.02806780000003, 296.7928344
1701365122083, 2023-11-30T17:25:22.083Z, 459.615751, 332.73917059999997
1701365122097, 2023-11-30T17:25:22.097Z, 582.615637, 372.8380834
1701365122113, 2023-11-30T17:25:22.113Z, 718.3563104, 415.9487292
1701365122128, 2023-11-30T17:25:22.128Z, 858.6023986, 454.20311879999997
1701365122144, 2023-11-30T17:25:22.144Z, 997.0009199999998, 493.5637678
1701365122176, 2023-11-30T17:25:22.176Z, 1036.8668664, 500.101487
1701365122192, 2023-11-30T17:25:22.192Z, 1079.4321699999998, 505.12984459999996
1701365122207, 2023-11-30T17:25:22.207Z, 1110.7629072, 506.9637196
1701365122222, 2023-11-30T17:25:22.222Z, 1139.5897140000002, 509.08139859999994
1701365122239, 2023-11-30T17:25:22.239Z, 1168.2355762, 511.72200760000004
1701365122254, 2023-11-30T17:25:22.254Z, 1173.170703, 513.7023884
1701365122270, 2023-11-30T17:25:22.270Z, 1165.9661202, 516.8945814
1701365122285, 2023-11-30T17:25:22.285Z, 1158.1674146, 520.0326338
1701365122301, 2023-11-30T17:25:22.301Z, 1146.7206923999997, 524.4553548
1701365122324, 2023-11-30T17:25:22.324Z, 1134.8973856, 528.0108544
1701365122348, 2023-11-30T17:25:22.348Z, 1123.547896, 531.102742
1701365122364, 2023-11-30T17:25:22.364Z, 1120.7545409999998, 532.972847
1701365122379, 2023-11-30T17:25:22.379Z, 1117.7879271999998, 534.2512932
1701365122395, 2023-11-30T17:25:22.395Z, 1116.3620876, 533.7125506
1701365122412, 2023-11-30T17:25:22.412Z, 1121.0937066, 529.9868561999999
1701365122426, 2023-11-30T17:25:22.426Z, 1130.2216628, 526.1778244
1701365122443, 2023-11-30T17:25:22.443Z, 1160.6321575999998, 520.6684736
1701365122475, 2023-11-30T17:25:22.475Z, 1198.4517597999998, 515.8040868
1701365122490, 2023-11-30T17:25:22.490Z, 1239.964638, 511.0674508
1701365122506, 2023-11-30T17:25:22.506Z, 1269.2768456000001, 509.9017842
1701365122522, 2023-11-30T17:25:22.522Z, 1294.5055404, 509.14198619999996
1701365122538, 2023-11-30T17:25:22.538Z, 1301.6543453999998, 509.0622842000001
1701365122554, 2023-11-30T17:25:22.554Z, 1300.8242793999998, 509.4805298
1701365122571, 2023-11-30T17:25:22.571Z, 1297.7569052, 510.0295608
1701365122586, 2023-11-30T17:25:22.586Z, 1302.2776516, 510.69501579999996
1701365122602, 2023-11-30T17:25:22.602Z, 1306.6975318, 513.4824080000001
1701365122623, 2023-11-30T17:25:22.623Z, 1308.0988882, 516.8710834
1701365122648, 2023-11-30T17:25:22.648Z, 1308.7400057999998, 520.7869992
1701365122665, 2023-11-30T17:25:22.665Z, 1310.3034592, 524.1643744
1701365122681, 2023-11-30T17:25:22.681Z, 1311.6587926, 526.7491530000001
1701365122695, 2023-11-30T17:25:22.695Z, 1311.4943853999998, 527.7414452
1701365122712, 2023-11-30T17:25:22.712Z, 1307.571777, 528.2293842
1701365122741, 2023-11-30T17:25:22.741Z, 1298.5491338, 530.5601783999999
1701365122773, 2023-11-30T17:25:22.773Z, 1286.96611, 534.0729832
1701365122788, 2023-11-30T17:25:22.788Z, 1274.9948398000001, 538.2764334
1701365122806, 2023-11-30T17:25:22.806Z, 1263.7786082, 542.5281941999999
1701365122835, 2023-11-30T17:25:22.835Z, 1256.1080121999998, 547.1441202
1701365122851, 2023-11-30T17:25:22.851Z, 1253.691218, 547.7865798
1701365122866, 2023-11-30T17:25:22.866Z, 1252.4194634, 546.1964914
1701365122881, 2023-11-30T17:25:22.881Z, 1251.7209858, 544.8226990000001
1701365122896, 2023-11-30T17:25:22.896Z, 1250.9346614, 542.968599
1701365122918, 2023-11-30T17:25:22.918Z, 1247.609633, 541.4825434
1701365122938, 2023-11-30T17:25:22.938Z, 1243.4879506, 541.6999250000001
1701365122959, 2023-11-30T17:25:22.959Z, 1239.7560274, 543.0759318
1701365122975, 2023-11-30T17:25:22.975Z, 1232.3502548, 544.948181
1701365122991, 2023-11-30T17:25:22.991Z, 1224.9585106, 546.3803664
1701365123005, 2023-11-30T17:25:23.005Z, 1223.265901, 544.8575601999999
1701365123023, 2023-11-30T17:25:23.023Z, 1219.9211854, 544.1681117999999
1701365123036, 2023-11-30T17:25:23.036Z, 1214.1001772, 544.7105469999999
1701365123052, 2023-11-30T17:25:23.052Z, 1208.0679116, 544.9138188000001
1701365123074, 2023-11-30T17:25:23.074Z, 1199.7942956000002, 545.597929
1701365123100, 2023-11-30T17:25:23.100Z, 1188.7538852000002, 548.4252032
1701365123118, 2023-11-30T17:25:23.118Z, 1179.6250459999999, 547.2594482000001
1701365123147, 2023-11-30T17:25:23.147Z, 1172.8796694, 544.3263404
1701365123162, 2023-11-30T17:25:23.162Z, 1164.3762306, 541.466712
1701365123177, 2023-11-30T17:25:23.177Z, 1159.4615013999999, 538.463884
1701365123194, 2023-11-30T17:25:23.194Z, 1153.7629248, 535.7823470000001
1701365123223, 2023-11-30T17:25:23.223Z, 1146.7182818, 538.2685789999999
1701365123239, 2023-11-30T17:25:23.239Z, 1140.1578328, 542.6278606
1701365123257, 2023-11-30T17:25:23.257Z, 1140.0348684, 545.862183
1701365123270, 2023-11-30T17:25:23.270Z, 1140.1782724, 547.9611706000001
1701365123285, 2023-11-30T17:25:23.285Z, 1139.1263358, 551.869982
1701365123301, 2023-11-30T17:25:23.301Z, 1145.8168734, 550.0870700000002
1701365123317, 2023-11-30T17:25:23.317Z, 1150.5064142, 549.1137550000001
1701365123333, 2023-11-30T17:25:23.333Z, 1152.8969041999999, 549.781251
1701365123349, 2023-11-30T17:25:23.349Z, 1156.2406516, 551.210487
1701365123371, 2023-11-30T17:25:23.371Z, 1161.199733, 550.5408768
1701365123394, 2023-11-30T17:25:23.394Z, 1161.3577136, 552.7832983999999
1701365123409, 2023-11-30T17:25:23.409Z, 1162.6511236000001, 548.4957572
1701365123425, 2023-11-30T17:25:23.425Z, 1164.8595308, 543.7516888
1701365123441, 2023-11-30T17:25:23.441Z, 1170.4845056000001, 526.5583796000001
1701365123457, 2023-11-30T17:25:23.457Z, 1174.4564667999998, 508.9269625999999
1701365123472, 2023-11-30T17:25:23.472Z, 1176.8710616, 491.37610340000003
1701365123488, 2023-11-30T17:25:23.488Z, 1181.151901, 478.5787168
1701365123504, 2023-11-30T17:25:23.504Z, 1185.0476084000002, 465.2455911999999
1701365123524, 2023-11-30T17:25:23.524Z, 1183.0524120000002, 461.1019824
1701365123552, 2023-11-30T17:25:23.552Z, 1182.175311, 457.9142898
1701365123552, 2023-11-30T17:25:23.552Z, 1180.8133438, 455.3513658
1701365123568, 2023-11-30T17:25:23.568Z, 1179.2506228, 455.18900199999996
1701365123582, 2023-11-30T17:25:23.582Z, 1175.5215825999999, 454.43281019999995
1701365123598, 2023-11-30T17:25:23.598Z, 1169.0623146, 460.8608988
1701365123613, 2023-11-30T17:25:23.613Z, 1166.579745, 466.11036839999997
1701365123628, 2023-11-30T17:25:23.628Z, 1164.9153942, 471.01258440000004
1701365123644, 2023-11-30T17:25:23.644Z, 1159.7352842, 474.3500118
1701365123673, 2023-11-30T17:25:23.673Z, 1157.6963878000001, 478.3007692
1701365123692, 2023-11-30T17:25:23.692Z, 1158.9266498, 477.49281219999995
1701365123705, 2023-11-30T17:25:23.705Z, 1157.4674998, 476.65016320000007
1701365123721, 2023-11-30T17:25:23.721Z, 1155.2649194, 476.2891492
1701365123736, 2023-11-30T17:25:23.736Z, 1153.430389, 476.37568999999996
1701365123752, 2023-11-30T17:25:23.752Z, 1150.4063074, 476.53112339999996
1701365123767, 2023-11-30T17:25:23.767Z, 1146.9264607999999, 478.1502066
1701365123784, 2023-11-30T17:25:23.784Z, 1142.6340848, 480.64613879999996
1701365123798, 2023-11-30T17:25:23.798Z, 1136.2574155999998, 483.66651979999995
1701365123819, 2023-11-30T17:25:23.819Z, 1130.8240328, 485.47746900000004
1701365123845, 2023-11-30T17:25:23.845Z, 1125.6472248, 487.60614
1701365123861, 2023-11-30T17:25:23.861Z, 1120.7885853999999, 489.54449880000004
1701365123876, 2023-11-30T17:25:23.876Z, 1117.7765648, 491.15483220000004
1701365123891, 2023-11-30T17:25:23.891Z, 1124.285351, 490.8368464
1701365123906, 2023-11-30T17:25:23.906Z, 1128.3732071999998, 490.6317024
1701365123922, 2023-11-30T17:25:23.922Z, 1133.8294019999998, 489.83742620000004
1701365123938, 2023-11-30T17:25:23.938Z, 1145.5034964000001, 488.2457214
1701365123954, 2023-11-30T17:25:23.954Z, 1153.2418758, 487.421148
1701365123973, 2023-11-30T17:25:23.973Z, 1157.546125, 486.68140800000003
1701365124001, 2023-11-30T17:25:24.001Z, 1161.4717764000002, 486.97681819999997
1701365124016, 2023-11-30T17:25:24.016Z, 1162.2600038, 487.8316404
1701365124032, 2023-11-30T17:25:24.032Z, 1157.1429696, 488.550114
1701365124047, 2023-11-30T17:25:24.047Z, 1153.1667708, 488.6723508
1701365124063, 2023-11-30T17:25:24.063Z, 1150.5750408, 487.0158
1701365124078, 2023-11-30T17:25:24.078Z, 1150.077832, 484.1597567999999
1701365124094, 2023-11-30T17:25:24.094Z, 1150.0526806, 481.37296480000003
1701365124123, 2023-11-30T17:25:24.123Z, 1145.4194828, 479.3414614
1701365124140, 2023-11-30T17:25:24.140Z, 1141.6863316000004, 476.9461566
1701365124157, 2023-11-30T17:25:24.157Z, 1133.199194, 479.57792659999996
1701365124170, 2023-11-30T17:25:24.170Z, 1125.8268492, 483.0010034
1701365124185, 2023-11-30T17:25:24.185Z, 1120.360522, 489.7278399999999
1701365124201, 2023-11-30T17:25:24.201Z, 1122.9436986, 508.34411620000003
1701365124218, 2023-11-30T17:25:24.218Z, 1129.4031971999998, 546.2271634
1701365124234, 2023-11-30T17:25:24.234Z, 1138.7754142, 585.7244004
1701365124249, 2023-11-30T17:25:24.249Z, 1149.2040893999997, 629.3485196
1701365124272, 2023-11-30T17:25:24.272Z, 1161.049221, 674.8306924000001
1701365124295, 2023-11-30T17:25:24.295Z, 1169.1187114, 710.979088
1701365124310, 2023-11-30T17:25:24.310Z, 1174.1675208, 728.6409814
1701365124326, 2023-11-30T17:25:24.326Z, 1176.9525792, 742.1437426
1701365124341, 2023-11-30T17:25:24.341Z, 1178.4122252, 751.5614288
1701365124358, 2023-11-30T17:25:24.358Z, 1178.1859284, 755.4458018000001
1701365124372, 2023-11-30T17:25:24.372Z, 1178.50627, 756.2213954000001
1701365124389, 2023-11-30T17:25:24.389Z, 1181.8666312, 753.0032726
1701365124405, 2023-11-30T17:25:24.405Z, 1184.8590490000001, 750.8944798
1701365124426, 2023-11-30T17:25:24.426Z, 1189.9326328000002, 747.1867322
1701365124453, 2023-11-30T17:25:24.453Z, 1193.1020414, 745.7546644
1701365124473, 2023-11-30T17:25:24.473Z, 1194.2733641999998, 747.0500214000001
1701365124497, 2023-11-30T17:25:24.497Z, 1192.3586255999999, 752.2925902
1701365124529, 2023-11-30T17:25:24.529Z, 1191.3688511999999, 756.8809048
1701365124544, 2023-11-30T17:25:24.544Z, 1185.8603372000002, 762.6479178
1701365124574, 2023-11-30T17:25:24.574Z, 1181.4089012, 766.4142886
1701365124589, 2023-11-30T17:25:24.589Z, 1177.96282, 769.8386332
1701365124605, 2023-11-30T17:25:24.605Z, 1173.4491753999998, 773.5815187999999
1701365124621, 2023-11-30T17:25:24.621Z, 1167.9433932, 778.5066352
1701365124637, 2023-11-30T17:25:24.637Z, 1165.6887786, 781.8863672
1701365124652, 2023-11-30T17:25:24.652Z, 1167.9362652, 783.8273644
1701365124667, 2023-11-30T17:25:24.667Z, 1171.7660500000002, 783.4188518
1701365124685, 2023-11-30T17:25:24.685Z, 1180.6954204, 780.6506704
1701365124699, 2023-11-30T17:25:24.699Z, 1192.1976778, 774.6736618
1701365124729, 2023-11-30T17:25:24.729Z, 1200.0751266, 771.41836
1701365124744, 2023-11-30T17:25:24.744Z, 1204.813846, 767.9716665999999
1701365124760, 2023-11-30T17:25:24.760Z, 1206.5059806, 766.5387827999999
1701365124777, 2023-11-30T17:25:24.777Z, 1201.4308503999998, 768.2971611999999
1701365124792, 2023-11-30T17:25:24.792Z, 1188.1025924, 777.3987182
1701365124808, 2023-11-30T17:25:24.808Z, 1176.3837232, 793.3002733999999
1701365124824, 2023-11-30T17:25:24.824Z, 1165.0721114, 814.2481044
1701365124840, 2023-11-30T17:25:24.840Z, 1154.5021714, 833.460617
1701365124855, 2023-11-30T17:25:24.855Z, 1146.2269378, 851.1769096
1701365124875, 2023-11-30T17:25:24.875Z, 1145.2466659999998, 864.0288864
1701365124902, 2023-11-30T17:25:24.902Z, 1144.4446893999998, 865.4180876
1701365124921, 2023-11-30T17:25:24.921Z, 1142.4504954, 863.0944696
1701365124949, 2023-11-30T17:25:24.949Z, 1141.9627446, 861.7065241999999
1701365124965, 2023-11-30T17:25:24.965Z, 1141.271354, 861.924405
1701365124981, 2023-11-30T17:25:24.981Z, 1139.7055258, 861.9683092000001
1701365124996, 2023-11-30T17:25:24.996Z, 1140.0406818, 866.3445386
1701365125026, 2023-11-30T17:25:25.026Z, 1140.7536515999998, 871.7496592
1701365125035, 2023-11-30T17:25:25.035Z, 1141.1644086000001, 876.3575134
1701365125060, 2023-11-30T17:25:25.060Z, 1140.3759665999999, 878.5652144
1701365125076, 2023-11-30T17:25:25.076Z, 1141.7516733999998, 879.0833829999999
1701365125091, 2023-11-30T17:25:25.091Z, 1140.3421311999998, 878.4402286000001
1701365125107, 2023-11-30T17:25:25.107Z, 1139.7748576, 875.590527
1701365125122, 2023-11-30T17:25:25.122Z, 1137.965338, 871.6978904
1701365125137, 2023-11-30T17:25:25.137Z, 1137.0810115999998, 868.4274994
1701365125154, 2023-11-30T17:25:25.154Z, 1137.1929106, 864.5058344000001
1701365125171, 2023-11-30T17:25:25.171Z, 1135.9202575999998, 860.9812810000001
1701365125201, 2023-11-30T17:25:25.201Z, 1131.5010254, 857.8613276
1701365125220, 2023-11-30T17:25:25.220Z, 1127.9055518, 855.7859902
1701365125249, 2023-11-30T17:25:25.249Z, 1123.4506723999998, 852.7303632
1701365125264, 2023-11-30T17:25:25.264Z, 1115.4386544, 850.972558
1701365125280, 2023-11-30T17:25:25.280Z, 1112.1046431999998, 849.0184366
1701365125309, 2023-11-30T17:25:25.309Z, 1111.6680615999999, 848.5385382000001
1701365125339, 2023-11-30T17:25:25.339Z, 1117.2752128, 847.7298108000001
1701365125355, 2023-11-30T17:25:25.355Z, 1119.497586, 847.3597484
1701365125370, 2023-11-30T17:25:25.370Z, 1124.3180426, 848.604407
1701365125387, 2023-11-30T17:25:25.387Z, 1126.9862013999998, 850.4205600000001
1701365125403, 2023-11-30T17:25:25.403Z, 1128.0969442, 851.4219665999999
1701365125418, 2023-11-30T17:25:25.418Z, 1129.470539, 851.0002099999999
1701365125434, 2023-11-30T17:25:25.434Z, 1134.1525276, 851.6417364000001
1701365125449, 2023-11-30T17:25:25.449Z, 1134.6630238000002, 851.204134
1701365125472, 2023-11-30T17:25:25.472Z, 1131.2093912, 850.4785707999999
1701365125483, 2023-11-30T17:25:25.483Z, 1127.287391, 849.8921780000001
1701365125510, 2023-11-30T17:25:25.510Z, 1114.1491033999998, 849.8706728000001
1701365125526, 2023-11-30T17:25:25.526Z, 1103.8987114, 848.7248067999999
1701365125543, 2023-11-30T17:25:25.543Z, 1095.626474, 846.7865838
1701365125557, 2023-11-30T17:25:25.557Z, 1091.1360594, 844.6210516000001
1701365125573, 2023-11-30T17:25:25.573Z, 1092.5429238000002, 840.1014138
1701365125588, 2023-11-30T17:25:25.588Z, 1098.4035658, 837.2037766
1701365125605, 2023-11-30T17:25:25.605Z, 1107.6248152, 833.6075312
1701365125620, 2023-11-30T17:25:25.620Z, 1115.809991, 830.8898542
1701365125642, 2023-11-30T17:25:25.642Z, 1126.1276607999998, 825.8978714000001
1701365125666, 2023-11-30T17:25:25.666Z, 1129.8539976, 823.928627
1701365125696, 2023-11-30T17:25:25.696Z, 1131.5945173999999, 820.2901883999999
1701365125714, 2023-11-30T17:25:25.714Z, 1126.2094048, 818.6232774
1701365125714, 2023-11-30T17:25:25.714Z, 1119.8765244, 821.3746987999999
1701365125728, 2023-11-30T17:25:25.728Z, 1113.238482, 826.3898505999999
1701365125744, 2023-11-30T17:25:25.744Z, 1108.8497571999999, 831.0942208
1701365125772, 2023-11-30T17:25:25.772Z, 1111.1574091999998, 836.7397678000001
1701365125807, 2023-11-30T17:25:25.807Z, 1116.0638242, 842.436196
1701365125822, 2023-11-30T17:25:25.822Z, 1129.1821404, 842.1287978
1701365125837, 2023-11-30T17:25:25.837Z, 1138.8640798000001, 841.5977397999999
1701365125853, 2023-11-30T17:25:25.853Z, 1148.0210211999997, 840.6805748
1701365125869, 2023-11-30T17:25:25.869Z, 1151.3633074, 840.3384318000001
1701365125884, 2023-11-30T17:25:25.884Z, 1154.8288636, 839.2329532
1701365125900, 2023-11-30T17:25:25.900Z, 1152.1557877999999, 839.3258163999999
1701365125923, 2023-11-30T17:25:25.923Z, 1153.9534608, 835.2623096000001
1701365125947, 2023-11-30T17:25:25.947Z, 1155.7030277999997, 831.8631872
1701365125962, 2023-11-30T17:25:25.962Z, 1157.0463533999998, 827.8894839999999
1701365125978, 2023-11-30T17:25:25.978Z, 1155.5058946, 824.9122408000001
1701365125993, 2023-11-30T17:25:25.993Z, 1151.2737969999998, 822.1174021999999
1701365126009, 2023-11-30T17:25:26.009Z, 1146.7335176, 823.1267806
1701365126025, 2023-11-30T17:25:26.025Z, 1142.0291280000001, 823.6786666
1701365126040, 2023-11-30T17:25:26.040Z, 1138.4725306, 824.6506864
1701365126055, 2023-11-30T17:25:26.055Z, 1140.6735620000002, 821.4927148
1701365126071, 2023-11-30T17:25:26.071Z, 1145.2351696, 818.6519762
1701365126091, 2023-11-30T17:25:26.091Z, 1149.628888, 815.1263762
1701365126117, 2023-11-30T17:25:26.117Z, 1152.8839217999998, 812.4861088
1701365126133, 2023-11-30T17:25:26.133Z, 1155.4266186, 812.8345803999998
1701365126150, 2023-11-30T17:25:26.150Z, 1154.7093, 816.5845998
1701365126166, 2023-11-30T17:25:26.166Z, 1154.1098812, 820.1318014000001
1701365126181, 2023-11-30T17:25:26.181Z, 1155.092698, 823.167936
1701365126196, 2023-11-30T17:25:26.196Z, 1158.093845, 824.7829084000001
1701365126223, 2023-11-30T17:25:26.223Z, 1158.1487149999998, 825.2056322000001
1701365126243, 2023-11-30T17:25:26.243Z, 1153.8082954000001, 824.758641
1701365126259, 2023-11-30T17:25:26.259Z, 1147.5321406, 824.19141
1701365126274, 2023-11-30T17:25:26.274Z, 1135.1937128000002, 824.8729982000001
1701365126289, 2023-11-30T17:25:26.289Z, 1123.7383826, 825.2578454000001
1701365126305, 2023-11-30T17:25:26.305Z, 1115.5004438, 824.7709172000001
1701365126321, 2023-11-30T17:25:26.321Z, 1115.5063276, 824.7203138000001
1701365126335, 2023-11-30T17:25:26.335Z, 1117.0949964000001, 825.2702384
1701365126351, 2023-11-30T17:25:26.351Z, 1121.9841774000001, 826.0652484
1701365126373, 2023-11-30T17:25:26.373Z, 1127.032164, 828.4371779999999
1701365126399, 2023-11-30T17:25:26.399Z, 1131.8984836, 830.591523
1701365126414, 2023-11-30T17:25:26.414Z, 1135.897635, 833.2176508
1701365126432, 2023-11-30T17:25:26.432Z, 1141.8218712, 835.0492422
1701365126448, 2023-11-30T17:25:26.448Z, 1147.6065, 836.0169936
1701365126468, 2023-11-30T17:25:26.468Z, 1151.6827276, 835.5260306
1701365126476, 2023-11-30T17:25:26.476Z, 1155.8952582, 834.2965868000001
1701365126519, 2023-11-30T17:25:26.519Z, 1154.9591484, 833.3331323999998
1701365126556, 2023-11-30T17:25:26.557Z, 1159.1140038, 831.0629742000001
1701365126570, 2023-11-30T17:25:26.570Z, 1185.3984805999999, 820.8732756000002
1701365126619, 2023-11-30T17:25:26.619Z, 1231.3426742, 825.3260974000001
1701365127369, 2023-11-30T17:25:27.369Z, 1296.1405948, 829.7824282000001
1701365127385, 2023-11-30T17:25:27.385Z, 1366.9876382, 839.3596134
1701367083001, 2023-11-30T17:58:03.001Z, 1051.4030748, 627.8481933999999
1701367083017, 2023-11-30T17:58:03.017Z, 1050.8236819999997, 626.4082416
1701367083037, 2023-11-30T17:58:03.037Z, 1050.2808816000002, 624.5352215999999
1701367083065, 2023-11-30T17:58:03.065Z, 1049.1848756, 622.4478046
1701367083079, 2023-11-30T17:58:03.079Z, 1047.1183551999998, 622.1629116
1701367083095, 2023-11-30T17:58:03.095Z, 1045.3310751999998, 621.2014238
1701367083110, 2023-11-30T17:58:03.110Z, 1043.1406278, 620.8724
1701367083126, 2023-11-30T17:58:03.126Z, 1041.3609464, 621.3566622000001
1701367083140, 2023-11-30T17:58:03.140Z, 1040.0660554, 622.2970262
1701367083156, 2023-11-30T17:58:03.156Z, 1039.2490168, 621.9578511999999
1701367083171, 2023-11-30T17:58:03.171Z, 1037.035562, 621.5896046
1701367083192, 2023-11-30T17:58:03.192Z, 1035.53271, 621.6755615999999
1701367083218, 2023-11-30T17:58:03.218Z, 1033.858247, 621.1277264
1701367083235, 2023-11-30T17:58:03.235Z, 1032.4741496000001, 620.7114786
1701367083250, 2023-11-30T17:58:03.250Z, 1034.5328592, 622.7647872
1701367083264, 2023-11-30T17:58:03.264Z, 1037.5379983999999, 627.0881732
1701367083283, 2023-11-30T17:58:03.283Z, 1040.7871407999999, 630.9179502000001
1701367083300, 2023-11-30T17:58:03.300Z, 1039.7511144, 638.8627338
1701367083313, 2023-11-30T17:58:03.313Z, 1034.4090486, 644.5768265999999
1701367083348, 2023-11-30T17:58:03.348Z, 1022.1735885999999, 645.064205
1701367083361, 2023-11-30T17:58:03.361Z, 1004.2789368, 642.8094722
1701367083377, 2023-11-30T17:58:03.377Z, 993.1038052, 640.8985736
1701367083394, 2023-11-30T17:58:03.394Z, 989.2680748, 635.2079616
1701367083409, 2023-11-30T17:58:03.409Z, 982.5915128, 630.4740325999999
1701367083425, 2023-11-30T17:58:03.425Z, 991.1486302, 630.4330637999999
1701367083455, 2023-11-30T17:58:03.455Z, 1008.8027904, 631.6288032
1701367083470, 2023-11-30T17:58:03.470Z, 1021.9943814000001, 632.5661201999999
1701367083499, 2023-11-30T17:58:03.499Z, 1001.3767363999999, 629.1551756
1701367083520, 2023-11-30T17:58:03.520Z, 998.5370737999999, 627.8965539999999
1701367083550, 2023-11-30T17:58:03.550Z, 998.0339842, 626.041694
1701367083572, 2023-11-30T17:58:03.572Z, 976.6754146, 622.1712496
1701367083601, 2023-11-30T17:58:03.601Z, 971.5559659999999, 621.5622197999999
1701367083683, 2023-11-30T17:58:03.683Z, 999.3749462, 626.6853223999999
1701367084154, 2023-11-30T17:58:04.154Z, 1027.4111361999999, 675.4457062
1701367084169, 2023-11-30T17:58:04.169Z, 1036.7933886000003, 719.4547077999999
1701367084182, 2023-11-30T17:58:04.182Z, 1097.3232696, 751.9778404
1701367084200, 2023-11-30T17:58:04.200Z, 1123.3841774, 787.3358698
1701367084231, 2023-11-30T17:58:04.231Z, 1156.7210277999998, 818.2320434
1701367084247, 2023-11-30T17:58:04.247Z, 1177.6606196, 813.4489964
1701367084261, 2023-11-30T17:58:04.261Z, 1197.8102774000001, 821.7836374000001
1701367084294, 2023-11-30T17:58:04.294Z, 1174.1658404000002, 839.9657500000001
1701367084325, 2023-11-30T17:58:04.325Z, 1165.9663239999998, 851.0747497999998
1701367084343, 2023-11-30T17:58:04.343Z, 1143.6198448, 864.5039772
1701367084370, 2023-11-30T17:58:04.370Z, 1121.5815898, 868.0678045999999
1701367084385, 2023-11-30T17:58:04.385Z, 1101.8541045999998, 860.5427178
1701367084431, 2023-11-30T17:58:04.431Z, 1081.0763180000001, 853.5037358
1701367084433, 2023-11-30T17:58:04.433Z, 1047.5835146, 845.5798024
1701367084447, 2023-11-30T17:58:04.447Z, 1001.7767072, 835.2738826000001
1701367084464, 2023-11-30T17:58:04.464Z, 956.879205, 823.709366
1701367084494, 2023-11-30T17:58:04.494Z, 915.0872358, 813.728943
1701367084510, 2023-11-30T17:58:04.510Z, 884.7474616, 806.8122974
1701367084541, 2023-11-30T17:58:04.541Z, 887.5722653999999, 808.2493076000001
1701367084558, 2023-11-30T17:58:04.558Z, 917.0110109999999, 814.6999946000001
1701367084572, 2023-11-30T17:58:04.572Z, 971.0762466, 830.477217
1701367084588, 2023-11-30T17:58:04.588Z, 1030.866944, 848.106415
1701367084605, 2023-11-30T17:58:04.605Z, 1072.367135, 857.2991978
1701367084618, 2023-11-30T17:58:04.618Z, 1095.6488776, 860.9075094
1701367084633, 2023-11-30T17:58:04.633Z, 1106.0438781999999, 864.4324
1701367084649, 2023-11-30T17:58:04.649Z, 1089.1296281999998, 859.1183266
1701367084665, 2023-11-30T17:58:04.665Z, 1074.6195952, 855.3586786
1701367084688, 2023-11-30T17:58:04.688Z, 1070.8409088, 858.9277402
1701367084711, 2023-11-30T17:58:04.711Z, 1074.4447734, 863.8665074
1701367084728, 2023-11-30T17:58:04.728Z, 1073.7003824, 863.5575698
1701367084743, 2023-11-30T17:58:04.743Z, 1075.4978182, 864.4538054000001
1701367084759, 2023-11-30T17:58:04.759Z, 1081.2783796, 864.9916508
1701367084774, 2023-11-30T17:58:04.774Z, 1085.4908906, 863.3680508
1701367084791, 2023-11-30T17:58:04.791Z, 1078.7203551999999, 859.1520614000001
1701367084810, 2023-11-30T17:58:04.810Z, 1081.3403276, 859.8430132
1701367084836, 2023-11-30T17:58:04.836Z, 1096.9543614000002, 863.5886651999999
1701367084853, 2023-11-30T17:58:04.853Z, 1102.7218584000002, 863.6884379999999
1701367084868, 2023-11-30T17:58:04.868Z, 1122.2023602000002, 864.7317284000001
1701367084899, 2023-11-30T17:58:04.899Z, 1146.495538, 862.8979329999999
1701367084915, 2023-11-30T17:58:04.915Z, 1169.4323306000001, 859.3667592000002
1701367084945, 2023-11-30T17:58:04.945Z, 1182.4674564000002, 851.5332068
1701367084961, 2023-11-30T17:58:04.961Z, 1193.751264, 844.1579496
1701367084989, 2023-11-30T17:58:04.989Z, 1199.772829, 839.5299122
1701367085008, 2023-11-30T17:58:05.008Z, 1201.2493758000003, 839.4041653999999
1701367085042, 2023-11-30T17:58:05.042Z, 1205.3205834000003, 842.2830236
1701367085055, 2023-11-30T17:58:05.055Z, 1206.793558, 846.2836818
1701367085086, 2023-11-30T17:58:05.086Z, 1209.6083694000001, 851.2380214000001
1701367085103, 2023-11-30T17:58:05.103Z, 1213.5583758, 854.7932936000001
1701367085144, 2023-11-30T17:58:05.144Z, 1217.032593, 855.8070902
1701367085180, 2023-11-30T17:58:05.180Z, 1218.2213728, 854.29051
1701367085196, 2023-11-30T17:58:05.196Z, 1218.7615019999998, 853.3712714
1701367085229, 2023-11-30T17:58:05.229Z, 1216.7391192, 852.31717
1701367085242, 2023-11-30T17:58:05.242Z, 1214.0622090000002, 851.9505388000001
1701367085275, 2023-11-30T17:58:05.275Z, 1211.974046, 850.923458
1701367085306, 2023-11-30T17:58:05.306Z, 1195.7777730000003, 844.3123174
1701367085322, 2023-11-30T17:58:05.322Z, 1173.2406604, 834.6595688
1701370359018, 2023-11-30T18:52:39.018Z, 1304.140447, 716.4742303999999
1701370359063, 2023-11-30T18:52:39.063Z, 1303.154448, 708.1647106
1701370359085, 2023-11-30T18:52:39.085Z, 1304.6764876, 706.2844206
1701370359112, 2023-11-30T18:52:39.112Z, 1307.2083034, 721.554967
1701370359127, 2023-11-30T18:52:39.127Z, 1298.4073844, 735.8323586
1701370359159, 2023-11-30T18:52:39.159Z, 1280.931857, 751.9513764000001
1701370359174, 2023-11-30T18:52:39.174Z, 1248.0423092, 766.8533775999999
1701370359198, 2023-11-30T18:52:39.198Z, 1204.3457384, 776.7003168
1701370359223, 2023-11-30T18:52:39.223Z, 1143.5550396, 772.2495408
1701370359253, 2023-11-30T18:52:39.253Z, 1080.7290908, 766.7092537999999
1701370359269, 2023-11-30T18:52:39.269Z, 1013.581372, 756.0144278
1701370359301, 2023-11-30T18:52:39.301Z, 961.3042579999999, 745.6831018
1701370359318, 2023-11-30T18:52:39.318Z, 918.4312895999999, 736.0614372
1701370359364, 2023-11-30T18:52:39.364Z, 899.9867476, 733.1747763999999
1701370359382, 2023-11-30T18:52:39.382Z, 908.2971658, 736.2355212
1701370359411, 2023-11-30T18:52:39.411Z, 926.9489047999999, 743.3927682000001
1701370359427, 2023-11-30T18:52:39.427Z, 975.4664442, 755.8255142
1701370359444, 2023-11-30T18:52:39.444Z, 1024.8077298, 768.8809314
1701370359475, 2023-11-30T18:52:39.475Z, 1074.1861074, 779.9092544
1701370359525, 2023-11-30T18:52:39.525Z, 1111.2562746, 788.1506357999999
1701370359537, 2023-11-30T18:52:39.537Z, 1151.4105204000002, 798.5015712
1701370359568, 2023-11-30T18:52:39.568Z, 1161.5368874, 802.7535646
1701370359584, 2023-11-30T18:52:39.584Z, 1168.2575121999998, 803.7861924
1701370359615, 2023-11-30T18:52:39.615Z, 1158.7119198, 788.6898708
1701370359630, 2023-11-30T18:52:39.630Z, 1147.1471884, 772.856366
1701370359649, 2023-11-30T18:52:39.649Z, 1125.652206, 753.0551032000001
1701370359677, 2023-11-30T18:52:39.677Z, 1093.3719264, 731.409201
1701370359694, 2023-11-30T18:52:39.694Z, 1047.1927406, 711.0977114
1701370359725, 2023-11-30T18:52:39.725Z, 1002.2703165999999, 703.50985
1701370359743, 2023-11-30T18:52:39.743Z, 957.8279398000001, 696.821831
1701370359758, 2023-11-30T18:52:39.758Z, 923.5646315999999, 692.3354410000001
1701370359797, 2023-11-30T18:52:39.797Z, 895.682753, 687.997092
1701370359837, 2023-11-30T18:52:39.837Z, 888.5417380000001, 685.3137386000001
1701370359851, 2023-11-30T18:52:39.851Z, 906.1635064, 685.9672976
1701370359882, 2023-11-30T18:52:39.882Z, 945.6009146, 687.8035355999999
1701370359898, 2023-11-30T18:52:39.898Z, 985.2997552, 689.206552
1701370359914, 2023-11-30T18:52:39.914Z, 1027.7761438000002, 692.3159516
1701370359929, 2023-11-30T18:52:39.929Z, 1063.6144558, 694.4084833999999
1701370359977, 2023-11-30T18:52:39.977Z, 1079.9599022, 695.9045132
1701370359992, 2023-11-30T18:52:39.992Z, 1077.912607, 696.7461168
1701370360008, 2023-11-30T18:52:40.008Z, 1077.3030162, 697.6448084
1701370360038, 2023-11-30T18:52:40.038Z, 1077.98805, 697.5051474
1701370360069, 2023-11-30T18:52:40.069Z, 1080.0914349999998, 697.5008286
1701370360070, 2023-11-30T18:52:40.070Z, 1084.0157138, 695.6034957999999
1701370360096, 2023-11-30T18:52:40.096Z, 1084.6916305999998, 692.185311
1701370360116, 2023-11-30T18:52:40.116Z, 1039.7248152, 676.2495826
1701370360147, 2023-11-30T18:52:40.147Z, 992.8927324, 659.7700514
1701370360163, 2023-11-30T18:52:40.163Z, 946.4927314, 644.1281274
1701370360194, 2023-11-30T18:52:40.194Z, 900.6908106000001, 630.1409668
1701370360210, 2023-11-30T18:52:40.210Z, 854.982934, 616.5780672
1701370360257, 2023-11-30T18:52:40.257Z, 853.298631, 617.6101295999999
1701370360291, 2023-11-30T18:52:40.291Z, 881.5527254000001, 627.2858572
1701370360305, 2023-11-30T18:52:40.305Z, 904.7553726, 634.6687118
1701370360325, 2023-11-30T18:52:40.325Z, 945.5565442000001, 646.1606888
1701370360352, 2023-11-30T18:52:40.352Z, 986.6143251999999, 658.2850056
1701370360368, 2023-11-30T18:52:40.368Z, 1026.6039548, 670.8865508000001
1701370360416, 2023-11-30T18:52:40.416Z, 1041.0959594, 679.6195608
1701370360430, 2023-11-30T18:52:40.430Z, 1060.3684774, 690.527067
1701370360460, 2023-11-30T18:52:40.460Z, 1061.7189156000002, 696.570464
1701370360492, 2023-11-30T18:52:40.492Z, 1063.0299592000001, 699.8533511999999
1701370360508, 2023-11-30T18:52:40.508Z, 1064.1784108000002, 701.3503097999999
1701370360523, 2023-11-30T18:52:40.523Z, 1063.6243784000003, 698.5334383999999
1701370360548, 2023-11-30T18:52:40.548Z, 1063.4614735999999, 695.13077
1701370360569, 2023-11-30T18:52:40.569Z, 1062.980773, 690.6970556
1701370360588, 2023-11-30T18:52:40.588Z, 1063.4314707999997, 688.6080172
1701370360603, 2023-11-30T18:52:40.603Z, 1065.158593, 686.6938635999999
1701370360616, 2023-11-30T18:52:40.616Z, 1066.0419729999999, 686.0809984
1701370360647, 2023-11-30T18:52:40.647Z, 1066.4077584000001, 686.2971906
1701370360663, 2023-11-30T18:52:40.663Z, 1066.610098, 688.1643168
1701370360699, 2023-11-30T18:52:40.699Z, 1066.2196882, 690.2993101999999
1701370360742, 2023-11-30T18:52:40.742Z, 1065.3124692000001, 692.2885355999999
1701370360757, 2023-11-30T18:52:40.757Z, 1064.4441834000002, 694.1842882000001
1701370360787, 2023-11-30T18:52:40.787Z, 1061.9631718, 696.291089
1701370360802, 2023-11-30T18:52:40.802Z, 1059.4092632, 697.49692
1701370360818, 2023-11-30T18:52:40.818Z, 1057.7711254, 697.6196560000001
1701370360866, 2023-11-30T18:52:40.866Z, 1066.6850977999998, 695.117024
1701370360881, 2023-11-30T18:52:40.881Z, 1076.53387, 692.319146
1701370360897, 2023-11-30T18:52:40.897Z, 1175.9328632000002, 726.6300401999999
1701370360913, 2023-11-30T18:52:40.913Z, 1275.6020216, 764.8681942000001
1701370360944, 2023-11-30T18:52:40.944Z, 1388.9839246, 807.233018
1701370360960, 2023-11-30T18:52:40.960Z, 1472.4481546, 845.1262641999999
1701370360975, 2023-11-30T18:52:40.975Z, 1551.206063, 881.7369996
1701370360997, 2023-11-30T18:52:40.997Z, 1492.0812475999999, 870.4973414
1701370361024, 2023-11-30T18:52:41.024Z, 1435.9131828, 853.1743354
1701370361056, 2023-11-30T18:52:41.056Z, 1369.8136252, 828.5184018
1701370361069, 2023-11-30T18:52:41.069Z, 1319.4433248, 813.7533538
1701370361099, 2023-11-30T18:52:41.099Z, 1267.6762466, 801.3975278
1701370361115, 2023-11-30T18:52:41.115Z, 1267.5886636, 799.6551661999999
1701370361162, 2023-11-30T18:52:41.162Z, 1264.8046823999998, 800.8540856
1701370361178, 2023-11-30T18:52:41.178Z, 1258.4237776, 805.9994039999999
1701370361193, 2023-11-30T18:52:41.193Z, 1257.1775309999998, 806.812801
1701370361223, 2023-11-30T18:52:41.223Z, 1296.5350168, 818.472724
1701370361239, 2023-11-30T18:52:41.239Z, 1343.1572113999998, 833.8482796000001
1701370361257, 2023-11-30T18:52:41.257Z, 1395.7646044, 849.5091468
1701370361271, 2023-11-30T18:52:41.271Z, 1447.9818454, 865.7720670000001
1701370361379, 2023-11-30T18:52:41.379Z, 1500.8735066, 886.2959621999998
1701370361411, 2023-11-30T18:52:41.411Z, 1481.856428, 892.4142754000001
1701370361426, 2023-11-30T18:52:41.426Z, 1473.1286771999999, 895.8951827999999
1701423556005, 2023-12-01T09:39:16.005Z, 211.54839039999996, 254.3200538
1701423556021, 2023-12-01T09:39:16.021Z, 224.32431200000002, 254.89359080000003
1701423556051, 2023-12-01T09:39:16.051Z, 237.00876079999998, 260.1278896
1701423556065, 2023-12-01T09:39:16.065Z, 237.27626300000003, 285.9206828
1701423556096, 2023-12-01T09:39:16.096Z, 234.2710806, 309.181729
1701423556143, 2023-12-01T09:39:16.143Z, 230.917864, 319.7655656
1701423556157, 2023-12-01T09:39:16.157Z, 224.560311, 328.7522484
1701423556186, 2023-12-01T09:39:16.186Z, 215.6289992, 329.14532959999997
1701423556202, 2023-12-01T09:39:16.202Z, 196.7074492, 319.7476892
1701423556237, 2023-12-01T09:39:16.237Z, 166.5784498, 310.92263940000004
1701423556248, 2023-12-01T09:39:16.248Z, 130.266571, 308.6278196
1701423556268, 2023-12-01T09:39:16.268Z, 92.522931, 307.33944800000006
1701423556293, 2023-12-01T09:39:16.293Z, 56.856007999999996, 307.707183
1701423556311, 2023-12-01T09:39:16.311Z, 32.72883399999999, 311.7684098
1701423556342, 2023-12-01T09:39:16.342Z, 26.165320400000002, 314.73825679999993
1701423556356, 2023-12-01T09:39:16.356Z, 21.541351400000003, 313.74371299999996
1701423556372, 2023-12-01T09:39:16.372Z, 18.7199622, 318.1401244
1701423556431, 2023-12-01T09:39:16.431Z, 30.936529200000003, 337.58819919999996
1701423556447, 2023-12-01T09:39:16.447Z, 49.7014948, 353.2461846
1701423556462, 2023-12-01T09:39:16.462Z, 72.1161476, 364.4849868
1701423556493, 2023-12-01T09:39:16.493Z, 103.5045762, 370.36210059999996
1701423556516, 2023-12-01T09:39:16.516Z, 137.71058639999998, 369.4547062
1701423556539, 2023-12-01T09:39:16.539Z, 162.4802378, 353.5419648
1701423556585, 2023-12-01T09:39:16.585Z, 175.8038294, 338.5408522
1701423556600, 2023-12-01T09:39:16.600Z, 184.7214264, 326.6145496
1701423556631, 2023-12-01T09:39:16.631Z, 188.5476046, 325.20026459999997
1701423556646, 2023-12-01T09:39:16.646Z, 190.1672726, 322.08334019999995
1701423556677, 2023-12-01T09:39:16.677Z, 170.7752162, 318.590582
1701423556692, 2023-12-01T09:39:16.692Z, 148.37962760000002, 318.2225978
1701423556716, 2023-12-01T09:39:16.716Z, 121.95160840000001, 316.53614000000005
1701423556738, 2023-12-01T09:39:16.738Z, 104.92464079999999, 310.7618628
1701423556769, 2023-12-01T09:39:16.769Z, 88.365779, 306.70990720000003
1701423556784, 2023-12-01T09:39:16.784Z, 87.5086114, 304.2136316
1701423556800, 2023-12-01T09:39:16.800Z, 90.44286260000001, 299.5026938
1701423556816, 2023-12-01T09:39:16.816Z, 106.1059464, 297.5779878
1701423556831, 2023-12-01T09:39:16.831Z, 110.84692700000001, 294.7692582
1701423556893, 2023-12-01T09:39:16.893Z, 95.7212202, 289.85951480000006
1701423556922, 2023-12-01T09:39:16.922Z, 79.4876082, 284.2719114
1701423557139, 2023-12-01T09:39:17.139Z, 67.3685706, 295.58673100000004
1701423557166, 2023-12-01T09:39:17.166Z, 44.8169688, 304.2451176
1701423557180, 2023-12-01T09:39:17.180Z, 28.0908056, 319.8412942
1701423557216, 2023-12-01T09:39:17.216Z, 33.552744399999995, 348.2856866
1701423557233, 2023-12-01T09:39:17.233Z, 43.852626, 379.2722218
1701423557263, 2023-12-01T09:39:17.263Z, 55.467936599999994, 393.1914694
1701423557277, 2023-12-01T09:39:17.277Z, 71.000885, 403.01991540000006
1701423557316, 2023-12-01T09:39:17.316Z, 81.682576, 406.5856786
1701423557354, 2023-12-01T09:39:17.354Z, 94.6298758, 400.23340900000005
1701423557369, 2023-12-01T09:39:17.369Z, 112.52508399999999, 395.5723674
1701423557401, 2023-12-01T09:39:17.401Z, 123.9177152, 394.19861099999997
1701423557416, 2023-12-01T09:39:17.416Z, 130.7493066, 398.3385132
1701423557447, 2023-12-01T09:39:17.447Z, 132.06368700000002, 402.0805256
1701423557493, 2023-12-01T09:39:17.493Z, 132.6634338, 406.96566160000003
1701423557507, 2023-12-01T09:39:17.507Z, 128.58541259999998, 409.0024828
1701423557539, 2023-12-01T09:39:17.539Z, 123.97400040000002, 418.64528060000004
1701423557554, 2023-12-01T09:39:17.554Z, 126.50395, 429.916093
1701423557571, 2023-12-01T09:39:17.571Z, 124.65670359999999, 439.39451720000005
1701423557600, 2023-12-01T09:39:17.600Z, 116.876604, 448.29275859999996
1701423557816, 2023-12-01T09:39:17.816Z, 90.6669082, 444.70727559999995
1701423557954, 2023-12-01T09:39:17.954Z, 78.4897952, 449.0002622
1701423557984, 2023-12-01T09:39:17.984Z, 70.29128740000002, 457.8145442
1701423557999, 2023-12-01T09:39:17.999Z, 263.93076099999996, 472.90269079999996
1701423558029, 2023-12-01T09:39:18.029Z, 458.2416612, 490.6403007999999
1701423558045, 2023-12-01T09:39:18.045Z, 678.2535373999999, 510.7483878000001
1701423558066, 2023-12-01T09:39:18.066Z, 879.4845667999998, 523.6766901999999
1701423558090, 2023-12-01T09:39:18.090Z, 1077.5033998, 529.7385134
1701423558121, 2023-12-01T09:39:18.121Z, 1084.3817152, 530.4836453999999
1701423558137, 2023-12-01T09:39:18.137Z, 1088.84949, 526.1064936
1701423558181, 2023-12-01T09:39:18.181Z, 1085.4908464, 530.8013448
1701423558217, 2023-12-01T09:39:18.217Z, 1087.9970932, 526.2969380000001
1701423558259, 2023-12-01T09:39:18.259Z, 1084.7361658, 521.7237966
1701423558274, 2023-12-01T09:39:18.274Z, 1078.1771516000001, 526.4513836
1701423558291, 2023-12-01T09:39:18.291Z, 1057.8363158, 534.178072
1701423558322, 2023-12-01T09:39:18.322Z, 1016.7032065999999, 542.7293794
1701423558337, 2023-12-01T09:39:18.337Z, 878.7105462000002, 544.8855176000001
1701423558382, 2023-12-01T09:39:18.382Z, 685.3133222, 539.1626662
1701423558399, 2023-12-01T09:39:18.399Z, 491.8760276, 507.1737684
1701423558413, 2023-12-01T09:39:18.413Z, 315.68585, 478.3671742
1701423558429, 2023-12-01T09:39:18.429Z, 165.9860608, 449.0785626
1701423558444, 2023-12-01T09:39:18.444Z, 126.35151579999999, 435.2746102
1701423558473, 2023-12-01T09:39:18.473Z, 144.9359738, 440.01616320000005
1701423558517, 2023-12-01T09:39:18.517Z, 173.8662488, 481.3126768
1701423558541, 2023-12-01T09:39:18.541Z, 198.6508028, 506.39744559999997
1701423558569, 2023-12-01T09:39:18.569Z, 179.1715122, 513.6060864
1701423558581, 2023-12-01T09:39:18.581Z, 176.8974172, 516.0932396000001
1701423558674, 2023-12-01T09:39:18.674Z, 305.4583666, 504.11666299999996
1701423558705, 2023-12-01T09:39:18.705Z, 429.66616480000005, 482.83393379999995
1701423558720, 2023-12-01T09:39:18.720Z, 559.8055390000001, 474.0215814
1701423558750, 2023-12-01T09:39:18.750Z, 714.3920949999999, 503.9798898
1701423558766, 2023-12-01T09:39:18.766Z, 843.2182691999999, 530.2258126
1701423558797, 2023-12-01T09:39:18.797Z, 916.2097883999999, 573.7794157999999
1701423558835, 2023-12-01T09:39:18.835Z, 990.4423408, 608.3262922
1701423558890, 2023-12-01T09:39:18.890Z, 1050.4519064, 636.1917569999999
1701423558905, 2023-12-01T09:39:18.905Z, 1122.0918556000001, 642.8090098
1701423558935, 2023-12-01T09:39:18.935Z, 1182.1342516, 641.3446242
1701423559290, 2023-12-01T09:39:19.290Z, 1185.5292617999999, 608.5504568
1701423559308, 2023-12-01T09:39:19.308Z, 1202.0039927999999, 598.1590304
1701423559324, 2023-12-01T09:39:19.324Z, 1215.83562, 613.8460076
1701423559337, 2023-12-01T09:39:19.337Z, 1231.2579608, 624.8163792
1701423559352, 2023-12-01T09:39:19.352Z, 1255.8372426, 648.3302428000001
1701423559382, 2023-12-01T09:39:19.382Z, 1257.9229312, 686.6248158
1701423559399, 2023-12-01T09:39:19.399Z, 1227.7508160000002, 709.7692094
1701423559582, 2023-12-01T09:39:19.582Z, 1159.723736, 684.3627364
1701423559644, 2023-12-01T09:39:19.644Z, 1134.7107059999998, 680.8088442000001
1701423559659, 2023-12-01T09:39:19.659Z, 1099.90801, 671.6396046
1701423559689, 2023-12-01T09:39:19.689Z, 1068.3659172, 670.8467933999999
1701423559714, 2023-12-01T09:39:19.714Z, 1052.2949663999998, 653.4437529999999
1701423559737, 2023-12-01T09:39:19.737Z, 1091.3438252, 664.8623372
1701423559751, 2023-12-01T09:39:19.751Z, 1089.3854780000001, 657.4746792
1701423559766, 2023-12-01T09:39:19.766Z, 1093.7420004, 648.9823647999999
1701423559782, 2023-12-01T09:39:19.782Z, 1094.5638694, 637.1466373999999
1701423559798, 2023-12-01T09:39:19.798Z, 1092.7124073999998, 639.6276284
1701423559812, 2023-12-01T09:39:19.812Z, 1088.2788111999998, 643.2251052
1701423559829, 2023-12-01T09:39:19.829Z, 1080.2165185999997, 653.1835178
1701423559846, 2023-12-01T09:39:19.846Z, 1076.2856959999997, 665.6159516
1701423559872, 2023-12-01T09:39:19.872Z, 1073.9520066, 676.7679390000001
1701423559887, 2023-12-01T09:39:19.887Z, 1072.7454464, 681.8893186
1701423559917, 2023-12-01T09:39:19.917Z, 1071.3950928, 685.5321114000001
1701423559933, 2023-12-01T09:39:19.933Z, 1073.0374735999999, 685.5689142
1701423559949, 2023-12-01T09:39:19.949Z, 1075.5923516, 683.7485482
1701423559965, 2023-12-01T09:39:19.965Z, 1078.4878406, 676.1932928
1701423559980, 2023-12-01T09:39:19.980Z, 1080.2600995999999, 669.0031667999999
1701423560017, 2023-12-01T09:39:20.017Z, 1081.6518538, 660.8371694
1701423560043, 2023-12-01T09:39:20.043Z, 1081.5206314, 652.893686
1701423560059, 2023-12-01T09:39:20.059Z, 1081.2689506, 656.0929408
1701423560075, 2023-12-01T09:39:20.075Z, 1079.9431406, 665.4540256
1701423560090, 2023-12-01T09:39:20.090Z, 1077.5475402, 672.164372
1701423560120, 2023-12-01T09:39:20.120Z, 1076.4871010000002, 681.7658854
1701423560136, 2023-12-01T09:39:20.136Z, 1075.4813772, 688.7232030000001
1701423560163, 2023-12-01T09:39:20.163Z, 1072.7757551999998, 682.7674244
1701423560182, 2023-12-01T09:39:20.182Z, 1072.6769863999998, 678.4297112
1701423560198, 2023-12-01T09:39:20.198Z, 1076.8558406000002, 674.363238
1701423560211, 2023-12-01T09:39:20.211Z, 1083.5293206000001, 667.9958494
1701423560229, 2023-12-01T09:39:20.229Z, 1092.1287354, 664.3612668
1701423560243, 2023-12-01T09:39:20.243Z, 1101.4908825999998, 664.0392636
1701423560260, 2023-12-01T09:39:20.260Z, 1107.9884974000001, 660.5247621999999
1701423560274, 2023-12-01T09:39:20.274Z, 1112.7575036, 658.8404308000001
1701423560289, 2023-12-01T09:39:20.289Z, 1113.3730484, 657.9083522000001
1701423560316, 2023-12-01T09:39:20.316Z, 1110.333266, 657.0336518
1701423560335, 2023-12-01T09:39:20.335Z, 1107.0225264, 656.3701392
1701423560370, 2023-12-01T09:39:20.370Z, 1109.2501897999998, 657.3416932
1701423560385, 2023-12-01T09:39:20.385Z, 1110.1596834, 658.4984772
1701423560415, 2023-12-01T09:39:20.415Z, 1106.7576883999998, 656.2753814
1701423560433, 2023-12-01T09:39:20.433Z, 1111.7455957999998, 662.2055258
1701423560445, 2023-12-01T09:39:20.445Z, 1118.0471326, 677.3828146000001
1701423560475, 2023-12-01T09:39:20.475Z, 1120.3687506, 694.076806
1701423560493, 2023-12-01T09:39:20.493Z, 1125.802166, 709.1134862000001
1701423560508, 2023-12-01T09:39:20.508Z, 1138.7195814, 726.8377710000001
1701423560523, 2023-12-01T09:39:20.523Z, 1147.0083312, 737.6142858000001
1701423560542, 2023-12-01T09:39:20.542Z, 1152.363081, 737.2608788
1701423560566, 2023-12-01T09:39:20.566Z, 1157.3491274, 734.79659
1701423560585, 2023-12-01T09:39:20.585Z, 1161.1624848, 732.4320292
1701423560600, 2023-12-01T09:39:20.600Z, 1163.6760312, 728.5267928000001
1701423560621, 2023-12-01T09:39:20.621Z, 1160.354923, 721.5950439999999
1701423560654, 2023-12-01T09:39:20.654Z, 1160.3623886, 718.897993
1701423560663, 2023-12-01T09:39:20.663Z, 1158.4464496, 717.709998
1701423560676, 2023-12-01T09:39:20.676Z, 1153.3087162000002, 721.0215658
1701423560691, 2023-12-01T09:39:20.691Z, 1147.6505234, 726.9902308
1701423560722, 2023-12-01T09:39:20.722Z, 1149.4292638000002, 735.993393
1701423560739, 2023-12-01T09:39:20.739Z, 1147.8663624, 741.1528109999999
1701423560769, 2023-12-01T09:39:20.769Z, 1143.2990346000001, 752.6040446000001
1701423560803, 2023-12-01T09:39:20.803Z, 1133.1254794000001, 766.2087985999999
1701423560818, 2023-12-01T09:39:20.818Z, 1122.3184132000001, 779.9482517999999
1701423560866, 2023-12-01T09:39:20.866Z, 1105.4065684000002, 791.6515022
1701423560946, 2023-12-01T09:39:20.946Z, 1057.4667175999998, 809.1625798000001
1701423560956, 2023-12-01T09:39:20.957Z, 1013.2979784000001, 820.0923446
1701423560973, 2023-12-01T09:39:20.973Z, 980.6054964000001, 825.4628454
1701423560990, 2023-12-01T09:39:20.990Z, 966.4743746, 829.9133028
1701423561002, 2023-12-01T09:39:21.002Z, 969.4681082, 833.8345689999999
1701423561034, 2023-12-01T09:39:21.034Z, 1006.4721114, 817.9915607999999
1701423561051, 2023-12-01T09:39:21.051Z, 1042.3490118, 799.4248402000001
1701423561068, 2023-12-01T09:39:21.068Z, 1072.7434292, 786.2791758
1701423561081, 2023-12-01T09:39:21.081Z, 1083.4078788000002, 768.7634932
1701423561103, 2023-12-01T09:39:21.103Z, 1082.2513092000002, 752.960499
1701423561132, 2023-12-01T09:39:21.132Z, 1081.8826222, 750.574112
1701423561143, 2023-12-01T09:39:21.143Z, 1083.0212964000002, 748.1315418
1701423561158, 2023-12-01T09:39:21.158Z, 1084.4544546000002, 743.7038296000001
1701423561174, 2023-12-01T09:39:21.174Z, 1088.1845008, 753.9370425999999
1701423561188, 2023-12-01T09:39:21.188Z, 1090.4767585999998, 763.7503326
1701423561218, 2023-12-01T09:39:21.219Z, 1090.7378834, 776.7724599999999
1701423561234, 2023-12-01T09:39:21.234Z, 1092.8782981999998, 789.5429942
1701423561266, 2023-12-01T09:39:21.266Z, 1096.5214893999998, 798.2712202
1701423561284, 2023-12-01T09:39:21.284Z, 1100.3026419999999, 796.737141
1701423561298, 2023-12-01T09:39:21.298Z, 1100.7244137999999, 798.6165602
1701423561316, 2023-12-01T09:39:21.316Z, 1097.6220455999999, 801.4035544000001
1701423561328, 2023-12-01T09:39:21.328Z, 1090.8348766, 804.4621961999999
1701423561342, 2023-12-01T09:39:21.342Z, 1083.2613818, 809.508521
1701423561369, 2023-12-01T09:39:21.369Z, 1080.488238, 813.2604412000001
1701423561390, 2023-12-01T09:39:21.390Z, 1084.3307048000001, 812.0037298000001
1701423561407, 2023-12-01T09:39:21.407Z, 1092.8496054, 807.6432746
1701423561439, 2023-12-01T09:39:21.439Z, 1099.755045, 803.9342962
1701423561453, 2023-12-01T09:39:21.453Z, 1106.9857304000002, 805.7751092
1701423561469, 2023-12-01T09:39:21.469Z, 1108.4100722, 813.1557276
1701423561503, 2023-12-01T09:39:21.503Z, 1104.7282602, 824.3781808
1701423561518, 2023-12-01T09:39:21.518Z, 1092.9873286, 844.9019136
1701423561552, 2023-12-01T09:39:21.552Z, 1084.2868288, 865.5058272
1701423561575, 2023-12-01T09:39:21.575Z, 1065.8961764, 873.3934602000002
1701423561592, 2023-12-01T09:39:21.592Z, 1043.3259160000002, 873.1266702
1701423561605, 2023-12-01T09:39:21.605Z, 1022.8371862, 872.9000739999999
1701423561623, 2023-12-01T09:39:21.623Z, 1010.4292254, 863.2840094000001
1701423561637, 2023-12-01T09:39:21.637Z, 1006.9002816, 855.290595
1701423561668, 2023-12-01T09:39:21.668Z, 1017.7823543999999, 855.0472596000002
1701423561684, 2023-12-01T09:39:21.684Z, 1033.7384534, 859.9011196000001
1701423561698, 2023-12-01T09:39:21.698Z, 1062.713286, 866.014938
1701423561714, 2023-12-01T09:39:21.714Z, 1083.2140852, 870.6759182
1701423561746, 2023-12-01T09:39:21.746Z, 1086.2387587999997, 870.699612
1701423561763, 2023-12-01T09:39:21.763Z, 1083.4204002000001, 869.4121085999999
1701423561778, 2023-12-01T09:39:21.778Z, 1076.5883013999999, 867.1114891999999
1701423561793, 2023-12-01T09:39:21.793Z, 1056.2353368, 860.5852951999999
1701423561823, 2023-12-01T09:39:21.823Z, 1055.4235824, 857.8189766000002
1701423561841, 2023-12-01T09:39:21.841Z, 1063.6871654000001, 858.3427312
1701423561855, 2023-12-01T09:39:21.855Z, 1071.8868276, 859.8953042
1701423561872, 2023-12-01T09:39:21.872Z, 1082.4476018, 858.9841446
1701423561890, 2023-12-01T09:39:21.890Z, 1092.9878444, 857.487348
1701423561903, 2023-12-01T09:39:21.903Z, 1081.5273272, 857.1286424
1701423561917, 2023-12-01T09:39:21.917Z, 1072.1324378, 856.4796383999999
1701423561933, 2023-12-01T09:39:21.933Z, 1067.2323700000002, 855.3793438
1701423561949, 2023-12-01T09:39:21.949Z, 1064.7966698, 857.0326072
1701423561980, 2023-12-01T09:39:21.980Z, 1059.8004994, 858.9712304000001
1701423561992, 2023-12-01T09:39:21.992Z, 1062.9237052, 859.8130592
1701423562007, 2023-12-01T09:39:22.007Z, 1064.3647982, 864.9313268
1701423562022, 2023-12-01T09:39:22.022Z, 1062.1287974000002, 869.6624226
1701423562037, 2023-12-01T09:39:22.037Z, 1057.240397, 872.8303745999999
1701423562054, 2023-12-01T09:39:22.054Z, 1053.6763500000002, 875.6510326
1701423562072, 2023-12-01T09:39:22.072Z, 1045.342522, 873.3053368000001
1701423562100, 2023-12-01T09:39:22.100Z, 1036.9688834, 867.4990376
1701423562116, 2023-12-01T09:39:22.116Z, 1027.3262884, 861.3340593999999
1701423562131, 2023-12-01T09:39:22.131Z, 1020.2363614, 857.4664167999999
1701423562146, 2023-12-01T09:39:22.146Z, 1016.5016442, 856.4176762000001
1701423562161, 2023-12-01T09:39:22.161Z, 1018.0221786, 859.7914794000001
1701423562176, 2023-12-01T09:39:22.176Z, 1020.9370606, 862.9239879999999
1701423562191, 2023-12-01T09:39:22.191Z, 1024.9546968, 866.0646858
1701423562206, 2023-12-01T09:39:22.206Z, 1024.8439838000002, 867.8090876
1701423562222, 2023-12-01T09:39:22.222Z, 1021.9615895999999, 867.9089797999999
1701423562238, 2023-12-01T09:39:22.238Z, 1019.5671632, 867.4887562
1701423562264, 2023-12-01T09:39:22.264Z, 1019.7648446, 871.1397798
1701423562283, 2023-12-01T09:39:22.283Z, 1020.3001722000001, 877.2393684000001
1701423562299, 2023-12-01T09:39:22.299Z, 1026.347059, 885.2283444000001
1701423562314, 2023-12-01T09:39:22.314Z, 1030.6019214, 892.1828035999999
1701423562329, 2023-12-01T09:39:22.329Z, 1035.4200735999998, 896.7810803999998
1701423562347, 2023-12-01T09:39:22.347Z, 1037.3533822, 896.5726134
1701423562361, 2023-12-01T09:39:22.361Z, 1037.2140439999998, 890.7158814000001
1701423562376, 2023-12-01T09:39:22.376Z, 1033.797893, 881.7758184
1701423562391, 2023-12-01T09:39:22.391Z, 1033.9390658, 872.7971804000001
1701423562413, 2023-12-01T09:39:22.413Z, 1036.3921122, 866.0121798
1701423562438, 2023-12-01T09:39:22.438Z, 1037.9797904000002, 860.6160032
1701423562453, 2023-12-01T09:39:22.453Z, 1044.552691, 855.3612905999998
1701423562469, 2023-12-01T09:39:22.469Z, 1055.2250682000001, 852.1254696
1701423562484, 2023-12-01T09:39:22.484Z, 1061.1801622, 855.18539
1701423562501, 2023-12-01T09:39:22.501Z, 1065.3361642, 865.5901055999999
1701423562530, 2023-12-01T09:39:22.530Z, 1070.3423885999998, 875.0353926
1701423562546, 2023-12-01T09:39:22.546Z, 1071.8085942, 888.388938
1701423562566, 2023-12-01T09:39:22.566Z, 1072.6786802, 897.9858262
1701423562592, 2023-12-01T09:39:22.592Z, 1071.3598908, 901.2856180000001
1701423562609, 2023-12-01T09:39:22.609Z, 1068.3230726, 897.9958596
1701423562639, 2023-12-01T09:39:22.639Z, 1050.7286392, 895.3149728000001
1701423562656, 2023-12-01T09:39:22.656Z, 1034.438749, 891.8357953999999
1701423562684, 2023-12-01T09:39:22.684Z, 1016.110499, 891.9050836
1701423562717, 2023-12-01T09:39:22.717Z, 1024.1021163999999, 886.9342439999998
1701423562732, 2023-12-01T09:39:22.732Z, 1029.1436242, 882.8655756
1701423562748, 2023-12-01T09:39:22.748Z, 1047.3738118, 879.9633572
1701423562764, 2023-12-01T09:39:22.764Z, 1064.0094178000002, 875.9802162
1701423562779, 2023-12-01T09:39:22.779Z, 1078.9359262, 871.5961166000001
1701423562795, 2023-12-01T09:39:22.795Z, 1071.7618502, 873.7085086
1701423562811, 2023-12-01T09:39:22.811Z, 1067.3105799999998, 873.8064459999999
1701423562827, 2023-12-01T09:39:22.827Z, 1060.2669726, 873.7720516000002
1701423562841, 2023-12-01T09:39:22.841Z, 1051.2088211999999, 875.2270538
1701423562862, 2023-12-01T09:39:22.862Z, 1038.029583, 877.5136269999999
1701423562887, 2023-12-01T09:39:22.887Z, 1022.1522066, 878.3637942000001
1701423562901, 2023-12-01T09:39:22.901Z, 1010.9018908, 880.2157923999999
1701423562918, 2023-12-01T09:39:22.918Z, 1007.0668614, 881.4445882
1701423562933, 2023-12-01T09:39:22.933Z, 1013.417677, 879.9523848000001
1701423562950, 2023-12-01T09:39:22.950Z, 1020.4732127999999, 877.4526082
1701423562964, 2023-12-01T09:39:22.964Z, 1036.5957256, 878.1167448
1701423562979, 2023-12-01T09:39:22.979Z, 1046.1441418, 878.3803978
1701423562995, 2023-12-01T09:39:22.995Z, 1049.8473114, 878.4702315999999
1701423563018, 2023-12-01T09:39:23.018Z, 1046.9076684, 884.742835
1701423563040, 2023-12-01T09:39:23.040Z, 1048.4691653999998, 892.0985545999999
1701423563054, 2023-12-01T09:39:23.054Z, 1044.1952522, 896.926512
1701423563071, 2023-12-01T09:39:23.071Z, 1037.4720764, 897.3993480000001
1701423563086, 2023-12-01T09:39:23.086Z, 1031.3281212, 898.4424192
1701423563119, 2023-12-01T09:39:23.119Z, 1024.6476078, 893.3915972000001
1701423563134, 2023-12-01T09:39:23.134Z, 1020.4011654, 887.0094837999999
1701423563166, 2023-12-01T09:39:23.166Z, 1018.7919271999999, 883.3550484
1701423563182, 2023-12-01T09:39:23.182Z, 1020.7254986, 884.6630804
1701423563197, 2023-12-01T09:39:23.197Z, 1018.8527871999999, 887.1983778
1701423563212, 2023-12-01T09:39:23.212Z, 1019.762258, 889.9703138000001
1701423563227, 2023-12-01T09:39:23.227Z, 1015.9693617999999, 895.7304762
1701423563246, 2023-12-01T09:39:23.246Z, 1013.5810318, 891.8001686
1701423563259, 2023-12-01T09:39:23.259Z, 1012.9574580000001, 888.2052156
1701423563290, 2023-12-01T09:39:23.290Z, 1016.2348654, 885.4841966
1701423563312, 2023-12-01T09:39:23.312Z, 1013.6027615999999, 885.1752469999999
1701423563339, 2023-12-01T09:39:23.339Z, 1012.549138, 880.9805125999999
1701423563354, 2023-12-01T09:39:23.354Z, 1007.1802454000001, 882.8677422000001
1701423563371, 2023-12-01T09:39:23.371Z, 1002.0407348000001, 878.3995196
1701423563384, 2023-12-01T09:39:23.384Z, 1005.7038322000001, 873.0447158
1701423563402, 2023-12-01T09:39:23.402Z, 1015.4043813999999, 868.0332124
1701423563416, 2023-12-01T09:39:23.416Z, 1025.0729569999999, 867.3307075999999
1701423563433, 2023-12-01T09:39:23.433Z, 1039.7970242, 869.3381376
1701423563448, 2023-12-01T09:39:23.448Z, 1056.3615868000002, 876.8262365999999
1701426254001, 2023-12-01T10:24:14.001Z, 1126.8288938, 853.4161856000001
1701426254016, 2023-12-01T10:24:14.016Z, 1114.691306, 850.5418758
1701426254047, 2023-12-01T10:24:14.047Z, 1105.0428987999999, 845.1369365999999
1701426254062, 2023-12-01T10:24:14.062Z, 1091.6298460000003, 842.5638452000001
1701426254103, 2023-12-01T10:24:14.103Z, 1074.8841626, 843.1336186000001
1701426254155, 2023-12-01T10:24:14.155Z, 1061.1874877999999, 845.3974096
1701426254187, 2023-12-01T10:24:14.187Z, 1064.2552252, 842.8569881999999
1701426254202, 2023-12-01T10:24:14.202Z, 1062.1334062, 842.4567774000001
1701426254233, 2023-12-01T10:24:14.233Z, 1066.2860148, 841.7136383999999
1701426254280, 2023-12-01T10:24:14.280Z, 1091.4920126, 838.6938307999999
1701426254296, 2023-12-01T10:24:14.296Z, 1123.3953118000002, 836.1091296000001
1701426254316, 2023-12-01T10:24:14.316Z, 1144.1703408, 838.8089444000001
1701426254331, 2023-12-01T10:24:14.331Z, 1148.4974446, 843.2716306
1701426254358, 2023-12-01T10:24:14.358Z, 1160.1366924, 845.1512920000001
1701426254373, 2023-12-01T10:24:14.373Z, 1165.4861258, 845.7159965999999
1701426254403, 2023-12-01T10:24:14.403Z, 1165.2208845999999, 844.9843746
1701426254419, 2023-12-01T10:24:14.419Z, 1155.5031946, 845.6409362
1701426254450, 2023-12-01T10:24:14.450Z, 1172.4675336, 841.1229038000001
1701426254481, 2023-12-01T10:24:14.481Z, 1174.79885, 838.6773416
1701426254496, 2023-12-01T10:24:14.496Z, 1174.7365015999999, 834.3426842000001
1701426254512, 2023-12-01T10:24:14.512Z, 1157.1489064, 834.6483000000001
1701426254553, 2023-12-01T10:24:14.553Z, 1153.5213598, 830.2789734
1701426254589, 2023-12-01T10:24:14.589Z, 1131.9394252, 830.9383148
1701426254604, 2023-12-01T10:24:14.604Z, 1116.8038428, 829.299884
1701426254635, 2023-12-01T10:24:14.635Z, 1105.1596174, 834.0883932
1701426254650, 2023-12-01T10:24:14.650Z, 1108.6700254000002, 841.0206834
1701426254681, 2023-12-01T10:24:14.681Z, 1108.9181194, 855.6019648000001
1701426254728, 2023-12-01T10:24:14.728Z, 1120.2031784, 870.7017474000002
1701426254855, 2023-12-01T10:24:14.855Z, 1126.7049888, 885.7721749999998
1701426254913, 2023-12-01T10:24:14.913Z, 1122.9339288, 897.7432220000001
1701426254945, 2023-12-01T10:24:14.945Z, 1118.4559892000002, 904.2850816
1701426255002, 2023-12-01T10:24:15.002Z, 1083.145328, 905.6430922
1701426255039, 2023-12-01T10:24:15.039Z, 1043.8593956, 903.6411115999999
1701426255054, 2023-12-01T10:24:15.054Z, 1008.204846, 901.4219400000002
1701426255085, 2023-12-01T10:24:15.085Z, 981.9224648, 898.1176208
1701426255100, 2023-12-01T10:24:15.100Z, 913.4478388, 889.9065423999998
1701426255131, 2023-12-01T10:24:15.131Z, 859.5197318, 882.2652362000001
1701426255179, 2023-12-01T10:24:15.179Z, 772.9708764, 868.685418
1701426255197, 2023-12-01T10:24:15.197Z, 606.1862244, 844.6483953999999
1701426255210, 2023-12-01T10:24:15.210Z, 436.94728139999995, 821.6382308
1701426255228, 2023-12-01T10:24:15.228Z, 308.327333, 802.8478094
1701426255243, 2023-12-01T10:24:15.243Z, 189.55412479999998, 783.6143834
1701426255258, 2023-12-01T10:24:15.258Z, 106.15076859999999, 770.1106425999999
1701426255304, 2023-12-01T10:24:15.304Z, 105.9358502, 765.8555672
1701426255318, 2023-12-01T10:24:15.318Z, 102.92103, 759.0333228
1701426255334, 2023-12-01T10:24:15.334Z, 100.905969, 746.424062
1701426255349, 2023-12-01T10:24:15.349Z, 102.909269, 733.9451706
1701426255380, 2023-12-01T10:24:15.380Z, 112.22580459999999, 725.2319314
1701426255396, 2023-12-01T10:24:15.396Z, 124.3130156, 719.9960528
1701426255412, 2023-12-01T10:24:15.412Z, 140.0315678, 717.3832882
1701426255427, 2023-12-01T10:24:15.427Z, 154.3475934, 720.613199
1701426255478, 2023-12-01T10:24:15.478Z, 169.368944, 724.3574138
1701426255489, 2023-12-01T10:24:15.489Z, 173.68717739999997, 727.3689468
1701426255505, 2023-12-01T10:24:15.505Z, 173.35462239999998, 730.8728306
1701426255521, 2023-12-01T10:24:15.521Z, 174.5412108, 733.8167827999999
1701426255537, 2023-12-01T10:24:15.537Z, 182.3636946, 733.7553922
1701426255553, 2023-12-01T10:24:15.553Z, 192.06391639999998, 734.0291623999999
1701426255569, 2023-12-01T10:24:15.569Z, 204.9756096, 732.6166758
1701426255584, 2023-12-01T10:24:15.584Z, 218.61632640000002, 730.5906118
1701426255632, 2023-12-01T10:24:15.632Z, 247.27817620000002, 733.8970534
1701426255667, 2023-12-01T10:24:15.667Z, 329.0488196, 753.4981524000001
1701426256384, 2023-12-01T10:24:16.384Z, 516.6139116, 786.2444738
1701426256400, 2023-12-01T10:24:16.400Z, 698.3021572, 812.501902
1701426256432, 2023-12-01T10:24:16.432Z, 875.9609622, 836.2039682000001
1701426256447, 2023-12-01T10:24:16.447Z, 1036.6018634, 853.6209431999999
1701426256463, 2023-12-01T10:24:16.463Z, 1135.5414246, 853.6196714000001
1701426256478, 2023-12-01T10:24:16.478Z, 1126.640564, 841.7017787999999
1701426256527, 2023-12-01T10:24:16.527Z, 1120.4328064000001, 831.8010054
1701426256540, 2023-12-01T10:24:16.540Z, 1125.0141658, 820.6748451999999
1701426256571, 2023-12-01T10:24:16.571Z, 1127.2829354, 810.8219458000001
1701426256586, 2023-12-01T10:24:16.586Z, 1133.4274146, 798.8235484
1701426256618, 2023-12-01T10:24:16.618Z, 1136.5545732, 802.0146506000001
1701426256632, 2023-12-01T10:24:16.632Z, 1139.7888222000001, 811.1876361999999
1701426256666, 2023-12-01T10:24:16.666Z, 1140.7379655999998, 822.489382
1701426256694, 2023-12-01T10:24:16.694Z, 1139.5597724, 834.4910692
1701426256707, 2023-12-01T10:24:16.707Z, 1141.9102922, 853.7090674000001
1701426256722, 2023-12-01T10:24:16.722Z, 1144.5843812, 858.0634339999999
1701426256739, 2023-12-01T10:24:16.739Z, 1154.1086810000002, 859.5744446000001
1701426256754, 2023-12-01T10:24:16.754Z, 1157.3765704, 862.8800262000001
1701426256769, 2023-12-01T10:24:16.769Z, 1158.8438517999998, 865.0813013999999
1701426256785, 2023-12-01T10:24:16.785Z, 1138.3797525999998, 859.060753
1701426256848, 2023-12-01T10:24:16.848Z, 1017.775146, 829.1817526000001
1701426256896, 2023-12-01T10:24:16.896Z, 881.8997504000001, 796.1736674
1701426256943, 2023-12-01T10:24:16.943Z, 746.7629172000001, 761.900928
1701426256959, 2023-12-01T10:24:16.959Z, 545.0751290000001, 712.7132968
1701426256972, 2023-12-01T10:24:16.972Z, 360.39643179999996, 671.6498156
1701426256988, 2023-12-01T10:24:16.988Z, 290.08248960000003, 659.4023162
1701426257003, 2023-12-01T10:24:17.003Z, 228.28615159999998, 650.7320414
1701426257018, 2023-12-01T10:24:17.018Z, 161.943972, 642.0988530000001
1701426257035, 2023-12-01T10:24:17.035Z, 167.60326960000003, 648.8989171999999
1701426257049, 2023-12-01T10:24:17.049Z, 179.09831920000002, 651.3043942000002
1701426257065, 2023-12-01T10:24:17.065Z, 178.62120080000003, 646.6056523999999
1701426257080, 2023-12-01T10:24:17.080Z, 171.6469738, 633.783618
1701426257103, 2023-12-01T10:24:17.103Z, 161.0125606, 615.6475341999999
1701426257116, 2023-12-01T10:24:17.116Z, 151.27323699999997, 597.1408906
1701426257158, 2023-12-01T10:24:17.158Z, 119.3591542, 579.9830964
1701426257174, 2023-12-01T10:24:17.174Z, 88.485485, 563.6418964000001
1701426257189, 2023-12-01T10:24:17.189Z, 60.6896106, 556.9424018000001
1701426257204, 2023-12-01T10:24:17.204Z, 41.178972800000004, 553.9297536
1701426257219, 2023-12-01T10:24:17.219Z, 23.880192200000003, 549.5366701999999
1701426257253, 2023-12-01T10:24:17.253Z, 39.704081200000005, 552.6850594
1701426257266, 2023-12-01T10:24:17.266Z, 50.006995200000006, 555.2816304
1701426257282, 2023-12-01T10:24:17.282Z, 51.4378556, 554.879784
1701426257345, 2023-12-01T10:24:17.345Z, 52.540949999999995, 554.102586
1701426257360, 2023-12-01T10:24:17.360Z, 50.46993880000001, 554.3304390000001
1701426257375, 2023-12-01T10:24:17.375Z, 38.325030600000005, 548.9603994
1701426257400, 2023-12-01T10:24:17.400Z, 29.38716, 545.2123852
1701426257424, 2023-12-01T10:24:17.424Z, 33.2184464, 548.7734494
1701426257438, 2023-12-01T10:24:17.438Z, 40.3133238, 554.280966
1701426257453, 2023-12-01T10:24:17.453Z, 49.6019132, 559.2568193999999
1701426257468, 2023-12-01T10:24:17.468Z, 48.7281474, 565.3146302
1701426257484, 2023-12-01T10:24:17.484Z, 51.8042502, 570.3068249999999
1701426257499, 2023-12-01T10:24:17.499Z, 61.6882744, 569.3865286
1701426257515, 2023-12-01T10:24:17.515Z, 67.9315616, 567.6327682
1701426257531, 2023-12-01T10:24:17.531Z, 74.11098, 567.8470562
1701426257552, 2023-12-01T10:24:17.552Z, 83.84870240000001, 567.8693334000001
1701426257567, 2023-12-01T10:24:17.567Z, 91.44543340000001, 566.3698518000001
1701426257578, 2023-12-01T10:24:17.578Z, 88.5860938, 565.5861047999999
1701426257596, 2023-12-01T10:24:17.596Z, 86.4902486, 566.1286402
1701426257613, 2023-12-01T10:24:17.613Z, 88.5826862, 567.4801133999999
1701426257626, 2023-12-01T10:24:17.626Z, 88.37453119999999, 568.4081072
1701426257643, 2023-12-01T10:24:17.643Z, 86.116969, 567.5860124
1701426257658, 2023-12-01T10:24:17.658Z, 90.2385674, 566.5937288
1701426257674, 2023-12-01T10:24:17.674Z, 95.1492356, 555.208445
1701426257703, 2023-12-01T10:24:17.703Z, 94.06863200000001, 536.8539754000001
1701426257712, 2023-12-01T10:24:17.712Z, 95.16886579999999, 516.4950908
1701426257731, 2023-12-01T10:24:17.731Z, 98.5207002, 494.3549776000001
1701426257751, 2023-12-01T10:24:17.751Z, 106.5735694, 467.15102160000004
1701426257768, 2023-12-01T10:24:17.768Z, 112.8049156, 450.6407926
1701426257783, 2023-12-01T10:24:17.783Z, 118.44983659999998, 439.6598038
1701426257797, 2023-12-01T10:24:17.797Z, 125.4821798, 430.11921060000003
1701426257814, 2023-12-01T10:24:17.814Z, 131.0108348, 426.73381639999997
1701426257829, 2023-12-01T10:24:17.829Z, 129.4759776, 430.88706460000003
1701426257848, 2023-12-01T10:24:17.848Z, 126.8482252, 436.5762678
1701426257867, 2023-12-01T10:24:17.867Z, 124.33833179999999, 442.2724822
1701426257881, 2023-12-01T10:24:17.881Z, 123.0568068, 444.4717744000001
1701426257893, 2023-12-01T10:24:17.893Z, 120.783143, 446.50259100000005
1701426257923, 2023-12-01T10:24:17.923Z, 118.6104272, 451.5053874
1701426257938, 2023-12-01T10:24:17.938Z, 120.149991, 449.27723299999997
1701426257954, 2023-12-01T10:24:17.954Z, 121.54264699999999, 447.5639236
1701426257969, 2023-12-01T10:24:17.969Z, 128.35985599999998, 449.2838183999999
1701426257984, 2023-12-01T10:24:17.984Z, 147.9710106, 444.7624334
1701426258003, 2023-12-01T10:24:18.003Z, 170.74439999999998, 434.86864060000005
1701426258031, 2023-12-01T10:24:18.031Z, 193.5170454, 429.22407860000004
1701426258062, 2023-12-01T10:24:18.062Z, 212.68892800000003, 423.60413420000003
1701426258078, 2023-12-01T10:24:18.078Z, 224.8463062, 417.2835658
1701426258093, 2023-12-01T10:24:18.093Z, 224.407381, 416.5733784
1701426258108, 2023-12-01T10:24:18.108Z, 224.4443116, 414.61096499999996
1701426258124, 2023-12-01T10:24:18.124Z, 219.53930780000002, 413.78238780000004
1701426258153, 2023-12-01T10:24:18.153Z, 221.0675832, 409.2058678
1701426258172, 2023-12-01T10:24:18.172Z, 218.8634416, 406.3238464
1701426258187, 2023-12-01T10:24:18.187Z, 218.2103466, 402.8113256
1701426258203, 2023-12-01T10:24:18.203Z, 208.6990626, 395.4436956
1701426258219, 2023-12-01T10:24:18.219Z, 199.8615898, 388.362483
1701426258234, 2023-12-01T10:24:18.234Z, 186.6537898, 383.3871048
1701426258252, 2023-12-01T10:24:18.252Z, 177.76698820000001, 380.2996798
1701426258265, 2023-12-01T10:24:18.265Z, 166.480206, 379.11911879999997
1701426258281, 2023-12-01T10:24:18.281Z, 160.5406712, 382.58394200000004
1701426258301, 2023-12-01T10:24:18.301Z, 153.3354316, 388.9961228
1701426258329, 2023-12-01T10:24:18.329Z, 147.8662064, 397.5232986
1701426258345, 2023-12-01T10:24:18.345Z, 144.9151788, 401.27502140000007
1701426258363, 2023-12-01T10:24:18.363Z, 142.6793662, 405.01939200000004
1701426258391, 2023-12-01T10:24:18.391Z, 145.5350892, 406.704315
1701426258408, 2023-12-01T10:24:18.408Z, 151.836702, 404.12181899999996
1701426258423, 2023-12-01T10:24:18.423Z, 159.35770659999997, 399.2388868
1701426258451, 2023-12-01T10:24:18.451Z, 155.7909678, 399.3718454
1701426258486, 2023-12-01T10:24:18.486Z, 143.81265720000002, 401.24277820000003
1701426258501, 2023-12-01T10:24:18.501Z, 126.4884458, 404.6730246
1701426258550, 2023-12-01T10:24:18.550Z, 110.82587659999999, 408.28437399999996
1701426258583, 2023-12-01T10:24:18.583Z, 92.4402548, 410.42327839999996
1701426258645, 2023-12-01T10:24:18.645Z, 74.40728720000001, 410.2590934
1701426258661, 2023-12-01T10:24:18.661Z, 65.7672264, 407.5476716
1701426258677, 2023-12-01T10:24:18.677Z, 59.2892328, 399.505827
1701426258708, 2023-12-01T10:24:18.708Z, 52.9828462, 389.14562020000005
1701426258724, 2023-12-01T10:24:18.724Z, 46.6157982, 387.83895240000004
1701426258749, 2023-12-01T10:24:18.749Z, 50.844559200000006, 386.6655298
1701426258766, 2023-12-01T10:24:18.766Z, 55.2981146, 387.19860819999997
1701426258786, 2023-12-01T10:24:18.786Z, 59.05876959999999, 395.7619784
1701426258802, 2023-12-01T10:24:18.802Z, 69.0099886, 408.28648080000005
1701426258818, 2023-12-01T10:24:18.818Z, 80.34192019999999, 414.02128860000005
1701426258834, 2023-12-01T10:24:18.834Z, 88.55974059999998, 414.83486460000006
1701426258849, 2023-12-01T10:24:18.849Z, 97.75763099999999, 413.68609239999995
1701426258864, 2023-12-01T10:24:18.864Z, 103.13420679999999, 413.62065240000004
1701426258879, 2023-12-01T10:24:18.879Z, 100.78496700000001, 411.97287400000005
1701426258902, 2023-12-01T10:24:18.902Z, 97.764563, 410.93227820000004
1701426258916, 2023-12-01T10:24:18.916Z, 93.9068362, 414.34489279999997
1701426258942, 2023-12-01T10:24:18.942Z, 91.4320978, 413.60335560000004
1701426258957, 2023-12-01T10:24:18.957Z, 94.50556220000001, 404.9155726
1701426258973, 2023-12-01T10:24:18.973Z, 104.066176, 388.8053392
1701426258989, 2023-12-01T10:24:18.989Z, 114.11214079999999, 371.71346859999994
1701426259005, 2023-12-01T10:24:19.005Z, 124.225864, 353.5201554
1701426259019, 2023-12-01T10:24:19.019Z, 138.9644082, 332.99379899999997
1701426259034, 2023-12-01T10:24:19.034Z, 148.7265462, 320.27754100000004
1701426259053, 2023-12-01T10:24:19.053Z, 152.4335496, 313.3290138
1701426259065, 2023-12-01T10:24:19.065Z, 159.1744114, 305.2934748
1701426259096, 2023-12-01T10:24:19.096Z, 166.362375, 297.172295
1701426259112, 2023-12-01T10:24:19.112Z, 159.20083519999997, 297.94814540000004
1701426259128, 2023-12-01T10:24:19.128Z, 157.7839462, 292.5581446
1701426259143, 2023-12-01T10:24:19.143Z, 160.1398312, 287.425312
1701426259159, 2023-12-01T10:24:19.159Z, 159.6639494, 283.58071060000003
1701426259174, 2023-12-01T10:24:19.174Z, 155.8410748, 281.1978362
1701426259199, 2023-12-01T10:24:19.199Z, 162.1044946, 275.5102554
1701426259216, 2023-12-01T10:24:19.216Z, 172.7419278, 272.20299439999997
1701426259231, 2023-12-01T10:24:19.231Z, 180.5384536, 270.5020618
1701426259244, 2023-12-01T10:24:19.244Z, 190.0160638, 268.76747860000006
1701426259267, 2023-12-01T10:24:19.267Z, 203.3630518, 266.257743
1701426259283, 2023-12-01T10:24:19.283Z, 214.4597144, 264.1725592
1701426259301, 2023-12-01T10:24:19.301Z, 221.730771, 258.7454522
1701426259314, 2023-12-01T10:24:19.314Z, 225.44076660000002, 252.51773160000002
1701426259330, 2023-12-01T10:24:19.330Z, 227.949377, 245.9957274
1701426259353, 2023-12-01T10:24:19.353Z, 230.9025952, 239.03568879999997
1701426259365, 2023-12-01T10:24:19.365Z, 263.6547098, 223.92110519999997
1701426259407, 2023-12-01T10:24:19.407Z, 311.68922039999995, 223.5017354
1701426259423, 2023-12-01T10:24:19.423Z, 367.2973592, 259.32254819999997
1701426259443, 2023-12-01T10:24:19.443Z, 455.76550660000004, 321.48811379999995