1701365112451, 2023-11-30T17:25:12.451Z, 610.718956, 570.392125
1701365112466, 2023-11-30T17:25:12.466Z, 622.307268, 566.318458
1701365112481, 2023-11-30T17:25:12.481Z, 626.7926606666666, 564.736693
1701365112497, 2023-11-30T17:25:12.497Z, 636.85897425, 562.2464275
1701365112513, 2023-11-30T17:25:12.513Z, 643.5913651999999, 560.7357165999999
1701365112528, 2023-11-30T17:25:12.528Z, 656.2069182, 557.493506
1701365112544, 2023-11-30T17:25:12.544Z, 664.8038752, 556.6415165999999
1701365112568, 2023-11-30T17:25:12.568Z, 673.1733422, 556.6099586
1701365112592, 2023-11-30T17:25:12.592Z, 675.03843, 557.9155215999999
1701365112608, 2023-11-30T17:25:12.608Z, 675.8458476, 559.5379054
1701365112623, 2023-11-30T17:25:12.623Z, 674.383441, 562.8299703999999
1701365112638, 2023-11-30T17:25:12.638Z, 671.8556454, 565.4822022000001
1701365112653, 2023-11-30T17:25:12.653Z, 668.6279695999999, 567.1399262000001
1701365112669, 2023-11-30T17:25:12.669Z, 666.3275218, 567.096584
1701365112684, 2023-11-30T17:25:12.684Z, 655.3842786, 567.0048055999999
1701365112699, 2023-11-30T17:25:12.699Z, 640.5520693999999, 568.2725585999999
1701365112725, 2023-11-30T17:25:12.725Z, 629.8339636, 568.502377
1701365112746, 2023-11-30T17:25:12.746Z, 626.0925276, 567.1270208
1701365112761, 2023-11-30T17:25:12.761Z, 574.2903324, 572.6005224
1701365112777, 2023-11-30T17:25:12.777Z, 525.5969268, 577.5113011999999
1701365112792, 2023-11-30T17:25:12.792Z, 462.59924060000003, 581.080648
1701365112809, 2023-11-30T17:25:12.809Z, 404.78514340000004, 585.0762818000001
1701365112824, 2023-11-30T17:25:12.824Z, 328.38177740000003, 591.509148
1701365112840, 2023-11-30T17:25:12.840Z, 291.11975520000004, 593.173956
1701365112856, 2023-11-30T17:25:12.856Z, 238.60902039999996, 604.6441536
1701365112874, 2023-11-30T17:25:12.874Z, 215.32596560000002, 604.0633024000001
1701365112887, 2023-11-30T17:25:12.887Z, 176.38757600000002, 603.9988143999999
1701365112902, 2023-11-30T17:25:12.902Z, 152.1906804, 603.4344864
1701365112918, 2023-11-30T17:25:12.918Z, 137.0137304, 603.250187
1701365112934, 2023-11-30T17:25:12.934Z, 141.21978819999998, 593.4138212
1701365112950, 2023-11-30T17:25:12.950Z, 137.7273646, 598.1004876
1701365112964, 2023-11-30T17:25:12.964Z, 141.2785692, 605.7903194
1701365112980, 2023-11-30T17:25:12.980Z, 140.393453, 615.1483258000001
1701365112995, 2023-11-30T17:25:12.995Z, 138.5685966, 623.0120377999999
1701365113019, 2023-11-30T17:25:13.019Z, 135.42762539999998, 631.5262656
1701365113045, 2023-11-30T17:25:13.045Z, 125.13490080000001, 635.5129504
1701365113057, 2023-11-30T17:25:13.057Z, 118.0348832, 635.5759564
1701365113074, 2023-11-30T17:25:13.074Z, 105.6002144, 634.4791170000001
1701365113089, 2023-11-30T17:25:13.089Z, 94.00544399999998, 632.8459122
1701365113103, 2023-11-30T17:25:13.103Z, 87.47610619999999, 629.800382
1701365113119, 2023-11-30T17:25:13.119Z, 80.5745372, 628.3698631999999
1701365113135, 2023-11-30T17:25:13.135Z, 69.38514280000001, 627.4653334
1701365113150, 2023-11-30T17:25:13.150Z, 66.71578059999999, 625.5801248
1701365113173, 2023-11-30T17:25:13.173Z, 63.6853392, 623.3704928
1701365113199, 2023-11-30T17:25:13.199Z, 60.5964698, 621.2853662
1701365113212, 2023-11-30T17:25:13.212Z, 61.358601199999995, 618.5244130000001
1701365113228, 2023-11-30T17:25:13.228Z, 63.073925599999995, 616.3720083999999
1701365113243, 2023-11-30T17:25:13.243Z, 66.926396, 615.9445278000001
1701365113259, 2023-11-30T17:25:13.259Z, 68.35579299999999, 618.9352884
1701365113276, 2023-11-30T17:25:13.276Z, 64.95121780000001, 623.4215608
1701365113291, 2023-11-30T17:25:13.291Z, 70.32465719999999, 628.4245678
1701365113324, 2023-11-30T17:25:13.324Z, 79.93356159999999, 633.9047124
1701365113338, 2023-11-30T17:25:13.338Z, 86.4929152, 637.5569942
1701365113353, 2023-11-30T17:25:13.353Z, 96.8037808, 638.8338912
1701365113369, 2023-11-30T17:25:13.369Z, 116.88271119999999, 634.6016798
1701365113385, 2023-11-30T17:25:13.385Z, 130.9200104, 629.0785712
1701365113400, 2023-11-30T17:25:13.400Z, 160.287474, 623.6578872
1701365113416, 2023-11-30T17:25:13.416Z, 187.902435, 618.9041788000001
1701365113433, 2023-11-30T17:25:13.433Z, 207.04872559999998, 614.3735294
1701365113446, 2023-11-30T17:25:13.446Z, 218.28724279999997, 617.3382444000001
1701365113468, 2023-11-30T17:25:13.468Z, 228.870959, 622.2901578
1701365113493, 2023-11-30T17:25:13.493Z, 219.876714, 625.4614152
1701365113507, 2023-11-30T17:25:13.507Z, 211.47011080000001, 627.6009708
1701365113524, 2023-11-30T17:25:13.524Z, 207.1782702, 632.4978998
1701365113539, 2023-11-30T17:25:13.539Z, 208.6639784, 635.6787672
1701365113554, 2023-11-30T17:25:13.554Z, 208.0778636, 637.281412
1701365113569, 2023-11-30T17:25:13.569Z, 203.3744786, 641.1775706000001
1701365113599, 2023-11-30T17:25:13.599Z, 196.828709, 646.9997287999998
1701365113623, 2023-11-30T17:25:13.623Z, 178.67918179999998, 647.3778918
1701365113647, 2023-11-30T17:25:13.647Z, 151.55206859999998, 645.3258932000001
1701365113662, 2023-11-30T17:25:13.662Z, 121.30790000000002, 638.1713907999999
1701365113678, 2023-11-30T17:25:13.678Z, 94.29321159999999, 629.590398
1701365113693, 2023-11-30T17:25:13.693Z, 80.21462399999999, 622.2802605999999
1701365113709, 2023-11-30T17:25:13.709Z, 84.22218480000001, 618.8806576
1701365113724, 2023-11-30T17:25:13.724Z, 101.334301, 618.2946862000001
1701365113740, 2023-11-30T17:25:13.740Z, 125.4608862, 622.9511298
1701365113741, 2023-11-30T17:25:13.741Z, 157.4497848, 631.9267658
1701365113774, 2023-11-30T17:25:13.774Z, 193.90148259999998, 641.1666842000001
1701365113791, 2023-11-30T17:25:13.791Z, 224.91415419999998, 651.7697476
1701365113803, 2023-11-30T17:25:13.803Z, 249.02071619999998, 660.6559464
1701365113817, 2023-11-30T17:25:13.817Z, 274.7253348, 658.6193631999998
1701365113832, 2023-11-30T17:25:13.832Z, 292.62591679999997, 653.5271971999999
1701365113848, 2023-11-30T17:25:13.848Z, 297.55974299999997, 641.3453664000001
1701365113864, 2023-11-30T17:25:13.864Z, 304.0750595999999, 626.5434063999999
1701365113881, 2023-11-30T17:25:13.881Z, 304.0817842, 617.2119296
1701365113896, 2023-11-30T17:25:13.896Z, 302.91854440000003, 615.866905
1701365113918, 2023-11-30T17:25:13.918Z, 294.4853238, 622.8829194
1701365113942, 2023-11-30T17:25:13.942Z, 284.34133280000003, 634.2916194000001
1701365113958, 2023-11-30T17:25:13.958Z, 279.1565264, 642.2724872
1701365113974, 2023-11-30T17:25:13.974Z, 272.90983000000006, 647.3524606
1701365113988, 2023-11-30T17:25:13.988Z, 267.2492244, 652.791471
1701365114003, 2023-11-30T17:25:14.003Z, 270.9958994, 647.5391214
1701365114019, 2023-11-30T17:25:14.019Z, 273.96671559999993, 644.4882690000001
1701365114035, 2023-11-30T17:25:14.035Z, 276.17499899999996, 641.19627
1701365114050, 2023-11-30T17:25:14.050Z, 284.1052148, 635.2167105999999
1701365114071, 2023-11-30T17:25:14.071Z, 287.270094, 634.2452184
1701365114097, 2023-11-30T17:25:14.097Z, 288.4644836, 633.4008958000001
1701365114112, 2023-11-30T17:25:14.112Z, 290.5133462, 631.1493646
1701365114127, 2023-11-30T17:25:14.127Z, 285.69713360000003, 630.3785144
1701365114142, 2023-11-30T17:25:14.142Z, 281.3317414, 629.395723
1701365114159, 2023-11-30T17:25:14.159Z, 272.83636340000004, 626.9612304
1701365114174, 2023-11-30T17:25:14.174Z, 266.0928688, 622.3371948
1701365114192, 2023-11-30T17:25:14.192Z, 259.72810719999995, 616.1141974
1701365114225, 2023-11-30T17:25:14.225Z, 257.83143440000003, 618.3825525999999
1701365114236, 2023-11-30T17:25:14.236Z, 252.0583192, 620.2068532000001
1701365114252, 2023-11-30T17:25:14.252Z, 254.7782474, 616.8951012
1701365114268, 2023-11-30T17:25:14.268Z, 256.1571864, 616.7900028
1701365114284, 2023-11-30T17:25:14.284Z, 258.9989038, 617.2325286
1701365114300, 2023-11-30T17:25:14.300Z, 259.5368032, 612.682374
1701365114315, 2023-11-30T17:25:14.315Z, 259.73463879999997, 612.939709
1701365114330, 2023-11-30T17:25:14.330Z, 253.9617944, 618.9211732
1701365114346, 2023-11-30T17:25:14.346Z, 242.4247758, 622.1167484
1701365114368, 2023-11-30T17:25:14.368Z, 228.42224879999998, 624.5070787999999
1701365114388, 2023-11-30T17:25:14.388Z, 215.4804456, 624.2980366
1701365114402, 2023-11-30T17:25:14.402Z, 205.8526082, 620.276672
1701365114426, 2023-11-30T17:25:14.426Z, 198.519473, 614.0286411999999
1701365114442, 2023-11-30T17:25:14.442Z, 192.5547794, 612.2201574
1701365114458, 2023-11-30T17:25:14.458Z, 184.9151238, 611.7653801999999
1701365114474, 2023-11-30T17:25:14.474Z, 171.00775380000002, 613.7516158
1701365114488, 2023-11-30T17:25:14.488Z, 153.39234820000001, 616.3289246
1701365114504, 2023-11-30T17:25:14.504Z, 138.99220839999998, 618.9197734
1701365114524, 2023-11-30T17:25:14.524Z, 137.7696718, 618.1847902
1701365114539, 2023-11-30T17:25:14.539Z, 135.75312860000003, 617.9255863999999
1701365114553, 2023-11-30T17:25:14.553Z, 137.3819138, 617.3490664
1701365114583, 2023-11-30T17:25:14.583Z, 142.58939759999998, 610.192565
1701365114599, 2023-11-30T17:25:14.599Z, 141.5440104, 605.8738532
1701365114615, 2023-11-30T17:25:14.615Z, 129.9982968, 602.6201942
1701365114630, 2023-11-30T17:25:14.630Z, 126.51874659999999, 599.6534264
1701365114646, 2023-11-30T17:25:14.646Z, 123.67246460000001, 594.5794532
1701365114672, 2023-11-30T17:25:14.672Z, 129.0060216, 595.3576626
1701365114693, 2023-11-30T17:25:14.693Z, 147.9160472, 590.4436598
1701365114725, 2023-11-30T17:25:14.725Z, 169.5827792, 587.5756242
1701365114741, 2023-11-30T17:25:14.741Z, 182.994077, 586.2456442
1701365114772, 2023-11-30T17:25:14.772Z, 195.9556038, 586.7078896
1701365114787, 2023-11-30T17:25:14.787Z, 199.97705820000002, 588.0129002
1701365114819, 2023-11-30T17:25:14.819Z, 192.74777360000002, 593.5268084
1701365114865, 2023-11-30T17:25:14.865Z, 191.10825919999996, 594.3890592
1701365114881, 2023-11-30T17:25:14.881Z, 193.3598558, 595.6183223999999
1701365114911, 2023-11-30T17:25:14.911Z, 196.8964004, 596.7417232
1701365114928, 2023-11-30T17:25:14.928Z, 202.03582980000002, 597.562145
1701365114958, 2023-11-30T17:25:14.958Z, 212.4972894, 597.4571056
1701365114974, 2023-11-30T17:25:14.974Z, 217.4522834, 600.8740261999999
1701365114990, 2023-11-30T17:25:14.990Z, 226.81216880000002, 603.4029318
1701365115004, 2023-11-30T17:25:15.004Z, 238.8237994, 606.4404644
1701365115020, 2023-11-30T17:25:15.020Z, 252.6646494, 609.4094268
1701365115035, 2023-11-30T17:25:15.035Z, 263.0351416, 611.9623402
1701365115052, 2023-11-30T17:25:15.052Z, 274.9616502, 616.0469422
1701365115066, 2023-11-30T17:25:15.066Z, 282.4769128, 618.829305
1701365115083, 2023-11-30T17:25:15.083Z, 287.76426200000003, 625.1773272
1701365115097, 2023-11-30T17:25:15.097Z, 291.44078260000003, 630.35878
1701365115123, 2023-11-30T17:25:15.123Z, 295.3314888, 635.5181272
1701365115144, 2023-11-30T17:25:15.144Z, 296.6803016, 638.2155338
1701365115160, 2023-11-30T17:25:15.160Z, 296.1870652, 639.5912519999999
1701365115174, 2023-11-30T17:25:15.174Z, 299.5751788, 639.1897240000001
1701365115191, 2023-11-30T17:25:15.191Z, 304.1933702, 638.6816434
1701365115206, 2023-11-30T17:25:15.206Z, 325.534909, 640.7534794000001
1701365115222, 2023-11-30T17:25:15.222Z, 345.6787912, 642.7883761999999
1701365115237, 2023-11-30T17:25:15.237Z, 363.56543819999996, 644.7667194
1701365115253, 2023-11-30T17:25:15.253Z, 382.1427604, 640.9373192
1701365115269, 2023-11-30T17:25:15.269Z, 393.74112679999996, 634.5150922
1701365115299, 2023-11-30T17:25:15.299Z, 391.162811, 626.0564595999999
1701365115314, 2023-11-30T17:25:15.314Z, 390.74900620000005, 618.7438288
1701365115333, 2023-11-30T17:25:15.333Z, 387.887678, 620.2389009999999
1701365115360, 2023-11-30T17:25:15.360Z, 380.2172926, 625.034343
1701365115377, 2023-11-30T17:25:15.377Z, 377.91552620000004, 631.9248744
1701365115408, 2023-11-30T17:25:15.408Z, 372.8972944, 638.6686788000001
1701365115422, 2023-11-30T17:25:15.422Z, 367.07404979999995, 644.6300896
1701365115437, 2023-11-30T17:25:15.437Z, 362.99679660000004, 646.83785
1701365115454, 2023-11-30T17:25:15.454Z, 353.73438480000004, 652.5373562
1701365115468, 2023-11-30T17:25:15.468Z, 338.8005666, 659.40336
1701365115484, 2023-11-30T17:25:15.484Z, 317.18436660000003, 666.1976358
1701365115500, 2023-11-30T17:25:15.500Z, 292.7151238, 673.227074
1701365115515, 2023-11-30T17:25:15.515Z, 281.83955660000004, 671.0159308
1701365115530, 2023-11-30T17:25:15.530Z, 284.25947299999996, 662.9715368
1701365115546, 2023-11-30T17:25:15.546Z, 287.9806868, 655.6408976
1701365115572, 2023-11-30T17:25:15.572Z, 273.7982512, 648.8695756
1701365115592, 2023-11-30T17:25:15.592Z, 253.06775220000003, 645.3593688
1701365115608, 2023-11-30T17:25:15.608Z, 214.22537079999998, 644.3653942
1701365115623, 2023-11-30T17:25:15.623Z, 168.5326528, 647.5534166
1701365115638, 2023-11-30T17:25:15.638Z, 127.14992099999999, 649.9288854
1701365115654, 2023-11-30T17:25:15.654Z, 108.39240400000001, 649.7344228
1701365115668, 2023-11-30T17:25:15.668Z, 98.8009958, 646.0359492
1701365115684, 2023-11-30T17:25:15.684Z, 100.82205379999999, 645.7544086
1701365115699, 2023-11-30T17:25:15.699Z, 101.11688, 643.5418654000001
1701365115718, 2023-11-30T17:25:15.718Z, 102.2751774, 641.071918
1701365115739, 2023-11-30T17:25:15.739Z, 108.0307558, 642.3207786
1701365115760, 2023-11-30T17:25:15.760Z, 117.5057212, 645.990282
1701365115775, 2023-11-30T17:25:15.775Z, 125.96667399999998, 650.1306400000001
1701365115791, 2023-11-30T17:25:15.791Z, 137.72109419999998, 653.8847562000001
1701365115806, 2023-11-30T17:25:15.806Z, 150.82793979999997, 659.0327468
1701365115823, 2023-11-30T17:25:15.823Z, 160.96778279999998, 662.8455116
1701365115839, 2023-11-30T17:25:15.839Z, 170.4373744, 663.7544394
1701365115853, 2023-11-30T17:25:15.853Z, 180.16679440000001, 663.7206274
1701365115873, 2023-11-30T17:25:15.873Z, 189.7881778, 663.7519376
1701365115899, 2023-11-30T17:25:15.899Z, 195.916954, 664.9603422
1701365115917, 2023-11-30T17:25:15.917Z, 202.86220840000001, 663.7151392
1701365115930, 2023-11-30T17:25:15.930Z, 203.8810852, 663.4159886
1701365115945, 2023-11-30T17:25:15.945Z, 201.17811220000002, 662.418177
1701365115978, 2023-11-30T17:25:15.978Z, 196.5634904, 662.3144316
1701365115993, 2023-11-30T17:25:15.993Z, 191.6319598, 660.367401
1701367077008, 2023-11-30T17:57:57.008Z, 217.464516, 564.581768
1701367077086, 2023-11-30T17:57:57.086Z, 121.284029, 669.286175
1701367077340, 2023-11-30T17:57:57.340Z, 87.27773333333334, 663.8048993333333
1701367078595, 2023-11-30T17:57:58.595Z, 114.04425075, 681.2184412500001
1701367078610, 2023-11-30T17:57:58.610Z, 131.62922840000002, 692.0536330000001
1701367078625, 2023-11-30T17:57:58.625Z, 124.3623916, 716.5065556000001
1701367078644, 2023-11-30T17:57:58.644Z, 136.740413, 694.5991188
1701367078673, 2023-11-30T17:57:58.673Z, 151.322995, 697.1315913999999
1701367078689, 2023-11-30T17:57:58.689Z, 118.70812659999999, 680.2366054
1701367078704, 2023-11-30T17:57:58.704Z, 94.63621459999999, 665.3445542
1701367078720, 2023-11-30T17:57:58.720Z, 75.4657224, 664.8447474
1701367078905, 2023-11-30T17:57:58.905Z, 289.268921, 535.0537766
1701367078950, 2023-11-30T17:57:58.950Z, 500.62975960000006, 405.97989620000004
1701367079012, 2023-11-30T17:57:59.012Z, 720.9215222, 295.208956
1701367079027, 2023-11-30T17:57:59.027Z, 929.9119304, 191.71853280000002
1701367079043, 2023-11-30T17:57:59.043Z, 1136.6764758, 86.273338
1701367079073, 2023-11-30T17:57:59.073Z, 1123.8733886, 118.9660672
1701367079088, 2023-11-30T17:57:59.088Z, 1102.2823202, 148.943569
1701367079120, 2023-11-30T17:57:59.120Z, 1089.2017076, 165.21298760000002
1701367079166, 2023-11-30T17:57:59.166Z, 1075.7529916, 173.73943360000004
1701367079166, 2023-11-30T17:57:59.166Z, 1056.6715268000003, 177.42293239999998
1701367079182, 2023-11-30T17:57:59.182Z, 1029.6076536, 175.5559438
1701367079214, 2023-11-30T17:57:59.214Z, 1021.6771998, 176.66294399999998
1701367079229, 2023-11-30T17:57:59.229Z, 990.5352388000001, 179.4116772
1701367079245, 2023-11-30T17:57:59.245Z, 960.6041233999998, 181.0144752
1701367079288, 2023-11-30T17:57:59.288Z, 919.0834795999999, 190.53322599999998
1701367079478, 2023-11-30T17:57:59.478Z, 741.9970190000001, 232.3446656
1701367079524, 2023-11-30T17:57:59.524Z, 560.7312362, 272.1632984
1701367079571, 2023-11-30T17:57:59.571Z, 396.99429740000005, 307.868961
1701367079777, 2023-11-30T17:57:59.777Z, 262.9268706, 327.1036056
1701367079791, 2023-11-30T17:57:59.791Z, 218.3697752, 328.19226319999996
1701367079806, 2023-11-30T17:57:59.806Z, 326.197077, 300.89853859999994
1701367079821, 2023-11-30T17:57:59.821Z, 435.8525006, 276.25273100000004
1701367079836, 2023-11-30T17:57:59.836Z, 547.0932782, 253.2813204
1701367079853, 2023-11-30T17:57:59.853Z, 628.55888, 244.10913220000003
1701367079868, 2023-11-30T17:57:59.868Z, 638.9055452, 246.96326119999998
1701367079885, 2023-11-30T17:57:59.885Z, 647.0048908000001, 249.22747679999998
1701367079915, 2023-11-30T17:57:59.915Z, 648.6115674, 251.2148596
1701367079931, 2023-11-30T17:57:59.931Z, 649.289742, 252.299539
1701367079948, 2023-11-30T17:57:59.948Z, 649.773847, 252.47155619999998
1701367079963, 2023-11-30T17:57:59.963Z, 662.8821054000001, 251.5206546
1701367079995, 2023-11-30T17:57:59.995Z, 703.8486736000001, 239.48225459999998
1701367080011, 2023-11-30T17:58:00.011Z, 759.7095843999999, 223.9878084
1701367080041, 2023-11-30T17:58:00.041Z, 818.5234397999999, 210.9911848
1701367080057, 2023-11-30T17:58:00.057Z, 935.1420392, 206.003681
1701367080088, 2023-11-30T17:58:00.088Z, 1008.9789056000002, 199.74338600000002
1701367080106, 2023-11-30T17:58:00.106Z, 1071.6227058, 203.8322586
1701367080136, 2023-11-30T17:58:00.136Z, 1099.9722548, 207.20860000000002
1701367080156, 2023-11-30T17:58:00.156Z, 1119.6114893999998, 208.4178916
1701367080215, 2023-11-30T17:58:00.215Z, 1076.7876558, 202.2213122
1701367080232, 2023-11-30T17:58:00.232Z, 1040.498727, 190.0420928
1701367080246, 2023-11-30T17:58:00.246Z, 983.953873, 177.9945846
1701367080278, 2023-11-30T17:58:00.278Z, 946.6855552000001, 168.8556986
1701367080294, 2023-11-30T17:58:00.294Z, 914.6652214, 159.9001512
1701367080310, 2023-11-30T17:58:00.310Z, 884.5261598, 152.4904578
1701367080334, 2023-11-30T17:58:00.334Z, 880.8077628000001, 153.62371339999999
1701367080352, 2023-11-30T17:58:00.352Z, 882.1144372000001, 152.5638818
1701367080372, 2023-11-30T17:58:00.372Z, 886.9204788, 152.4678984
1701367080388, 2023-11-30T17:58:00.388Z, 895.5526106000001, 153.1912332
1701367080403, 2023-11-30T17:58:00.403Z, 909.08379, 152.8314542
1701367080419, 2023-11-30T17:58:00.419Z, 933.9338696000001, 155.0001188
1701367080435, 2023-11-30T17:58:00.435Z, 963.1550917999999, 159.36630599999998
1701367080451, 2023-11-30T17:58:00.451Z, 985.7278309999999, 161.4579642
1701367080465, 2023-11-30T17:58:00.465Z, 1008.0800773999999, 164.2469142
1701367080488, 2023-11-30T17:58:00.488Z, 1032.038564, 172.5402364
1701367080513, 2023-11-30T17:58:00.514Z, 1049.5842699999998, 184.9263076
1701367080528, 2023-11-30T17:58:00.528Z, 1064.8756018, 204.3583212
1701367080549, 2023-11-30T17:58:00.549Z, 1090.6370422, 228.52503040000002
1701367080558, 2023-11-30T17:58:00.558Z, 1133.0524414, 254.81103080000003
1701367080574, 2023-11-30T17:58:00.574Z, 1170.7450780000001, 276.9015316
1701367080590, 2023-11-30T17:58:00.590Z, 1202.2206978000002, 293.5641392
1701367080606, 2023-11-30T17:58:00.606Z, 1227.1800588, 302.2942058
1701367080620, 2023-11-30T17:58:00.620Z, 1236.7352346000002, 312.40253739999997
1701367080640, 2023-11-30T17:58:00.640Z, 1226.8568452, 318.45519060000004
1701367080666, 2023-11-30T17:58:00.666Z, 1218.4326506, 324.2444148
1701367080682, 2023-11-30T17:58:00.682Z, 1210.8169808, 331.1097188
1701367080701, 2023-11-30T17:58:00.701Z, 1202.5261692, 338.225715
1701367080730, 2023-11-30T17:58:00.730Z, 1201.9320308000001, 340.53674179999996
1701367080744, 2023-11-30T17:58:00.744Z, 1201.7171466, 342.9610576
1701367080761, 2023-11-30T17:58:00.761Z, 1201.4573452, 346.2983748
1701367080786, 2023-11-30T17:58:00.786Z, 1201.4353156000002, 345.6325922
1701367080803, 2023-11-30T17:58:00.803Z, 1205.6726482, 343.76462460000005
1701367080822, 2023-11-30T17:58:00.822Z, 1228.4976035999998, 347.12192319999997
1701367080837, 2023-11-30T17:58:00.837Z, 1250.1734698, 350.6452914
1701367080852, 2023-11-30T17:58:00.852Z, 1277.3844628, 353.5819986
1701367080868, 2023-11-30T17:58:00.868Z, 1319.1298169999998, 364.833347
1701367080883, 2023-11-30T17:58:00.883Z, 1353.1364572, 374.91696680000007
1701367080898, 2023-11-30T17:58:00.898Z, 1370.5670278, 378.37554680000005
1701367080914, 2023-11-30T17:58:00.914Z, 1388.9208962, 381.5686074000001
1701367080940, 2023-11-30T17:58:00.940Z, 1401.0602746, 383.90754499999997
1701367080961, 2023-11-30T17:58:00.961Z, 1395.4985634, 379.6761366
1701367080977, 2023-11-30T17:58:00.977Z, 1381.5546504000001, 376.01979719999997
1701367080991, 2023-11-30T17:58:00.991Z, 1375.3283902, 375.0699756
1701370352344, 2023-11-30T18:52:32.344Z, 71.51885, 662.217946
1701370352359, 2023-11-30T18:52:32.359Z, 67.722374, 672.2290985
1701370352389, 2023-11-30T18:52:32.389Z, 66.625213, 683.7392393333333
1701370352420, 2023-11-30T18:52:32.420Z, 66.0351085, 692.196796
1701370352437, 2023-11-30T18:52:32.437Z, 65.0914712, 697.2628011999999
1701370352469, 2023-11-30T18:52:32.469Z, 62.6536558, 710.2859186
1701370352485, 2023-11-30T18:52:32.485Z, 61.860058200000005, 719.5937736
1701370352516, 2023-11-30T18:52:32.516Z, 59.1445878, 725.5344768
1701370352531, 2023-11-30T18:52:32.531Z, 54.147673399999995, 732.8283886
1701370352546, 2023-11-30T18:52:32.546Z, 49.0940696, 741.5769464
1701370352560, 2023-11-30T18:52:32.560Z, 44.3806118, 748.9015348
1701370352605, 2023-11-30T18:52:32.605Z, 37.4997862, 760.9808696
1701370352640, 2023-11-30T18:52:32.640Z, 31.666862400000003, 772.0544108
1701370352654, 2023-11-30T18:52:32.654Z, 27.600637799999998, 779.7700496
1701370352686, 2023-11-30T18:52:32.686Z, 24.2149078, 786.098452
1701370352702, 2023-11-30T18:52:32.702Z, 21.0590828, 791.7893098000001
1701370352733, 2023-11-30T18:52:32.733Z, 20.2288566, 793.8103102000001
1701370352783, 2023-11-30T18:52:32.783Z, 23.230332600000004, 795.8393376
1701370352999, 2023-11-30T18:52:32.999Z, 32.7591412, 773.4820984
1701370353014, 2023-11-30T18:52:33.014Z, 49.1800754, 750.53856
1701370353051, 2023-11-30T18:52:33.051Z, 67.16549599999999, 727.6345825999999
1701370353232, 2023-11-30T18:52:33.232Z, 71.73331160000001, 706.2846768
1701370353312, 2023-11-30T18:52:33.312Z, 81.8102494, 696.0572735999999
1701370353326, 2023-11-30T18:52:33.326Z, 86.501046, 710.2764897999999
1701370353350, 2023-11-30T18:52:33.350Z, 83.1374988, 722.3007002
1701370353547, 2023-11-30T18:52:33.547Z, 63.858537999999996, 724.0161403999998
1701370353579, 2023-11-30T18:52:33.579Z, 64.5183582, 723.0405846
1701370353593, 2023-11-30T18:52:33.593Z, 76.26754580000001, 706.8039128
1701370353624, 2023-11-30T18:52:33.624Z, 80.9136536, 691.5402722
1701370353670, 2023-11-30T18:52:33.670Z, 82.6848528, 679.4115089999999
1701370353687, 2023-11-30T18:52:33.687Z, 115.75633359999999, 680.7891228
1701370353719, 2023-11-30T18:52:33.719Z, 136.8254702, 669.0499389999999
1701370353735, 2023-11-30T18:52:33.735Z, 152.4579614, 672.1337229999999
1701370353766, 2023-11-30T18:52:33.766Z, 224.1438132, 661.5805333999999
1701370353782, 2023-11-30T18:52:33.782Z, 398.0903542, 629.203269
1701370353799, 2023-11-30T18:52:33.799Z, 565.4267563999999, 581.8538126000001
1701370353814, 2023-11-30T18:52:33.814Z, 730.0609518, 542.499642
1701370353846, 2023-11-30T18:52:33.846Z, 883.7992106000002, 486.81720459999997
1701370353863, 2023-11-30T18:52:33.863Z, 987.9066604, 443.2873574
1701370353888, 2023-11-30T18:52:33.888Z, 994.6077601999999, 420.580079
1701370353907, 2023-11-30T18:52:33.907Z, 990.8531986, 410.1807559999999
1701370353948, 2023-11-30T18:52:33.948Z, 989.1995024, 406.5394356
1701370353982, 2023-11-30T18:52:33.982Z, 994.6240884000001, 410.6928752
1701370353999, 2023-11-30T18:52:33.999Z, 1025.2595176, 420.6303226
1701370354030, 2023-11-30T18:52:34.030Z, 1064.2853676, 433.0121924
1701370354047, 2023-11-30T18:52:34.047Z, 1103.1925582, 445.1038584
1701370354079, 2023-11-30T18:52:34.079Z, 1148.6365952, 455.02027580000004
1701370354124, 2023-11-30T18:52:34.124Z, 1198.787507, 461.308313
1701370354140, 2023-11-30T18:52:34.140Z, 1229.1151054, 459.669941
1701370354158, 2023-11-30T18:52:34.158Z, 1263.4279921999998, 456.16207240000006
1701370354187, 2023-11-30T18:52:34.187Z, 1298.7167452, 453.06770040000004
1701370354203, 2023-11-30T18:52:34.203Z, 1334.1771074, 456.28177159999996
1701370354223, 2023-11-30T18:52:34.223Z, 1355.9925947999998, 461.024313
1701370354250, 2023-11-30T18:52:34.250Z, 1369.4689214, 468.26504839999996
1701370354267, 2023-11-30T18:52:34.267Z, 1342.7022943999998, 466.05139840000004
1701370354298, 2023-11-30T18:52:34.298Z, 1310.7563355999998, 461.2530176
1701370354314, 2023-11-30T18:52:34.314Z, 1276.9294118, 450.13462820000007
1701370354347, 2023-11-30T18:52:34.347Z, 1238.7613286, 438.1868194
1701370354364, 2023-11-30T18:52:34.364Z, 1202.4332122, 426.28518679999996
1701370354399, 2023-11-30T18:52:34.399Z, 1193.7045154, 423.9306432
1701370354440, 2023-11-30T18:52:34.440Z, 1190.1816848, 420.27899180000003
1701370354455, 2023-11-30T18:52:34.455Z, 1187.6511228, 416.4077698
1701370354472, 2023-11-30T18:52:34.472Z, 1187.9573673999998, 412.3330264
1701370354488, 2023-11-30T18:52:34.488Z, 1189.200441, 408.053138
1701370354518, 2023-11-30T18:52:34.518Z, 1188.8426648, 400.9255998
1701370354565, 2023-11-30T18:52:34.565Z, 1186.0593486000002, 398.47755799999993
1701370354581, 2023-11-30T18:52:34.581Z, 1183.395462, 395.89287879999995
1701370354615, 2023-11-30T18:52:34.615Z, 1212.2175578000001, 402.621181
1701370354630, 2023-11-30T18:52:34.630Z, 1253.056851, 413.9514974
1701370354660, 2023-11-30T18:52:34.660Z, 1294.2678634, 429.74521960000004
1701370354675, 2023-11-30T18:52:34.675Z, 1337.4113272, 444.7752472
1701370354697, 2023-11-30T18:52:34.697Z, 1380.0147929999998, 461.44989100000004
1701370354722, 2023-11-30T18:52:34.722Z, 1373.8328411999998, 466.0201924
1701370354754, 2023-11-30T18:52:34.754Z, 1336.5222671999998, 462.765844
1701370354769, 2023-11-30T18:52:34.769Z, 1296.5406662, 457.6355926
1701370354786, 2023-11-30T18:52:34.786Z, 1252.1662104, 450.5141206
1701370354816, 2023-11-30T18:52:34.816Z, 1208.0417228, 442.28416960000004
1701370354862, 2023-11-30T18:52:34.862Z, 1181.450282, 434.1585862
1701370354879, 2023-11-30T18:52:34.879Z, 1172.5441096, 430.67223160000003
1701370354909, 2023-11-30T18:52:34.909Z, 1166.095343, 427.2948738
1701370354925, 2023-11-30T18:52:34.925Z, 1134.8807386, 418.3990624
1701370354940, 2023-11-30T18:52:34.940Z, 1086.309102, 402.98390200000006
1701370354974, 2023-11-30T18:52:34.974Z, 1035.6945586, 389.94279359999996
1701370355019, 2023-11-30T18:52:35.019Z, 976.7256756, 370.3188924
1701370355034, 2023-11-30T18:52:35.034Z, 918.6396996, 350.725691
1701370355066, 2023-11-30T18:52:35.066Z, 924.7318558, 340.7702302
1701370355081, 2023-11-30T18:52:35.081Z, 971.3489872, 337.91461599999997
1701370355114, 2023-11-30T18:52:35.114Z, 1043.9713212, 348.1399828
1701370355130, 2023-11-30T18:52:35.130Z, 1125.0705816, 362.5935108
1701370355169, 2023-11-30T18:52:35.169Z, 1208.047187, 381.9442662
1701370355181, 2023-11-30T18:52:35.181Z, 1249.7010374, 398.34017059999996
1701370355210, 2023-11-30T18:52:35.210Z, 1254.5665094, 417.53859299999993
1701370355224, 2023-11-30T18:52:35.224Z, 1232.1984318, 424.0353274
1701370355259, 2023-11-30T18:52:35.259Z, 1211.6838426, 430.29236720000006
1701370355319, 2023-11-30T18:52:35.319Z, 1187.709087, 428.75733879999996
1701370355334, 2023-11-30T18:52:35.334Z, 1168.3511318, 425.1318008
1701370355350, 2023-11-30T18:52:35.350Z, 1162.6302253999997, 417.6083942
1701370355389, 2023-11-30T18:52:35.389Z, 1159.8372798, 411.3413216
1701370355398, 2023-11-30T18:52:35.398Z, 1156.2008448000001, 406.90315819999995
1701370355429, 2023-11-30T18:52:35.429Z, 1153.058814, 406.06821460000003
1701370355478, 2023-11-30T18:52:35.478Z, 1151.3425724, 407.9684932
1701370355495, 2023-11-30T18:52:35.495Z, 1149.4007056, 410.5544692
1701370355516, 2023-11-30T18:52:35.516Z, 1188.3838144000001, 419.01450000000006
1701370355529, 2023-11-30T18:52:35.529Z, 1232.7019624, 429.3324138
1701370355559, 2023-11-30T18:52:35.559Z, 1281.0399439999999, 440.5808306
1701370355580, 2023-11-30T18:52:35.580Z, 1328.3740564, 452.0496784
1701370355602, 2023-11-30T18:52:35.602Z, 1374.8675668, 463.1304258
1701370355624, 2023-11-30T18:52:35.624Z, 1381.1248658, 466.9936576
1701370355654, 2023-11-30T18:52:35.654Z, 1382.2985046, 467.90405139999996
1701370355674, 2023-11-30T18:52:35.674Z, 1381.6649886, 464.8661684
1701370355702, 2023-11-30T18:52:35.702Z, 1383.0653632, 461.0312166
1701370355718, 2023-11-30T18:52:35.718Z, 1386.7511464000002, 459.058363
1701370355751, 2023-11-30T18:52:35.751Z, 1381.5347637999998, 457.3989648
1701370355778, 2023-11-30T18:52:35.778Z, 1346.9111514, 453.75317780000006
1701370355834, 2023-11-30T18:52:35.834Z, 1318.4032602, 452.04234280000003
1701370355853, 2023-11-30T18:52:35.853Z, 1335.7004118, 450.83988239999996
1701370355889, 2023-11-30T18:52:35.889Z, 1352.7529576, 449.29576080000004
1701370355921, 2023-11-30T18:52:35.921Z, 1377.8322204, 448.9129688
1701370355937, 2023-11-30T18:52:35.937Z, 1433.463758, 450.97893480000005
1701370355979, 2023-11-30T18:52:35.979Z, 1487.6750206000002, 456.23762800000003
1701370355985, 2023-11-30T18:52:35.985Z, 1531.9656206, 467.84437719999994
1701423541290, 2023-12-01T09:39:01.290Z, 68.66522, 439.137791
1701423541305, 2023-12-01T09:39:01.305Z, 65.20966200000001, 447.7511725
1701423541489, 2023-12-01T09:39:01.489Z, 49.324574000000005, 486.56068466666665
1701423541754, 2023-12-01T09:39:01.754Z, 76.0835435, 519.43415075
1701423541789, 2023-12-01T09:39:01.789Z, 91.8604104, 545.1510673999999
1701423541848, 2023-12-01T09:39:01.848Z, 113.3123726, 583.145431
1701423541892, 2023-12-01T09:39:01.892Z, 135.2969602, 617.652913
1701423541941, 2023-12-01T09:39:01.941Z, 167.28783, 640.0009888
1701423542031, 2023-12-01T09:39:02.031Z, 163.3084818, 631.7696705999999
1701423542051, 2023-12-01T09:39:02.051Z, 208.19412199999996, 618.5248186000001
1701423542074, 2023-12-01T09:39:02.074Z, 242.06134000000003, 607.6858488
1701423542104, 2023-12-01T09:39:02.104Z, 276.931897, 596.3413944
1701423542121, 2023-12-01T09:39:02.121Z, 310.5899838, 573.4567504
1701423542137, 2023-12-01T09:39:02.137Z, 350.52534479999997, 568.360832
1701423542196, 2023-12-01T09:39:02.196Z, 342.73375599999997, 562.2206512
1701423542274, 2023-12-01T09:39:02.274Z, 274.5997226, 563.4137949999999
1701423542504, 2023-12-01T09:39:02.504Z, 297.1247102, 566.7542248
1701423542519, 2023-12-01T09:39:02.519Z, 330.9433136, 575.5048469999999
1701423542548, 2023-12-01T09:39:02.548Z, 364.362508, 585.1252211999999
1701423542564, 2023-12-01T09:39:02.564Z, 394.75935300000003, 595.0141796
1701423542582, 2023-12-01T09:39:02.582Z, 491.9957872, 599.008762
1701423542596, 2023-12-01T09:39:02.596Z, 501.1642132, 603.8173976
1701423542640, 2023-12-01T09:39:02.640Z, 499.68351139999993, 606.1035324
1701423542655, 2023-12-01T09:39:02.655Z, 497.66623259999994, 608.8336226
1701423542685, 2023-12-01T09:39:02.685Z, 452.78303940000006, 603.3297134000001
1701423542702, 2023-12-01T09:39:02.702Z, 399.7836976, 599.3284066000001
1701423542719, 2023-12-01T09:39:02.719Z, 340.81926280000005, 593.3007997999999
1701423542733, 2023-12-01T09:39:02.733Z, 280.40156880000006, 586.694919
1701423542748, 2023-12-01T09:39:02.748Z, 224.5771518, 580.6937502
1701423542779, 2023-12-01T09:39:02.779Z, 226.01698000000002, 586.3582882000001
1701423542791, 2023-12-01T09:39:02.791Z, 256.3828284, 592.5885023999999
1701423542807, 2023-12-01T09:39:02.807Z, 309.985338, 600.036442
1701423542823, 2023-12-01T09:39:02.823Z, 365.627556, 607.7178944000001
1701423542838, 2023-12-01T09:39:02.838Z, 424.64175919999997, 615.9869874
1701423542873, 2023-12-01T09:39:02.873Z, 477.7186573999999, 620.8674774000001
1701423542884, 2023-12-01T09:39:02.884Z, 510.28165999999993, 623.7643246
1701423542919, 2023-12-01T09:39:02.919Z, 527.2630604, 626.8418742
1701423542948, 2023-12-01T09:39:02.948Z, 555.3272046, 632.0057982000001
1701423542964, 2023-12-01T09:39:02.964Z, 574.6874908, 630.9967498
1701423542977, 2023-12-01T09:39:02.977Z, 592.380236, 630.1760790000001
1701423542991, 2023-12-01T09:39:02.991Z, 607.7000116, 625.703766
1701423543005, 2023-12-01T09:39:03.005Z, 619.6020416, 619.7271804
1701423543038, 2023-12-01T09:39:03.038Z, 619.4416016, 611.1029914000001
1701423543101, 2023-12-01T09:39:03.101Z, 619.7815181999999, 609.4833496
1701423543131, 2023-12-01T09:39:03.131Z, 604.0630100000001, 606.4691152
1701423543154, 2023-12-01T09:39:03.154Z, 574.7737421999999, 610.4911844000001
1701423543180, 2023-12-01T09:39:03.180Z, 540.094377, 620.0385342
1701423543191, 2023-12-01T09:39:03.191Z, 504.53461720000007, 630.874341
1701423543239, 2023-12-01T09:39:03.239Z, 476.90864200000004, 639.422648
1701423543283, 2023-12-01T09:39:03.283Z, 468.783542, 651.9191458
1701423543329, 2023-12-01T09:39:03.329Z, 489.9279772, 660.075836
1701423543388, 2023-12-01T09:39:03.388Z, 558.647142, 659.9937729999999
1701423543402, 2023-12-01T09:39:03.402Z, 636.6038206, 660.6525804
1701423543419, 2023-12-01T09:39:03.419Z, 710.625909, 660.495661
1701423543434, 2023-12-01T09:39:03.434Z, 777.5718392000001, 656.453248
1701423543450, 2023-12-01T09:39:03.450Z, 824.4426379999999, 650.575329
1701423543466, 2023-12-01T09:39:03.466Z, 828.4504149999999, 647.1215414000001
1701423543481, 2023-12-01T09:39:03.481Z, 824.3293194, 653.290493
1701423543496, 2023-12-01T09:39:03.496Z, 818.2472995999999, 663.1935043999999
1701423543532, 2023-12-01T09:39:03.532Z, 769.1322643999999, 662.5268616000001
1701423543557, 2023-12-01T09:39:03.557Z, 713.2294688, 659.9193462
1701423543588, 2023-12-01T09:39:03.588Z, 651.2477362000001, 650.6483168
1701423543603, 2023-12-01T09:39:03.603Z, 615.4946094, 624.5985467999999
1701423543634, 2023-12-01T09:39:03.634Z, 576.662226, 598.5506002
1701423543648, 2023-12-01T09:39:03.648Z, 568.5955052, 586.414446
1701423543773, 2023-12-01T09:39:03.773Z, 615.2231822, 581.1725666
1701423543822, 2023-12-01T09:39:03.822Z, 717.4774012, 590.3000328
1701423543849, 2023-12-01T09:39:03.849Z, 785.9675430000001, 603.2372948
1701423543864, 2023-12-01T09:39:03.864Z, 853.8670147999999, 612.7890138
1701423543897, 2023-12-01T09:39:03.897Z, 929.6411631999999, 616.4449898
1701423543914, 2023-12-01T09:39:03.914Z, 964.1828532, 618.6580587999999
1701423543941, 2023-12-01T09:39:03.941Z, 947.3223994, 611.5191568
1701423543985, 2023-12-01T09:39:03.985Z, 914.9321076, 604.960189
1701423544001, 2023-12-01T09:39:04.001Z, 842.935072, 595.6019692
1701423544031, 2023-12-01T09:39:04.031Z, 776.5616052, 588.9685354000001
1701423544045, 2023-12-01T09:39:04.045Z, 737.3504495999999, 582.9351264
1701423544078, 2023-12-01T09:39:04.078Z, 693.763878, 578.6592966000001
1701423544092, 2023-12-01T09:39:04.092Z, 672.13967, 577.1340972
1701423544137, 2023-12-01T09:39:04.137Z, 657.3618524, 586.2174612
1701423544184, 2023-12-01T09:39:04.184Z, 571.0312233999999, 584.2727256000001
1701423544216, 2023-12-01T09:39:04.216Z, 425.0579698, 585.3846972
1701423544273, 2023-12-01T09:39:04.273Z, 283.1933592, 596.428651
1701423544296, 2023-12-01T09:39:04.296Z, 142.0681534, 605.7112222000001
1701423544322, 2023-12-01T09:39:04.322Z, 76.7140938, 599.4911326
1701423544351, 2023-12-01T09:39:04.351Z, 99.5364354, 601.0867462
1701423544368, 2023-12-01T09:39:04.368Z, 157.0380762, 599.5788308
1701423544385, 2023-12-01T09:39:04.385Z, 217.2660556, 588.6500652000001
1701423544398, 2023-12-01T09:39:04.398Z, 275.67071020000003, 578.8336604
1701423544444, 2023-12-01T09:39:04.444Z, 296.00674979999997, 578.2538124
1701423544461, 2023-12-01T09:39:04.461Z, 286.7342968, 581.472667
1701423544487, 2023-12-01T09:39:04.487Z, 228.12989300000004, 594.9490708
1701423544503, 2023-12-01T09:39:04.503Z, 167.5433248, 608.33628
1701423544534, 2023-12-01T09:39:04.534Z, 109.7141806, 621.6182658
1701423544550, 2023-12-01T09:39:04.550Z, 54.293255, 635.6626706000001
1701423544570, 2023-12-01T09:39:04.570Z, 11.0898746, 650.2465304
1701423544595, 2023-12-01T09:39:04.595Z, 37.704220400000004, 645.3116128
1701423544611, 2023-12-01T09:39:04.611Z, 83.64779080000001, 642.0358196
1701423544646, 2023-12-01T09:39:04.646Z, 130.3545282, 640.5667272000001
1701423544656, 2023-12-01T09:39:04.656Z, 190.0489036, 635.5126614
1701423544673, 2023-12-01T09:39:04.673Z, 248.0261564, 629.4431726
1701423544720, 2023-12-01T09:39:04.720Z, 282.65791920000004, 627.923628
1701423544751, 2023-12-01T09:39:04.751Z, 299.5086188, 624.3218946
1701423544765, 2023-12-01T09:39:04.765Z, 308.2365902, 622.8496572
1701423544778, 2023-12-01T09:39:04.778Z, 301.9472506, 623.867161
1701423544810, 2023-12-01T09:39:04.810Z, 299.9344618, 629.528465
1701423544823, 2023-12-01T09:39:04.823Z, 303.29424439999997, 642.334287
1701423544839, 2023-12-01T09:39:04.839Z, 309.014327, 656.7243704
1701423544883, 2023-12-01T09:39:04.883Z, 322.26902359999997, 665.7836594
1701423544916, 2023-12-01T09:39:04.916Z, 313.9449022, 671.833526
1701423544946, 2023-12-01T09:39:04.946Z, 256.7102356, 675.1597388
1701423544962, 2023-12-01T09:39:04.962Z, 196.55366239999998, 675.8257264
1701423544979, 2023-12-01T09:39:04.979Z, 137.59547139999998, 675.0528397999999
1701423544994, 2023-12-01T09:39:04.994Z, 84.33864779999999, 674.1883531999999
1701423545022, 2023-12-01T09:39:05.022Z, 65.1122498, 676.2987286
1701423545036, 2023-12-01T09:39:05.036Z, 96.84589500000001, 678.1827746
1701423545070, 2023-12-01T09:39:05.070Z, 130.92141080000002, 676.3059106000001
1701423545082, 2023-12-01T09:39:05.082Z, 161.82941739999998, 677.0026657999999
1701423545114, 2023-12-01T09:39:05.114Z, 188.4942954, 675.1748684
1701423545129, 2023-12-01T09:39:05.129Z, 207.49775319999998, 676.4458652000001
1701423545165, 2023-12-01T09:39:05.165Z, 224.8437442, 666.6449742000001
1701423545177, 2023-12-01T09:39:05.177Z, 237.77218780000004, 665.8298452
1701423545194, 2023-12-01T09:39:05.194Z, 268.33690020000006, 649.187074
1701423545224, 2023-12-01T09:39:05.224Z, 306.104853, 635.4812326
1701423545238, 2023-12-01T09:39:05.238Z, 357.4234468, 614.4101356
1701423545251, 2023-12-01T09:39:05.251Z, 413.44030080000005, 603.5798084
1701423545267, 2023-12-01T09:39:05.267Z, 472.23876540000003, 586.8040632
1701423545281, 2023-12-01T09:39:05.281Z, 516.4716845999999, 584.3797538
1701423545296, 2023-12-01T09:39:05.296Z, 549.3766447999999, 580.3281198000001
1701423545346, 2023-12-01T09:39:05.346Z, 566.642126, 583.019235
1701423545360, 2023-12-01T09:39:05.360Z, 570.1626303999999, 584.737845
1701423545374, 2023-12-01T09:39:05.374Z, 531.199102, 580.7816982
1701423545407, 2023-12-01T09:39:05.407Z, 486.47698959999997, 574.7787374000001
1701423545421, 2023-12-01T09:39:05.421Z, 442.80491240000003, 569.9774534000001
1701423545437, 2023-12-01T09:39:05.437Z, 401.13337199999995, 559.92138
1701423545466, 2023-12-01T09:39:05.466Z, 367.0087952, 549.4870342
1701423545497, 2023-12-01T09:39:05.497Z, 379.93132380000003, 541.538061
1701423545521, 2023-12-01T09:39:05.521Z, 395.36947940000005, 533.3368738
1701423545544, 2023-12-01T09:39:05.544Z, 410.52181499999995, 525.4453444
1701423545578, 2023-12-01T09:39:05.578Z, 383.28854160000003, 521.7621839999999
1701423545620, 2023-12-01T09:39:05.620Z, 378.7737244, 511.86851459999997
1701423545638, 2023-12-01T09:39:05.638Z, 362.5929104, 505.64158720000006
1701423545650, 2023-12-01T09:39:05.650Z, 381.8650294, 488.75698739999996
1701423545665, 2023-12-01T09:39:05.665Z, 401.9838956, 472.5018002
1701423545683, 2023-12-01T09:39:05.683Z, 459.29323880000004, 454.95633339999995
1701423545696, 2023-12-01T09:39:05.696Z, 490.6115310000001, 444.97802679999995
1701423545712, 2023-12-01T09:39:05.712Z, 526.774609, 433.6556498
1701423545727, 2023-12-01T09:39:05.727Z, 526.9406524, 433.38464940000006
1701423545743, 2023-12-01T09:39:05.743Z, 528.9614674, 427.9144243999999
1701423545788, 2023-12-01T09:39:05.788Z, 531.3953452, 420.5749284
1701423545804, 2023-12-01T09:39:05.804Z, 523.7271842, 410.1214346
1701423545820, 2023-12-01T09:39:05.820Z, 466.6771232, 389.4780622
1701423545834, 2023-12-01T09:39:05.834Z, 399.829296, 364.14437819999995
1701423545848, 2023-12-01T09:39:05.848Z, 337.5863988, 339.2869184
1701423545879, 2023-12-01T09:39:05.879Z, 278.2541068, 316.3476364
1701423545896, 2023-12-01T09:39:05.896Z, 233.90614100000002, 296.3540646
1701423545928, 2023-12-01T09:39:05.928Z, 238.8694372, 287.362663
1701423545943, 2023-12-01T09:39:05.943Z, 253.0751208, 284.44016320000003
1701423545972, 2023-12-01T09:39:05.972Z, 261.5730936, 287.6685234
1701423545988, 2023-12-01T09:39:05.988Z, 267.6030784, 291.9711262
1701423546017, 2023-12-01T09:39:06.017Z, 271.49493640000003, 296.9486968
1701423546033, 2023-12-01T09:39:06.033Z, 276.68611619999996, 301.2501796
1701423546068, 2023-12-01T09:39:06.068Z, 283.3553738, 303.8377856
1701423546108, 2023-12-01T09:39:06.108Z, 288.2163418, 306.42038420000006
1701423546127, 2023-12-01T09:39:06.127Z, 292.6114576, 308.1932882
1701423546154, 2023-12-01T09:39:06.154Z, 295.0946664, 308.592894
1701423546168, 2023-12-01T09:39:06.168Z, 295.9593658, 309.4625182
1701423546198, 2023-12-01T09:39:06.198Z, 294.33076220000004, 313.20271099999997
1701423546245, 2023-12-01T09:39:06.245Z, 292.1048538, 315.70314079999997
1701423546260, 2023-12-01T09:39:06.260Z, 290.7886004, 318.88585919999997
1701423546276, 2023-12-01T09:39:06.276Z, 288.9161136, 322.31764219999997
1701423546306, 2023-12-01T09:39:06.306Z, 288.29832419999997, 325.4510358
1701423546323, 2023-12-01T09:39:06.323Z, 282.24896079999996, 323.3067864
1701423546336, 2023-12-01T09:39:06.336Z, 277.9007614, 320.91490120000003
1701423546432, 2023-12-01T09:39:06.432Z, 220.69443060000003, 336.78823620000003
1701423546460, 2023-12-01T09:39:06.460Z, 166.7765282, 361.5032152
1701423546477, 2023-12-01T09:39:06.477Z, 109.4041138, 389.37131120000004
1701423546515, 2023-12-01T09:39:06.515Z, 68.5121062, 425.36906960000005
1701423546551, 2023-12-01T09:39:06.551Z, 76.93205320000001, 453.71339939999996
1701423546567, 2023-12-01T09:39:06.567Z, 139.318083, 455.9957756
1701423546597, 2023-12-01T09:39:06.597Z, 200.9085382, 445.77467379999996
1701423546614, 2023-12-01T09:39:06.614Z, 265.8209754, 432.0930342
1701423546644, 2023-12-01T09:39:06.644Z, 325.078917, 409.3132324
1701423546690, 2023-12-01T09:39:06.690Z, 313.7176068, 398.7306970000001
1701423546752, 2023-12-01T09:39:06.752Z, 255.03855480000001, 400.72612100000003
1701423546782, 2023-12-01T09:39:06.782Z, 212.0680084, 397.6277624
1701423546796, 2023-12-01T09:39:06.796Z, 162.85476860000003, 401.8590486
1701423546994, 2023-12-01T09:39:06.994Z, 154.9748256, 406.26623820000003
1701423547011, 2023-12-01T09:39:07.011Z, 179.3182286, 414.26993380000005
1701423547041, 2023-12-01T09:39:07.041Z, 248.85672480000002, 419.1725056
1701423547056, 2023-12-01T09:39:07.056Z, 301.742953, 431.54939299999995
1701423547086, 2023-12-01T09:39:07.086Z, 373.10900180000004, 435.1277218
1701423547132, 2023-12-01T09:39:07.132Z, 381.3672514, 446.406019
1701423547148, 2023-12-01T09:39:07.148Z, 334.0016284, 458.3107242
1701423547178, 2023-12-01T09:39:07.178Z, 286.37329880000004, 467.541509
1701423547194, 2023-12-01T09:39:07.194Z, 249.51975399999998, 474.98407019999996
1701423547227, 2023-12-01T09:39:07.227Z, 200.224873, 484.19440380000003
1701423547242, 2023-12-01T09:39:07.242Z, 170.39044800000002, 488.3876738
1701423547426, 2023-12-01T09:39:07.426Z, 276.1182932, 527.0392546
1701423547457, 2023-12-01T09:39:07.457Z, 361.3969542000001, 539.5491938
1701423547472, 2023-12-01T09:39:07.472Z, 437.7036674, 551.7351778
1701423547490, 2023-12-01T09:39:07.490Z, 516.337552, 561.1154832
1701423547520, 2023-12-01T09:39:07.520Z, 593.3864606, 572.02217
1701423547536, 2023-12-01T09:39:07.536Z, 580.7953502, 535.9196758
1701423547595, 2023-12-01T09:39:07.595Z, 581.0147504, 528.8742088
1701423547626, 2023-12-01T09:39:07.626Z, 550.6846946, 522.8295412
1701423547642, 2023-12-01T09:39:07.642Z, 503.6225922, 516.5208178
1701423547670, 2023-12-01T09:39:07.670Z, 456.96957940000004, 510.3449681999999
1701423547685, 2023-12-01T09:39:07.685Z, 405.92485339999996, 508.277346
1701423547887, 2023-12-01T09:39:07.887Z, 378.7739034, 533.9932412
1701423547903, 2023-12-01T09:39:07.903Z, 360.3627352, 559.9658446
1701423547950, 2023-12-01T09:39:07.950Z, 356.993614, 583.0861173999999
1701423547964, 2023-12-01T09:39:07.964Z, 354.32509300000004, 603.1423027999999
1701423547996, 2023-12-01T09:39:07.996Z, 354.5416736, 623.6423246
1701426242656, 2023-12-01T10:24:02.656Z, 448.600572, 525.884269
1701426242671, 2023-12-01T10:24:02.671Z, 443.6848855, 521.455492
1701426242685, 2023-12-01T10:24:02.685Z, 441.64165733333334, 518.3241773333334
1701426242705, 2023-12-01T10:24:02.705Z, 450.73320125, 519.3239735000001
1701426242732, 2023-12-01T10:24:02.732Z, 459.376814, 520.4614082
1701426242748, 2023-12-01T10:24:02.748Z, 475.8224408, 521.3844738
1701426242765, 2023-12-01T10:24:02.765Z, 499.0438754, 525.554665
1701426242780, 2023-12-01T10:24:02.780Z, 519.6500394000001, 529.7651956
1701426242796, 2023-12-01T10:24:02.796Z, 530.386401, 532.1493874
1701426242828, 2023-12-01T10:24:02.828Z, 541.4103752, 534.7750808000001
1701426242856, 2023-12-01T10:24:02.856Z, 547.076217, 533.1409872
1701426242876, 2023-12-01T10:24:02.876Z, 547.7026902, 531.5861892
1701426242892, 2023-12-01T10:24:02.892Z, 554.9829821999999, 530.6933386000001
1701426242907, 2023-12-01T10:24:02.907Z, 564.2077472, 530.3358582000001
1701426242922, 2023-12-01T10:24:02.922Z, 570.6849663999999, 529.6613688
1701426242938, 2023-12-01T10:24:02.938Z, 577.1352138, 530.7573552
1701426242953, 2023-12-01T10:24:02.953Z, 584.4594577999999, 528.8365551999999
1701426242969, 2023-12-01T10:24:02.969Z, 585.875906, 529.4682460000001
1701426242983, 2023-12-01T10:24:02.983Z, 583.8439586, 531.1733514
1701426243000, 2023-12-01T10:24:03.000Z, 579.7567076, 532.6947084000001
1701426243018, 2023-12-01T10:24:03.018Z, 571.2905585999999, 533.7422885999999
1701426243046, 2023-12-01T10:24:03.046Z, 566.2866443999999, 532.7974494
1701426243062, 2023-12-01T10:24:03.062Z, 564.197002, 529.8076818
1701426243097, 2023-12-01T10:24:03.097Z, 574.5804214, 522.9121216
1701426243110, 2023-12-01T10:24:03.110Z, 586.3502602, 516.473451
1701426243126, 2023-12-01T10:24:03.126Z, 603.1703906, 511.4649417999999
1701426243174, 2023-12-01T10:24:03.174Z, 626.6127051999999, 505.38475159999996
1701426243206, 2023-12-01T10:24:03.206Z, 654.8094344, 494.7610506
1701426243362, 2023-12-01T10:24:03.362Z, 545.141468, 516.0599920000001
1701426243378, 2023-12-01T10:24:03.378Z, 427.1674018, 529.8896114
1701426243394, 2023-12-01T10:24:03.394Z, 302.6491734, 540.1185462
1701426243410, 2023-12-01T10:24:03.410Z, 171.5915058, 555.871427
1701426243424, 2023-12-01T10:24:03.424Z, 32.084672999999995, 575.9632512000001
1701426243441, 2023-12-01T10:24:03.441Z, 21.1677976, 566.4682074
1701426243466, 2023-12-01T10:24:03.466Z, 22.082779799999997, 565.8448222
1701426243493, 2023-12-01T10:24:03.493Z, 24.880247399999995, 571.2520206
1701426243506, 2023-12-01T10:24:03.506Z, 22.897116399999998, 574.9367728
1701426243526, 2023-12-01T10:24:03.526Z, 25.453598200000002, 577.5379691999999
1701426243555, 2023-12-01T10:24:03.555Z, 24.2470828, 579.8813738
1701426243583, 2023-12-01T10:24:03.583Z, 19.8441452, 584.903047
1701426243606, 2023-12-01T10:24:03.606Z, 19.3397626, 589.0871836
1701426243629, 2023-12-01T10:24:03.629Z, 22.8862976, 593.4020422
1701426243644, 2023-12-01T10:24:03.644Z, 22.193910000000002, 600.1232184
1701426243660, 2023-12-01T10:24:03.660Z, 22.4633064, 607.4957812
1701426243676, 2023-12-01T10:24:03.676Z, 29.8411246, 610.6651274
1701426243677, 2023-12-01T10:24:03.677Z, 34.568984400000005, 612.7107063999999
1701426243693, 2023-12-01T10:24:03.693Z, 31.0264582, 614.7864182000001
1701426243724, 2023-12-01T10:24:03.724Z, 31.1785026, 616.4384736
1701426243800, 2023-12-01T10:24:03.800Z, 33.693342799999996, 613.1514642
1701426243817, 2023-12-01T10:24:03.817Z, 26.2926722, 608.9612088
1701426243831, 2023-12-01T10:24:03.831Z, 22.1097836, 604.714353
1701426243848, 2023-12-01T10:24:03.848Z, 26.567653200000002, 602.2189832
1701426243864, 2023-12-01T10:24:03.864Z, 28.378635799999994, 598.9688666
1701426243879, 2023-12-01T10:24:03.879Z, 30.3682822, 599.7003113999999
1701426243901, 2023-12-01T10:24:03.901Z, 31.1331328, 600.4334448
1701426243918, 2023-12-01T10:24:03.918Z, 31.642082199999997, 602.0975361999999
1701426243941, 2023-12-01T10:24:03.941Z, 31.2447422, 603.0012276
1701426243957, 2023-12-01T10:24:03.957Z, 33.2195582, 605.0357879999999
1701426243973, 2023-12-01T10:24:03.973Z, 35.802133600000005, 607.6007168
1701426243992, 2023-12-01T10:24:03.992Z, 52.2632428, 610.8726668
1701426244004, 2023-12-01T10:24:04.004Z, 65.142327, 612.9430052
1701426244020, 2023-12-01T10:24:04.020Z, 77.1137192, 613.8860874
1701426244038, 2023-12-01T10:24:04.038Z, 93.2105564, 613.9790948
1701426244057, 2023-12-01T10:24:04.057Z, 109.7375654, 613.2867794
1701426244081, 2023-12-01T10:24:04.081Z, 118.4919414, 612.8614206
1701426244112, 2023-12-01T10:24:04.112Z, 127.85247460000001, 612.7979499999999
1701426244128, 2023-12-01T10:24:04.128Z, 130.7179008, 614.7527818000001
1701426244143, 2023-12-01T10:24:04.143Z, 128.72175099999998, 616.7144906
1701426244159, 2023-12-01T10:24:04.159Z, 129.2933296, 618.7833516
1701426244174, 2023-12-01T10:24:04.174Z, 128.573694, 619.6349394
1701426244204, 2023-12-01T10:24:04.204Z, 133.78429160000002, 622.647039
1701426244220, 2023-12-01T10:24:04.220Z, 141.4202118, 623.6139551999999
1701426244236, 2023-12-01T10:24:04.236Z, 149.5458352, 624.895659
1701426244252, 2023-12-01T10:24:04.252Z, 153.82747, 627.1515952000001
1701426244269, 2023-12-01T10:24:04.269Z, 154.5304134, 630.7043272
1701426244283, 2023-12-01T10:24:04.283Z, 146.1907268, 632.4206214
1701426244298, 2023-12-01T10:24:04.298Z, 140.73792559999998, 634.7260060000001
1701426244314, 2023-12-01T10:24:04.314Z, 135.78979220000002, 635.9095576
1701426244331, 2023-12-01T10:24:04.331Z, 127.39052980000001, 634.418996
1701426244351, 2023-12-01T10:24:04.351Z, 119.5319436, 630.8104368
1701426244367, 2023-12-01T10:24:04.367Z, 115.30778500000001, 625.4895560000001
1701426244381, 2023-12-01T10:24:04.381Z, 115.20412400000001, 622.545399
1701426244395, 2023-12-01T10:24:04.395Z, 115.33817160000001, 620.8106828
1701426244412, 2023-12-01T10:24:04.412Z, 119.0400126, 618.8305696
1701426244427, 2023-12-01T10:24:04.427Z, 124.12880599999998, 617.5399722
1701426244441, 2023-12-01T10:24:04.441Z, 125.49666419999998, 619.656021
1701426244470, 2023-12-01T10:24:04.470Z, 123.5612336, 620.289862
1701426244486, 2023-12-01T10:24:04.486Z, 123.57521440000001, 620.76864
1701426244505, 2023-12-01T10:24:04.505Z, 122.40418159999999, 624.1470292
1701426244532, 2023-12-01T10:24:04.532Z, 125.7343308, 629.2257132000001
1701426244548, 2023-12-01T10:24:04.548Z, 135.4962376, 624.4227398
1701426244563, 2023-12-01T10:24:04.563Z, 141.56135339999997, 617.3078004000001
1701426244579, 2023-12-01T10:24:04.579Z, 146.06774660000002, 609.7722586000001
1701426244594, 2023-12-01T10:24:04.594Z, 152.5208232, 601.8050888
1701426244610, 2023-12-01T10:24:04.610Z, 162.89189679999998, 596.0391487999999
1701426244626, 2023-12-01T10:24:04.626Z, 178.112868, 601.2949649999998
1701426244656, 2023-12-01T10:24:04.656Z, 202.4662562, 608.9723716000001
1701426244673, 2023-12-01T10:24:04.673Z, 221.83387439999996, 615.421292
1701426244687, 2023-12-01T10:24:04.687Z, 234.48851380000002, 604.8474018
1701426244703, 2023-12-01T10:24:04.703Z, 239.841376, 581.4391362
1701426244720, 2023-12-01T10:24:04.720Z, 229.97543379999996, 531.3460034
1701426244737, 2023-12-01T10:24:04.737Z, 211.3049356, 469.73871740000004
1701426244752, 2023-12-01T10:24:04.752Z, 196.43647760000002, 407.3236262
1701426244766, 2023-12-01T10:24:04.766Z, 188.312159, 361.62219500000003
1701426244782, 2023-12-01T10:24:04.782Z, 174.1600046, 320.8764096
1701426244802, 2023-12-01T10:24:04.802Z, 170.4574462, 304.16240419999997
1701426244828, 2023-12-01T10:24:04.828Z, 167.984892, 298.9270824
1701426244844, 2023-12-01T10:24:04.844Z, 165.67424739999998, 295.3092502
1701426244859, 2023-12-01T10:24:04.859Z, 161.8341062, 292.975478
1701426244875, 2023-12-01T10:24:04.875Z, 167.43351660000002, 297.747422
1701426244891, 2023-12-01T10:24:04.891Z, 175.09224600000002, 300.4837632
1701426244921, 2023-12-01T10:24:04.921Z, 180.88750620000002, 301.77541080000003
1701426244937, 2023-12-01T10:24:04.937Z, 184.91836239999998, 300.5485078
1701426244955, 2023-12-01T10:24:04.955Z, 192.10106260000003, 296.7373914
1701426244986, 2023-12-01T10:24:04.986Z, 189.6827252, 282.35991779999995
1701426245002, 2023-12-01T10:24:05.002Z, 182.9854768, 264.7881616000001
1701426245018, 2023-12-01T10:24:05.018Z, 179.043106, 247.99324099999998
1701426245033, 2023-12-01T10:24:05.033Z, 177.52237359999998, 235.4421114
1701426245048, 2023-12-01T10:24:05.048Z, 175.4538666, 227.1090534
1701426245065, 2023-12-01T10:24:05.065Z, 186.08337620000003, 226.41421640000004
1701426245080, 2023-12-01T10:24:05.080Z, 195.86401080000002, 230.50402300000002
1701426245104, 2023-12-01T10:24:05.104Z, 205.352205, 234.2313874
1701426245128, 2023-12-01T10:24:05.128Z, 212.5307558, 236.7525968
1701426245144, 2023-12-01T10:24:05.144Z, 217.89627920000004, 236.8631754
1701426245159, 2023-12-01T10:24:05.159Z, 215.78093700000005, 237.42557119999998
1701426245178, 2023-12-01T10:24:05.178Z, 215.79458560000003, 238.4477804
1701426245194, 2023-12-01T10:24:05.194Z, 219.2764326, 239.30339859999998
1701426245208, 2023-12-01T10:24:05.208Z, 225.73852900000003, 239.86399419999998
1701426245226, 2023-12-01T10:24:05.226Z, 232.584136, 240.59293420000003
1701426245253, 2023-12-01T10:24:05.253Z, 241.61865219999999, 244.5733492
1701426245269, 2023-12-01T10:24:05.269Z, 247.602758, 249.4912648
1701426245286, 2023-12-01T10:24:05.286Z, 251.0416612, 254.20581959999998
1701426245304, 2023-12-01T10:24:05.304Z, 257.084595, 255.80352080000003
1701426245317, 2023-12-01T10:24:05.317Z, 257.72991519999994, 259.0805516
1701426245332, 2023-12-01T10:24:05.332Z, 258.61035680000003, 258.190495
1701426245347, 2023-12-01T10:24:05.347Z, 261.2436772, 254.99708
1701426245364, 2023-12-01T10:24:05.364Z, 263.21376879999997, 252.24849899999998
1701426245379, 2023-12-01T10:24:05.379Z, 260.46488940000006, 252.90275839999998
1701426245407, 2023-12-01T10:24:05.407Z, 260.8201426, 251.1659024
1701426245427, 2023-12-01T10:24:05.427Z, 259.80205, 250.09031439999998
1701426245440, 2023-12-01T10:24:05.440Z, 258.6048312, 250.82431860000003
1701426245456, 2023-12-01T10:24:05.456Z, 255.66048419999998, 253.44736160000002
1701426245472, 2023-12-01T10:24:05.472Z, 260.8897172, 255.6907918
1701426245504, 2023-12-01T10:24:05.504Z, 269.586082, 258.6001784
1701426245519, 2023-12-01T10:24:05.519Z, 276.1168016, 261.2165854
1701426245536, 2023-12-01T10:24:05.536Z, 282.9470531999999, 262.92935500000004
1701426245557, 2023-12-01T10:24:05.557Z, 280.91009940000004, 260.4441008
1701426245568, 2023-12-01T10:24:05.568Z, 260.46222520000003, 258.3771054
1701426245602, 2023-12-01T10:24:05.602Z, 230.95362100000003, 255.50967760000003
1701426245615, 2023-12-01T10:24:05.615Z, 192.505298, 242.82653620000002
1701426245629, 2023-12-01T10:24:05.629Z, 152.08569920000002, 237.0188994
1701426245645, 2023-12-01T10:24:05.645Z, 125.22258919999999, 235.148549
1701426245661, 2023-12-01T10:24:05.661Z, 109.6057088, 234.556423
1701426245676, 2023-12-01T10:24:05.676Z, 103.17190759999998, 236.313717
1701426245701, 2023-12-01T10:24:05.701Z, 106.1204414, 249.0324778
1701426245724, 2023-12-01T10:24:05.724Z, 103.42822559999999, 255.6101572
1701426245739, 2023-12-01T10:24:05.739Z, 93.2330928, 262.660398
1701426245754, 2023-12-01T10:24:05.754Z, 91.2536546, 263.9081946
1701426245773, 2023-12-01T10:24:05.773Z, 92.8359154, 258.5012862
1701426245786, 2023-12-01T10:24:05.786Z, 126.1465282, 242.8275248
1701426245803, 2023-12-01T10:24:05.803Z, 229.85530699999998, 217.57618920000004
1701426245819, 2023-12-01T10:24:05.819Z, 358.18276960000003, 188.6939334
1701426245834, 2023-12-01T10:24:05.834Z, 512.2424438, 160.89842819999998
1701426245854, 2023-12-01T10:24:05.854Z, 681.1380748, 137.27032559999998
1701426245869, 2023-12-01T10:24:05.869Z, 822.0817903999999, 123.41853580000002
1701426245928, 2023-12-01T10:24:05.928Z, 922.8276320000001, 116.46274099999998
1701426245959, 2023-12-01T10:24:05.959Z, 1000.263574, 112.2541814
1701426246101, 2023-12-01T10:24:06.101Z, 1045.6316804000003, 116.7234056
1701426246195, 2023-12-01T10:24:06.195Z, 1070.3587698, 112.2396622
1701426246224, 2023-12-01T10:24:06.224Z, 1090.8375173999998, 119.27013099999999
1701426246240, 2023-12-01T10:24:06.240Z, 1087.8697758, 129.7186342
1701426246271, 2023-12-01T10:24:06.271Z, 1084.7319854, 138.49892340000002
1701426246288, 2023-12-01T10:24:06.288Z, 1078.4286768, 139.48788960000002
1701426246312, 2023-12-01T10:24:06.312Z, 1073.0663226000001, 150.450053
1701426246334, 2023-12-01T10:24:06.334Z, 1071.5101886, 146.18294559999998
1701426246367, 2023-12-01T10:24:06.367Z, 1070.6389370000002, 139.3744802
1701426246384, 2023-12-01T10:24:06.384Z, 1072.6667306, 132.05255599999998
1701426246419, 2023-12-01T10:24:06.419Z, 1075.3143865999998, 123.1115902
1701426246430, 2023-12-01T10:24:06.430Z, 1079.113638, 112.9355836
1701426246473, 2023-12-01T10:24:06.473Z, 1079.5473326000001, 105.54017739999999
1701426246511, 2023-12-01T10:24:06.511Z, 1077.8154714, 98.440636
1701426246539, 2023-12-01T10:24:06.539Z, 1077.7343832000001, 90.16924320000001
1701426246555, 2023-12-01T10:24:06.555Z, 1078.801966, 82.9945324
1701426246595, 2023-12-01T10:24:06.595Z, 1078.3449412000002, 77.02656759999999
1701426246682, 2023-12-01T10:24:06.682Z, 1067.5437792, 81.87816319999999
1701426246727, 2023-12-01T10:24:06.727Z, 1055.6570024, 84.4515034
1701426246757, 2023-12-01T10:24:06.757Z, 1050.4053438, 96.1887502
1701426246804, 2023-12-01T10:24:06.804Z, 1043.1412414000001, 110.81347660000002
1701426246855, 2023-12-01T10:24:06.855Z, 1030.4457453999999, 118.22959080000001
1701426246943, 2023-12-01T10:24:06.943Z, 1028.6738566, 130.0783928
1701426246958, 2023-12-01T10:24:06.958Z, 1035.9113766, 135.678305
1701426246989, 2023-12-01T10:24:06.989Z, 1049.0147634, 138.9400326