1695908439684, 2023-09-28T13:40:39.684Z, 1330.09068, 0.944861
1695908439700, 2023-09-28T13:40:39.700Z, 1250.115448, 113.2998065
1695908439724, 2023-09-28T13:40:39.724Z, 1166.0920963333333, 250.16931499999998
1695908439744, 2023-09-28T13:40:39.744Z, 1129.00073925, 306.709515
1695908439760, 2023-09-28T13:40:39.760Z, 1103.655183, 345.8969324
1695908439775, 2023-09-28T13:40:39.775Z, 1032.5666092000001, 458.25543020000003
1695908439792, 2023-09-28T13:40:39.792Z, 993.2923311999999, 526.7261139999999
1695908439807, 2023-09-28T13:40:39.807Z, 989.11016, 535.2717243999999
1695908439824, 2023-09-28T13:40:39.824Z, 980.0544616, 554.463639
1695908439839, 2023-09-28T13:40:39.839Z, 974.2151236, 567.6413373999999
1695908439858, 2023-09-28T13:40:39.858Z, 973.9349796, 568.5922151999999
1695908439883, 2023-09-28T13:40:39.883Z, 976.2139678, 567.8158568000001
1695908439901, 2023-09-28T13:40:39.901Z, 975.238016, 568.4793066
1695908439917, 2023-09-28T13:40:39.917Z, 976.3738186, 566.7317846
1695908439933, 2023-09-28T13:40:39.933Z, 977.5308439999999, 559.1381926
1695908439949, 2023-09-28T13:40:39.949Z, 978.4575628, 552.6530187999999
1695908439967, 2023-09-28T13:40:39.967Z, 977.884419, 545.5032118
1695908439996, 2023-09-28T13:40:39.996Z, 981.2438428000002, 536.582409
1695908440027, 2023-09-28T13:40:40.027Z, 990.0152109999999, 526.8680066
1695908440041, 2023-09-28T13:40:40.041Z, 999.7444330000001, 522.3477300000001
1695908440072, 2023-09-28T13:40:40.072Z, 1012.9770814, 510.86321200000003
1695908440088, 2023-09-28T13:40:40.088Z, 1024.6125352, 501.39046039999994
1695908440104, 2023-09-28T13:40:40.104Z, 1035.967051, 489.23604080000007
1695908440120, 2023-09-28T13:40:40.120Z, 1041.7263678000002, 475.08146539999996
1695908440135, 2023-09-28T13:40:40.135Z, 1046.8414746, 461.234807
1695908440172, 2023-09-28T13:40:40.172Z, 1049.2759176000002, 450.4512692
1695908440196, 2023-09-28T13:40:40.196Z, 1051.0782564, 432.9024482
1695908440213, 2023-09-28T13:40:40.213Z, 1053.2685042, 417.16438500000004
1695908440227, 2023-09-28T13:40:40.227Z, 1053.104887, 405.632593
1695908440243, 2023-09-28T13:40:40.243Z, 1051.1318074, 391.9889554
1695908440260, 2023-09-28T13:40:40.260Z, 1047.4645382, 381.1269558
1695908440275, 2023-09-28T13:40:40.275Z, 1045.8260876, 377.942847
1695908440289, 2023-09-28T13:40:40.289Z, 1044.3316320000001, 373.4716884
1695908440304, 2023-09-28T13:40:40.304Z, 1042.019138, 370.832925
1695908440326, 2023-09-28T13:40:40.326Z, 1042.3319928, 367.448138
1695908440350, 2023-09-28T13:40:40.350Z, 1048.5402907999999, 363.85773600000005
1695908440383, 2023-09-28T13:40:40.383Z, 1056.406336, 356.1018834
1695908440398, 2023-09-28T13:40:40.398Z, 1060.542968, 353.185973
1695908440430, 2023-09-28T13:40:40.430Z, 1077.8770418, 319.2063322
1695908440445, 2023-09-28T13:40:40.445Z, 1104.86038, 288.8801424
1695908440881, 2023-09-28T13:40:40.881Z, 1122.4573892, 219.64936819999997
1695908440926, 2023-09-28T13:40:40.926Z, 1143.7982006, 158.5140524
1695908440974, 2023-09-28T13:40:40.974Z, 1175.1335798, 103.7382264
1695908441022, 2023-09-28T13:40:41.022Z, 1195.9345554, 78.8094248
1695908441116, 2023-09-28T13:40:41.116Z, 1207.8605334, 70.74195999999999
1695908441161, 2023-09-28T13:40:41.161Z, 1228.3086962000002, 102.74055719999998
1695908441209, 2023-09-28T13:40:41.209Z, 1236.8271598000001, 132.443597
1695908441227, 2023-09-28T13:40:41.227Z, 1220.3750286000002, 159.5110758
1695908441241, 2023-09-28T13:40:41.241Z, 1199.0438840000002, 184.5581218
1695908441272, 2023-09-28T13:40:41.272Z, 1172.5401944, 197.0128578
1695908441288, 2023-09-28T13:40:41.288Z, 1140.8158090000002, 210.8721946
1695908441319, 2023-09-28T13:40:41.319Z, 1109.1279840000002, 238.1991572
1695908441334, 2023-09-28T13:40:41.334Z, 1094.6545996, 258.95122419999996
1695908441376, 2023-09-28T13:40:41.376Z, 1081.3605702, 287.2855836
1695908441386, 2023-09-28T13:40:41.386Z, 1072.8908208, 312.3383626
1695908441412, 2023-09-28T13:40:41.412Z, 1066.878622, 346.2528962
1695908441427, 2023-09-28T13:40:41.427Z, 1061.1242426000001, 360.6123308
1695908441444, 2023-09-28T13:40:41.444Z, 1053.4582976, 373.83978519999994
1695908441459, 2023-09-28T13:40:41.459Z, 1053.0558826000001, 374.802476
1695908441474, 2023-09-28T13:40:41.474Z, 1049.4803127999999, 375.6167322
1695908441490, 2023-09-28T13:40:41.490Z, 1042.968109, 365.2060126
1695908441504, 2023-09-28T13:40:41.504Z, 1031.8603598, 351.7626684
1695908441551, 2023-09-28T13:40:41.551Z, 1021.205013, 344.12051759999997
1695908441567, 2023-09-28T13:40:41.567Z, 1003.6346467999999, 340.24680379999995
1695908441582, 2023-09-28T13:40:41.582Z, 979.2165114, 329.22771339999997
1695908441598, 2023-09-28T13:40:41.598Z, 948.9904374, 321.0117944
1695908441614, 2023-09-28T13:40:41.614Z, 930.6453256000001, 316.3302004
1695908441631, 2023-09-28T13:40:41.631Z, 912.2878764000001, 306.3148968
1695908441661, 2023-09-28T13:40:41.661Z, 897.6991392, 294.53575920000003
1695908441678, 2023-09-28T13:40:41.678Z, 892.7040795999999, 283.65796
1695908441706, 2023-09-28T13:40:41.706Z, 901.5207456, 257.999757
1695908441722, 2023-09-28T13:40:41.722Z, 909.0558789999999, 233.92864300000002
1695908441737, 2023-09-28T13:40:41.737Z, 914.2504298000001, 218.06863979999997
1695908441754, 2023-09-28T13:40:41.754Z, 915.8077772, 210.9815228
1695908441769, 2023-09-28T13:40:41.769Z, 907.3951224, 211.9911978
1695908441785, 2023-09-28T13:40:41.785Z, 893.5959646000001, 225.35355239999998
1695908441800, 2023-09-28T13:40:41.800Z, 882.040257, 241.0766698
1695908441826, 2023-09-28T13:40:41.826Z, 868.6153287999999, 255.648322
1695908441838, 2023-09-28T13:40:41.838Z, 858.0421144, 273.6276766
1695908441864, 2023-09-28T13:40:41.864Z, 865.5585363999999, 280.33230620000006
1695908441880, 2023-09-28T13:40:41.880Z, 883.4255276, 285.2211234
1695908441895, 2023-09-28T13:40:41.895Z, 901.6616566, 286.9603284
1695908441910, 2023-09-28T13:40:41.910Z, 933.2375482000001, 276.6114458
1695908441926, 2023-09-28T13:40:41.926Z, 967.049034, 259.62826
1695908441942, 2023-09-28T13:40:41.942Z, 991.7257412000001, 252.15067779999998
1695908441958, 2023-09-28T13:40:41.958Z, 1013.1710810000001, 234.68479539999998
1695908441973, 2023-09-28T13:40:41.973Z, 1030.002859, 222.4494462
1695908441991, 2023-09-28T13:40:41.991Z, 1039.8642958, 213.0345954
1695908442006, 2023-09-28T13:40:42.006Z, 1046.7705446000002, 205.2181888
1695908442020, 2023-09-28T13:40:42.020Z, 1051.29716, 204.65827480000002
1695908442036, 2023-09-28T13:40:42.036Z, 1047.5420902, 216.1953406
1695908442052, 2023-09-28T13:40:42.052Z, 1045.1750768, 223.25635000000003
1695908442067, 2023-09-28T13:40:42.067Z, 1042.0122522000001, 234.837588
1695908442082, 2023-09-28T13:40:42.082Z, 1039.586126, 243.57242380000002
1695908442097, 2023-09-28T13:40:42.097Z, 1039.3031065999999, 244.7987036
1695908442128, 2023-09-28T13:40:42.128Z, 1046.0436720000002, 229.741253
1695908442144, 2023-09-28T13:40:42.144Z, 1049.7295172, 223.14736319999997
1695908442160, 2023-09-28T13:40:42.160Z, 1049.37217, 226.94874380000002
1695908442175, 2023-09-28T13:40:42.175Z, 1049.1393896, 230.2005344
1695908442191, 2023-09-28T13:40:42.191Z, 1049.4406682, 233.48335039999998
1695908442205, 2023-09-28T13:40:42.205Z, 1041.881478, 255.41788199999996
1695908442221, 2023-09-28T13:40:42.221Z, 1038.8722168, 266.5159508
1695908442237, 2023-09-28T13:40:42.237Z, 1039.9040934, 266.6668198
1695908442253, 2023-09-28T13:40:42.253Z, 1040.3696046, 270.465389
1695908442277, 2023-09-28T13:40:42.277Z, 1038.8883944, 273.95226799999995
1695908442299, 2023-09-28T13:40:42.299Z, 1033.885656, 272.75350119999996
1695908442314, 2023-09-28T13:40:42.314Z, 1021.8172338, 269.9479432
1695908442330, 2023-09-28T13:40:42.330Z, 998.7766926, 266.143737
1695908442346, 2023-09-28T13:40:42.346Z, 973.3512612000001, 257.976736
1695908442361, 2023-09-28T13:40:42.361Z, 942.81711, 248.1959484
1695908442377, 2023-09-28T13:40:42.377Z, 916.1958179999999, 242.2478928
1695908442394, 2023-09-28T13:40:42.394Z, 895.0882892, 240.96405639999998
1695908442408, 2023-09-28T13:40:42.408Z, 884.9791894, 240.4071458
1695908442425, 2023-09-28T13:40:42.425Z, 876.6811313999999, 241.7564266
1695908442441, 2023-09-28T13:40:42.441Z, 873.7310600000001, 248.6610674
1695908442471, 2023-09-28T13:40:42.471Z, 870.8141760000001, 252.718444
1695908442487, 2023-09-28T13:40:42.487Z, 869.5813261999999, 257.9024564
1695908442503, 2023-09-28T13:40:42.503Z, 868.1589686, 263.633495
1695908442518, 2023-09-28T13:40:42.518Z, 867.0917728000001, 271.00728760000004
1695908442534, 2023-09-28T13:40:42.534Z, 869.0448264, 269.91546120000004
1695908442550, 2023-09-28T13:40:42.550Z, 872.119328, 268.979915
1695908442577, 2023-09-28T13:40:42.577Z, 876.2039434000001, 260.3741462
1695908442596, 2023-09-28T13:40:42.596Z, 880.7083342, 251.51735980000004
1695908442612, 2023-09-28T13:40:42.612Z, 886.187004, 238.7480582
1695908442628, 2023-09-28T13:40:42.628Z, 891.4977984000001, 227.58981060000002
1695908442645, 2023-09-28T13:40:42.645Z, 895.9593715999999, 218.7190298
1695908442658, 2023-09-28T13:40:42.658Z, 897.0908926, 217.63141760000002
1695908442674, 2023-09-28T13:40:42.674Z, 902.494355, 215.18981939999998
1695908442689, 2023-09-28T13:40:42.689Z, 908.126234, 214.78934800000002
1695908442705, 2023-09-28T13:40:42.705Z, 911.224892, 221.014991
1695908442727, 2023-09-28T13:40:42.727Z, 921.7104608, 239.82176679999998
1695908442737, 2023-09-28T13:40:42.737Z, 942.1234457999999, 269.085607
1695908442757, 2023-09-28T13:40:42.757Z, 960.9559116, 306.79692639999996
1695908442784, 2023-09-28T13:40:42.784Z, 984.1367824000001, 349.801386
1695908442802, 2023-09-28T13:40:42.802Z, 1017.3536572, 391.86392820000003
1695908442831, 2023-09-28T13:40:42.831Z, 1044.2671396, 419.81191100000007
1695908442847, 2023-09-28T13:40:42.847Z, 1059.8239828, 437.58983400000005
1695908442871, 2023-09-28T13:40:42.871Z, 1072.5784558, 447.7402622000001
1695908442894, 2023-09-28T13:40:42.894Z, 1078.0727769999999, 455.35322299999996
1695908442910, 2023-09-28T13:40:42.910Z, 1074.6360236, 460.01755380000003
1695908442926, 2023-09-28T13:40:42.926Z, 1070.478677, 464.8339078
1695908442941, 2023-09-28T13:40:42.941Z, 1068.7976172, 468.21136479999996
1695908442956, 2023-09-28T13:40:42.956Z, 1066.9373358, 471.56439140000003
1695908442973, 2023-09-28T13:40:42.973Z, 1066.3225255999998, 472.88063180000006
1695908442988, 2023-09-28T13:40:42.988Z, 1067.642513, 468.71018519999996
1695908443004, 2023-09-28T13:40:43.004Z, 1068.3455589999999, 465.60164380000003
1695908443026, 2023-09-28T13:40:43.026Z, 1070.0222946, 458.3401620000001
1695908443041, 2023-09-28T13:40:43.041Z, 1072.0685414, 452.9745554
1695908443051, 2023-09-28T13:40:43.051Z, 1075.3096872, 446.4000398
1695908443081, 2023-09-28T13:40:43.081Z, 1078.8293882, 439.44279800000004
1695908443098, 2023-09-28T13:40:43.098Z, 1082.8465132, 431.745016
1695908443112, 2023-09-28T13:40:43.112Z, 1085.1853127999998, 429.19092580000006
1695908443128, 2023-09-28T13:40:43.128Z, 1087.0598138, 424.31043339999997
1695908443145, 2023-09-28T13:40:43.145Z, 1087.8527748000001, 421.29449059999996
1695908443178, 2023-09-28T13:40:43.178Z, 1083.2934301999999, 429.01135940000006
1695908443190, 2023-09-28T13:40:43.190Z, 1078.3295556, 437.2200184
1695908443207, 2023-09-28T13:40:43.207Z, 1074.2314864000002, 443.49613279999994
1695908443220, 2023-09-28T13:40:43.220Z, 1071.1665942, 448.2800972
1695908443236, 2023-09-28T13:40:43.236Z, 1068.0537336000002, 452.2679908
1695908443252, 2023-09-28T13:40:43.252Z, 1070.810815, 446.37344659999997
1695908443269, 2023-09-28T13:40:43.269Z, 1075.2021374, 440.26046260000004
1695908443283, 2023-09-28T13:40:43.283Z, 1081.0104272, 436.073595
1695908443298, 2023-09-28T13:40:43.298Z, 1088.5651642, 430.5198928
1695908443323, 2023-09-28T13:40:43.323Z, 1098.2974278, 424.5263484
1695908443345, 2023-09-28T13:40:43.345Z, 1107.8275764, 419.29596760000004
1695908443377, 2023-09-28T13:40:43.377Z, 1116.2784406, 415.30561939999996
1695908443392, 2023-09-28T13:40:43.392Z, 1124.463971, 405.9772266
1695908443408, 2023-09-28T13:40:43.408Z, 1131.458237, 400.03642479999996
1695908443424, 2023-09-28T13:40:43.424Z, 1137.0748178000001, 394.6045008
1695908443439, 2023-09-28T13:40:43.439Z, 1141.9180256, 394.49479579999996
1695908443455, 2023-09-28T13:40:43.455Z, 1146.3538394, 393.11936799999995
1695908443477, 2023-09-28T13:40:43.477Z, 1149.3335167999999, 396.4672852
1695908443501, 2023-09-28T13:40:43.501Z, 1150.0949931999999, 401.1146948
1695908443533, 2023-09-28T13:40:43.533Z, 1149.1484097999999, 403.6101952
1695908443548, 2023-09-28T13:40:43.548Z, 1145.6994588000002, 406.1229564
1695908443567, 2023-09-28T13:40:43.567Z, 1142.3059374, 407.4782592
1695908443580, 2023-09-28T13:40:43.580Z, 1140.1484506, 405.3845134
1695908443596, 2023-09-28T13:40:43.596Z, 1135.8638924, 404.5023252
1695908443628, 2023-09-28T13:40:43.628Z, 1132.9047428, 403.52979419999997
1695908443643, 2023-09-28T13:40:43.643Z, 1132.6948584000002, 401.12352780000003
1695908443659, 2023-09-28T13:40:43.659Z, 1135.1800021999998, 392.2415288
1695908443674, 2023-09-28T13:40:43.674Z, 1136.5534516, 386.2133814
1695908443689, 2023-09-28T13:40:43.689Z, 1138.9234664, 384.0302606
1695908443705, 2023-09-28T13:40:43.705Z, 1144.3031310000001, 381.365571
1695908443721, 2023-09-28T13:40:43.721Z, 1146.6817518, 382.1104288
1695908443735, 2023-09-28T13:40:43.735Z, 1146.5413016, 390.1582244
1695908443752, 2023-09-28T13:40:43.752Z, 1145.6747924000001, 398.5395436
1695908443771, 2023-09-28T13:40:43.771Z, 1146.6095518, 401.25036800000004
1695908443790, 2023-09-28T13:40:43.790Z, 1144.3818634, 403.272794
1695908443812, 2023-09-28T13:40:43.812Z, 1142.6741746, 399.48529799999994
1695908443829, 2023-09-28T13:40:43.829Z, 1140.3751214, 398.1074966
1695908443845, 2023-09-28T13:40:43.845Z, 1138.6869378, 394.3745322
1695908443859, 2023-09-28T13:40:43.859Z, 1136.2171816000002, 392.26725559999994
1695908443877, 2023-09-28T13:40:43.877Z, 1133.7432086, 392.72626579999996
1695908443891, 2023-09-28T13:40:43.891Z, 1128.6176288000001, 399.5870342
1695908443908, 2023-09-28T13:40:43.908Z, 1121.5979548, 405.86742059999995
1695908443927, 2023-09-28T13:40:43.927Z, 1112.0120266, 414.3396352
1695908443954, 2023-09-28T13:40:43.954Z, 1104.9405374, 419.66387259999993
1695908443986, 2023-09-28T13:40:43.986Z, 1102.1890146, 413.44197299999996
1695908444002, 2023-09-28T13:40:44.002Z, 1102.4063001999998, 404.2239544
1695908444017, 2023-09-28T13:40:44.017Z, 1106.4626296, 393.20571900000004
1695908444033, 2023-09-28T13:40:44.033Z, 1112.1188422, 383.65142520000006
1695908444048, 2023-09-28T13:40:44.048Z, 1116.7209736, 374.913182
1695908444077, 2023-09-28T13:40:44.077Z, 1117.591117, 378.2093036
1695908444095, 2023-09-28T13:40:44.095Z, 1117.8912166, 382.36581000000007
1695908444112, 2023-09-28T13:40:44.112Z, 1114.9921358000001, 384.031924
1695908444126, 2023-09-28T13:40:44.126Z, 1112.6767354, 384.458533
1695908444144, 2023-09-28T13:40:44.144Z, 1108.7019948, 387.33427079999996
1695908444157, 2023-09-28T13:40:44.157Z, 1100.3723138, 395.3748104
1695908444172, 2023-09-28T13:40:44.172Z, 1090.509508, 406.66601039999995
1695908444188, 2023-09-28T13:40:44.188Z, 1079.729903, 425.86650359999993
1695908444203, 2023-09-28T13:40:44.203Z, 1068.9868999999999, 445.63468759999995
1695908444222, 2023-09-28T13:40:44.222Z, 1058.0447, 464.4311906
1695908444250, 2023-09-28T13:40:44.250Z, 1050.8040637999998, 475.9681106
1695908444267, 2023-09-28T13:40:44.267Z, 1045.5162364, 480.4874866
1695908444281, 2023-09-28T13:40:44.281Z, 1041.8948386, 480.1493176
1695908444300, 2023-09-28T13:40:44.300Z, 1038.9702694, 477.6890332
1695908444314, 2023-09-28T13:40:44.314Z, 1037.9871128, 473.6773442
1695908444328, 2023-09-28T13:40:44.328Z, 1037.1706824, 471.6368176
1695908444343, 2023-09-28T13:40:44.343Z, 1038.7838848, 469.3003302
1695908444359, 2023-09-28T13:40:44.359Z, 1041.7359676, 466.30198980000006
1695908444377, 2023-09-28T13:40:44.377Z, 1043.8992481999999, 466.5688738
1695908444391, 2023-09-28T13:40:44.391Z, 1043.4837736, 469.7682446
1695908444406, 2023-09-28T13:40:44.406Z, 1042.7805084, 473.2365232
1695908444422, 2023-09-28T13:40:44.422Z, 1038.1000134, 480.0526468
1695908444437, 2023-09-28T13:40:44.437Z, 1027.9998676, 478.29995900000006
1695908444454, 2023-09-28T13:40:44.454Z, 1018.2803571999999, 475.01547
1695908444469, 2023-09-28T13:40:44.469Z, 1011.4548222, 463.16955479999996
1695908444485, 2023-09-28T13:40:44.485Z, 1004.8475322, 450.5586126
1695908444500, 2023-09-28T13:40:44.500Z, 999.5832618000001, 437.2769132
1695908444526, 2023-09-28T13:40:44.526Z, 997.5278346000001, 434.33832680000006
1695908444548, 2023-09-28T13:40:44.548Z, 997.0329154000001, 431.6584844
1695908444562, 2023-09-28T13:40:44.562Z, 997.4216806000001, 431.93909160000004
1695908444578, 2023-09-28T13:40:44.578Z, 998.2342316, 432.20435719999995
1695908444594, 2023-09-28T13:40:44.594Z, 996.9731916000001, 434.32383719999996
1695908444612, 2023-09-28T13:40:44.612Z, 999.1454889999999, 432.1981468
1695908444625, 2023-09-28T13:40:44.625Z, 999.8983364, 430.319009
1695908444641, 2023-09-28T13:40:44.641Z, 998.5291703999999, 430.9078224
1695908444657, 2023-09-28T13:40:44.657Z, 997.5386056, 430.39244700000006
1695908444673, 2023-09-28T13:40:44.673Z, 997.444683, 429.039843
1695908444693, 2023-09-28T13:40:44.693Z, 996.5119332, 429.985695
1695908444720, 2023-09-28T13:40:44.720Z, 995.9556233999999, 429.39996040000005
1695908444736, 2023-09-28T13:40:44.736Z, 995.6533766, 428.9279738
1695908444752, 2023-09-28T13:40:44.752Z, 991.2080292, 429.791235
1695908444766, 2023-09-28T13:40:44.766Z, 988.838904, 432.17537060000006
1695908444782, 2023-09-28T13:40:44.782Z, 984.9246952, 434.04204300000004
1695908444797, 2023-09-28T13:40:44.797Z, 980.5626028, 437.18783160000004
1695908444843, 2023-09-28T13:40:44.843Z, 975.6449672000001, 438.8468362
1695908444859, 2023-09-28T13:40:44.859Z, 973.4099744000001, 439.36388179999994
1695908444874, 2023-09-28T13:40:44.874Z, 969.9008272000001, 433.01009480000005
1695908444890, 2023-09-28T13:40:44.890Z, 968.3630856, 423.83724520000004
1695908444905, 2023-09-28T13:40:44.905Z, 966.7239124, 412.2058524
1695908444921, 2023-09-28T13:40:44.921Z, 964.9434094000001, 397.413141
1695908444937, 2023-09-28T13:40:44.937Z, 964.7001548000001, 382.2354448
1695908444953, 2023-09-28T13:40:44.953Z, 965.0150408, 371.3602566
1695908444978, 2023-09-28T13:40:44.978Z, 962.5518156, 365.0790498
1695908445001, 2023-09-28T13:40:45.001Z, 959.5062250000001, 361.4203058
1695908445016, 2023-09-28T13:40:45.016Z, 955.050567, 364.2248362
1695908445031, 2023-09-28T13:40:45.031Z, 951.2838988, 367.07298160000005
1695908445047, 2023-09-28T13:40:45.047Z, 947.8877524, 369.6948502
1695908445062, 2023-09-28T13:40:45.062Z, 947.7046166, 369.17144440000004
1695908445080, 2023-09-28T13:40:45.080Z, 941.7499454000001, 375.95902620000004
1695908445097, 2023-09-28T13:40:45.097Z, 943.9781178000001, 373.13365060000007
1695908445123, 2023-09-28T13:40:45.123Z, 941.4948476, 385.3248724
1695908445141, 2023-09-28T13:40:45.141Z, 938.4253745999998, 396.21276279999995
1695908445155, 2023-09-28T13:40:45.155Z, 935.5460542000001, 407.84259579999997
1695908445171, 2023-09-28T13:40:45.171Z, 940.2092912, 408.0838174
1695908445202, 2023-09-28T13:40:45.202Z, 937.9705545999999, 419.69540500000005
1695908445218, 2023-09-28T13:40:45.218Z, 934.9499937999999, 426.1290212
1695908445233, 2023-09-28T13:40:45.233Z, 933.3478177999999, 430.81532719999996
1695908445249, 2023-09-28T13:40:45.249Z, 930.0032782000001, 435.64591519999993
1695908445276, 2023-09-28T13:40:45.276Z, 927.855245, 441.6320482
1695908445290, 2023-09-28T13:40:45.290Z, 926.3157302, 444.92500259999997
1695908445300, 2023-09-28T13:40:45.300Z, 931.30693, 435.18093960000004
1695908445321, 2023-09-28T13:40:45.321Z, 933.5932272, 432.97236300000003
1695908445335, 2023-09-28T13:40:45.335Z, 936.1427846, 431.48431760000005
1695908445372, 2023-09-28T13:40:45.372Z, 937.9558604, 426.9445786
1695908445388, 2023-09-28T13:40:45.388Z, 937.7707128, 421.76027840000006
1695908445403, 2023-09-28T13:40:45.403Z, 935.5152578000001, 418.89238700000004
1695908445426, 2023-09-28T13:40:45.426Z, 936.5739713999999, 407.44848060000004
1695908445450, 2023-09-28T13:40:45.450Z, 937.5097159999999, 396.7814336
1695908445465, 2023-09-28T13:40:45.465Z, 931.8411388000001, 397.42112579999997
1695908445481, 2023-09-28T13:40:45.481Z, 924.9887511999999, 391.3430988
1695908445496, 2023-09-28T13:40:45.496Z, 918.5594696, 387.1035818
1695908445513, 2023-09-28T13:40:45.513Z, 911.1827155999999, 384.5468806
1695908445527, 2023-09-28T13:40:45.527Z, 904.1635586, 380.89180600000003
1695908445547, 2023-09-28T13:40:45.547Z, 902.2524870000001, 372.0416794
1695908445577, 2023-09-28T13:40:45.577Z, 903.1631014000001, 371.8111244
1695908445594, 2023-09-28T13:40:45.594Z, 902.1994607999999, 374.28035040000003
1695908445607, 2023-09-28T13:40:45.607Z, 900.2352388000002, 378.98305700000003
1695908445622, 2023-09-28T13:40:45.622Z, 898.5879094, 383.4103674
1695908445638, 2023-09-28T13:40:45.638Z, 896.8083736000001, 386.259144
1695908445653, 2023-09-28T13:40:45.653Z, 895.5108395999999, 388.8915554
1695908445670, 2023-09-28T13:40:45.670Z, 896.1687502000001, 388.8219788
1695908445684, 2023-09-28T13:40:45.684Z, 900.272132, 382.264193
1695908445700, 2023-09-28T13:40:45.700Z, 904.3474924, 374.587778
1695908445727, 2023-09-28T13:40:45.727Z, 909.7242424, 362.6314318
1695908445740, 2023-09-28T13:40:45.740Z, 914.5788964, 350.86688300000003
1695908445752, 2023-09-28T13:40:45.752Z, 918.3493984, 340.89328720000003
1695908445779, 2023-09-28T13:40:45.779Z, 918.8099838, 337.82970399999994
1695908445795, 2023-09-28T13:40:45.795Z, 918.3135227999999, 338.6636598
1695908445810, 2023-09-28T13:40:45.810Z, 914.7410028, 350.27884099999994
1695908445826, 2023-09-28T13:40:45.826Z, 912.7750392, 359.0209268
1695908445841, 2023-09-28T13:40:45.841Z, 912.9834472, 363.67036300000007
1695908445856, 2023-09-28T13:40:45.856Z, 910.6506032000001, 373.04739340000003
1695908445877, 2023-09-28T13:40:45.877Z, 909.2939220000001, 379.3216964
1695908445903, 2023-09-28T13:40:45.903Z, 911.1125322, 377.37632440000004
1695908445918, 2023-09-28T13:40:45.918Z, 908.2775783999999, 380.3106612
1695908445934, 2023-09-28T13:40:45.934Z, 905.2407190000001, 384.21355619999997
1695908445951, 2023-09-28T13:40:45.951Z, 906.6473208, 382.1627916
1695908445980, 2023-09-28T13:40:45.980Z, 907.5488278, 381.250136
1695908445996, 2023-09-28T13:40:45.996Z, 906.6098932000001, 383.5106942
1695908446021, 2023-09-28T13:40:46.021Z, 908.5687562, 382.94039280000004
1695908446044, 2023-09-28T13:40:46.044Z, 905.1161446, 392.04547160000004
1695908446059, 2023-09-28T13:40:46.059Z, 901.9388968, 397.8844528000001
1695908446077, 2023-09-28T13:40:46.077Z, 895.5778462000001, 410.329885
1695908446090, 2023-09-28T13:40:46.090Z, 891.5699304, 417.3752482
1695908446106, 2023-09-28T13:40:46.106Z, 888.8225786, 419.90513780000003
1695908446123, 2023-09-28T13:40:46.123Z, 890.343835, 413.78620739999997
1695908446138, 2023-09-28T13:40:46.138Z, 889.7990907999999, 411.80940780000003
1695908446153, 2023-09-28T13:40:46.153Z, 893.8893039999999, 401.996717
1695908446176, 2023-09-28T13:40:46.176Z, 900.2713448000001, 387.303599
1695908446196, 2023-09-28T13:40:46.196Z, 906.3242064, 375.46208379999996
1695908446215, 2023-09-28T13:40:46.215Z, 910.7865156, 367.3369182
1695908446230, 2023-09-28T13:40:46.230Z, 916.0310315999999, 357.4540476
1695908446246, 2023-09-28T13:40:46.246Z, 918.3154632, 352.0496966
1695908446262, 2023-09-28T13:40:46.262Z, 914.424127, 358.5824348
1695908446278, 2023-09-28T13:40:46.278Z, 909.5829152, 367.48720820000005
1695908446293, 2023-09-28T13:40:46.293Z, 907.2236164, 371.33817480000005
1695908446328, 2023-09-28T13:40:46.328Z, 902.4842580000001, 381.7029938
1695908446339, 2023-09-28T13:40:46.339Z, 897.5266863999999, 391.16957179999997
1695908446356, 2023-09-28T13:40:46.356Z, 893.6873879999999, 400.22113060000004
1695908446372, 2023-09-28T13:40:46.372Z, 892.3901268, 404.0119016
1695908446387, 2023-09-28T13:40:46.387Z, 891.6918074000001, 405.77738719999996
1695908446404, 2023-09-28T13:40:46.404Z, 893.3963424000001, 401.27847039999995
1695908446419, 2023-09-28T13:40:46.419Z, 896.6815483999999, 394.5298496
1695908446435, 2023-09-28T13:40:46.435Z, 900.1944002, 386.8185688
1695908446451, 2023-09-28T13:40:46.451Z, 901.3675165999999, 383.5460728
1695908446473, 2023-09-28T13:40:46.473Z, 900.763088, 384.268152
1695908446497, 2023-09-28T13:40:46.497Z, 899.8094126, 385.9801294
1695908446512, 2023-09-28T13:40:46.512Z, 902.1424042000001, 381.35429480000005
1695908446528, 2023-09-28T13:40:46.528Z, 903.885714, 378.251319
1695908446544, 2023-09-28T13:40:46.544Z, 905.6984485999999, 375.973936
1695908446558, 2023-09-28T13:40:46.558Z, 907.1532690000001, 373.91110080000004
1695908446574, 2023-09-28T13:40:46.574Z, 906.1771704, 375.87302880000004
1695908446589, 2023-09-28T13:40:46.589Z, 899.8093477999998, 387.4339144
1695908446605, 2023-09-28T13:40:46.605Z, 898.1847700000001, 390.9475336
1695908446627, 2023-09-28T13:40:46.627Z, 897.6017576, 391.8982184
1695908446653, 2023-09-28T13:40:46.653Z, 896.9244419999999, 393.275144
1695908446671, 2023-09-28T13:40:46.671Z, 900.06814, 385.6258156
1695908446699, 2023-09-28T13:40:46.699Z, 903.9005568, 376.70998080000004
1695908446718, 2023-09-28T13:40:46.718Z, 902.2529726, 376.79094399999997
1695908446746, 2023-09-28T13:40:46.746Z, 900.8101406, 376.7973462
1695908446776, 2023-09-28T13:40:46.776Z, 901.3516572000001, 375.94160739999995
1695908446792, 2023-09-28T13:40:46.792Z, 898.7728470000002, 381.73731779999997
1695908446807, 2023-09-28T13:40:46.807Z, 899.6956576, 382.99415339999996
1695908446823, 2023-09-28T13:40:46.823Z, 902.9279682, 380.5409334
1695908446839, 2023-09-28T13:40:46.839Z, 904.4999892, 380.1985218
1695908446855, 2023-09-28T13:40:46.855Z, 904.382131, 379.6713306
1695908446871, 2023-09-28T13:40:46.871Z, 905.2290212, 378.57989080000004
1695908446887, 2023-09-28T13:40:46.887Z, 903.414618, 381.1376722
1695908446902, 2023-09-28T13:40:46.902Z, 896.3816846, 391.108107
1695908446922, 2023-09-28T13:40:46.922Z, 888.4650828, 404.360684
1695908446950, 2023-09-28T13:40:46.950Z, 882.2650551999999, 415.93895840000005
1695908446965, 2023-09-28T13:40:46.965Z, 880.9885036, 421.2159822
1695908446980, 2023-09-28T13:40:46.980Z, 878.88189, 428.15771400000006
1695908446996, 2023-09-28T13:40:46.996Z, 885.7758932, 422.7190974
1695908447012, 2023-09-28T13:40:47.012Z, 895.0902246000002, 411.664001
1695908447030, 2023-09-28T13:40:47.030Z, 903.1642992, 401.21714540000005
1695908447061, 2023-09-28T13:40:47.061Z, 906.3962740000001, 396.2994232
1695908447079, 2023-09-28T13:40:47.079Z, 912.0748182, 386.38751400000007
1695908447105, 2023-09-28T13:40:47.105Z, 911.6589403999999, 383.63871800000004
1695908447121, 2023-09-28T13:40:47.121Z, 908.1643287999999, 385.2589442
1695908447151, 2023-09-28T13:40:47.151Z, 906.6582242000001, 386.34211220000003
1695908447167, 2023-09-28T13:40:47.167Z, 905.1581141999999, 388.1259286
1695908447183, 2023-09-28T13:40:47.183Z, 902.7637215999999, 391.5138002
1695908447199, 2023-09-28T13:40:47.199Z, 901.6671249999999, 393.86749580000003
1695908447245, 2023-09-28T13:40:47.245Z, 903.2475386, 392.64670800000005
1695908447260, 2023-09-28T13:40:47.260Z, 899.3876108000001, 399.44060920000004
1695908447277, 2023-09-28T13:40:47.277Z, 898.1230598, 401.46775080000003
1695908447291, 2023-09-28T13:40:47.291Z, 894.9703054000001, 406.03641619999996
1695908447307, 2023-09-28T13:40:47.307Z, 893.3245817999999, 408.24109400000003
1695908447323, 2023-09-28T13:40:47.323Z, 891.5721334000002, 410.4434012
1695908447338, 2023-09-28T13:40:47.338Z, 893.9394766000001, 404.87829339999996
1695908447354, 2023-09-28T13:40:47.354Z, 896.9819164, 400.36897280000005
1695908447375, 2023-09-28T13:40:47.375Z, 899.8494004, 397.67724200000004
1695908447401, 2023-09-28T13:40:47.401Z, 902.4274247999999, 396.15900159999995
1695908447417, 2023-09-28T13:40:47.417Z, 904.9786025999999, 394.5430076
1695908447432, 2023-09-28T13:40:47.432Z, 905.9244753999999, 395.1365198
1695908447448, 2023-09-28T13:40:47.448Z, 900.4731416000001, 402.02389300000004
1695908447464, 2023-09-28T13:40:47.464Z, 897.8047116, 403.30595040000003
1695908447482, 2023-09-28T13:40:47.482Z, 903.0942173999999, 395.2807558
1695908447511, 2023-09-28T13:40:47.511Z, 907.4529114, 388.5754092
1695908447528, 2023-09-28T13:40:47.528Z, 914.7431306000001, 377.9353248
1695908447541, 2023-09-28T13:40:47.541Z, 923.6384125999999, 366.3034208
1695908447559, 2023-09-28T13:40:47.559Z, 927.7283176000001, 363.2891596
1695908447576, 2023-09-28T13:40:47.576Z, 919.7700204, 375.2171156
1695908447588, 2023-09-28T13:40:47.588Z, 914.0629438, 383.8787084
1695908447603, 2023-09-28T13:40:47.603Z, 907.160413, 394.02842880000003
1695908447619, 2023-09-28T13:40:47.619Z, 904.8735652000001, 397.7149916
1695908447635, 2023-09-28T13:40:47.635Z, 905.7084424000001, 395.4533222
1695908447650, 2023-09-28T13:40:47.650Z, 912.3729832000001, 384.356247
1695908447677, 2023-09-28T13:40:47.677Z, 913.7542786, 381.4602738
1695908447696, 2023-09-28T13:40:47.696Z, 913.2819153999999, 381.04332919999996
1695908447712, 2023-09-28T13:40:47.712Z, 908.3659824, 387.6869186
1695908447727, 2023-09-28T13:40:47.727Z, 904.9314304, 392.2106374
1695908447742, 2023-09-28T13:40:47.742Z, 898.411771, 401.446166
1695908447758, 2023-09-28T13:40:47.758Z, 891.0490882, 410.9564856
1695908447774, 2023-09-28T13:40:47.774Z, 888.4103298, 415.0106634
1695908447789, 2023-09-28T13:40:47.789Z, 886.1494742000001, 418.86427460000004
1695908447804, 2023-09-28T13:40:47.804Z, 881.3001912, 427.0857618
1695908447823, 2023-09-28T13:40:47.823Z, 877.4075414000001, 433.40037300000006
1695908447852, 2023-09-28T13:40:47.852Z, 879.0248012, 433.08516420000007
1695908447867, 2023-09-28T13:40:47.867Z, 877.6371697999999, 435.9265262
1695908447886, 2023-09-28T13:40:47.886Z, 881.5068857999998, 433.25167419999997
1695908447914, 2023-09-28T13:40:47.914Z, 887.6441388, 427.15388839999997
1695908447932, 2023-09-28T13:40:47.932Z, 893.1372026000001, 422.4964606
1695908447961, 2023-09-28T13:40:47.961Z, 897.5824467999998, 418.7820864
1695908447977, 2023-09-28T13:40:47.977Z, 899.5442311999999, 417.8296542
1695908447993, 2023-09-28T13:40:47.993Z, 897.4316882, 419.8469304
1695908448009, 2023-09-28T13:40:48.009Z, 892.0823488, 427.9577996
1695908448024, 2023-09-28T13:40:48.024Z, 889.5440361999999, 430.41945319999996
1695908448041, 2023-09-28T13:40:48.041Z, 887.6327382, 431.10909900000007
1695908448056, 2023-09-28T13:40:48.056Z, 887.4315412, 429.12382660000003
1695908448072, 2023-09-28T13:40:48.072Z, 890.4707060000001, 423.9322212
1695908448087, 2023-09-28T13:40:48.087Z, 897.1908684, 412.252438
1695908448103, 2023-09-28T13:40:48.103Z, 900.8633758, 406.5882802
1695908448126, 2023-09-28T13:40:48.126Z, 902.0098019999999, 404.83148279999995
1695908448138, 2023-09-28T13:40:48.138Z, 903.4496616, 403.9218316
1695908448156, 2023-09-28T13:40:48.156Z, 899.9066438000002, 409.39735600000006
1695908448181, 2023-09-28T13:40:48.181Z, 896.7227058000001, 414.2455868
1695908448196, 2023-09-28T13:40:48.196Z, 894.5215427999999, 417.5482116
1695908448212, 2023-09-28T13:40:48.212Z, 894.4748857999999, 418.1176818
1695908448228, 2023-09-28T13:40:48.228Z, 893.5235624000001, 419.06659279999997
1695908448247, 2023-09-28T13:40:48.247Z, 894.0773101999999, 417.06525999999997
1695908448275, 2023-09-28T13:40:48.275Z, 893.3364320000001, 416.3673602
1695908448290, 2023-09-28T13:40:48.290Z, 886.2168374, 424.49296000000004
1695908448306, 2023-09-28T13:40:48.306Z, 881.716711, 429.9421186000001
1695908448323, 2023-09-28T13:40:48.323Z, 875.9569566, 437.23501840000006
1695908448340, 2023-09-28T13:40:48.340Z, 874.2532599999998, 440.247699
1695908448352, 2023-09-28T13:40:48.352Z, 874.1981143999999, 441.2868826
1695908448368, 2023-09-28T13:40:48.368Z, 879.1161918, 435.27585600000003
1695908448383, 2023-09-28T13:40:48.384Z, 883.7166934, 428.6044374
1695908448399, 2023-09-28T13:40:48.399Z, 890.0096213999999, 419.3757464
1695908448427, 2023-09-28T13:40:48.427Z, 895.3365074, 409.392957
1695908448440, 2023-09-28T13:40:48.440Z, 898.238318, 402.78343000000007
1695908448454, 2023-09-28T13:40:48.454Z, 902.7078182000001, 394.0785092
1695908448470, 2023-09-28T13:40:48.470Z, 906.9075076000001, 388.3670998
1695908448494, 2023-09-28T13:40:48.494Z, 910.6758470000001, 384.70164239999997
1695908448509, 2023-09-28T13:40:48.509Z, 907.7435615999999, 392.14622440000005
1695908448527, 2023-09-28T13:40:48.527Z, 905.6061598, 398.636656
1695908448540, 2023-09-28T13:40:48.540Z, 902.8216517999999, 405.95628939999995
1695908448556, 2023-09-28T13:40:48.556Z, 897.6526182, 414.2640662
1695908448577, 2023-09-28T13:40:48.577Z, 892.4905854000001, 421.21845940000003
1695908448587, 2023-09-28T13:40:48.587Z, 893.2589918, 420.0555266
1695908448607, 2023-09-28T13:40:48.607Z, 893.6753709999999, 418.6576386
1695908448621, 2023-09-28T13:40:48.621Z, 895.3874968, 415.31643460000004
1695908448633, 2023-09-28T13:40:48.633Z, 897.9776838, 410.9522292
1695908448651, 2023-09-28T13:40:48.651Z, 901.3192626, 406.242159
1695908448680, 2023-09-28T13:40:48.680Z, 902.4343214, 403.9569262
1695908448711, 2023-09-28T13:40:48.711Z, 906.7664270000001, 399.7019394
1695908448727, 2023-09-28T13:40:48.727Z, 908.2538897999999, 399.17435400000005
1695908448743, 2023-09-28T13:40:48.743Z, 909.9725934, 399.0264384
1695908448759, 2023-09-28T13:40:48.759Z, 912.2205258, 398.50529
1695908448774, 2023-09-28T13:40:48.774Z, 913.1649668, 399.1663208
1695908448790, 2023-09-28T13:40:48.790Z, 910.0396393999999, 402.7249438
1695908448806, 2023-09-28T13:40:48.806Z, 909.1368989999999, 403.708157
1695908448821, 2023-09-28T13:40:48.821Z, 907.4370369999999, 405.04209879999996
1695908448837, 2023-09-28T13:40:48.837Z, 903.5975441999999, 409.3566384
1695908448852, 2023-09-28T13:40:48.852Z, 901.8018982000001, 412.55548220000003
1695908448877, 2023-09-28T13:40:48.877Z, 901.5258111999999, 415.1551826
1695908448899, 2023-09-28T13:40:48.899Z, 901.1803385999999, 418.182442
1695908448914, 2023-09-28T13:40:48.914Z, 901.2933436, 420.26863360000004
1695908448931, 2023-09-28T13:40:48.931Z, 902.7701118000001, 419.3540386000001
1695908448947, 2023-09-28T13:40:48.947Z, 903.274674, 419.07494660000003
1695908448962, 2023-09-28T13:40:48.962Z, 903.5925674, 418.20123320000005
1695908448977, 2023-09-28T13:40:48.977Z, 903.6054818, 417.550443
1695908448995, 2023-09-28T13:40:48.995Z, 903.2407360000001, 417.2178714
1695908448995, 2023-09-28T13:40:48.995Z, 903.2070448000001, 416.42997180000003
1695908449027, 2023-09-28T13:40:49.027Z, 903.6380712, 414.242299
1695908449040, 2023-09-28T13:40:49.040Z, 903.2416286, 411.8058564
1695908449057, 2023-09-28T13:40:49.057Z, 902.4441254000001, 409.1809506
1695908449071, 2023-09-28T13:40:49.071Z, 901.5898020000001, 407.36035260000006
1695908449087, 2023-09-28T13:40:49.087Z, 900.3398872, 406.7773728000001
1695908449103, 2023-09-28T13:40:49.103Z, 898.8146114000001, 406.49244480000004
1695908449119, 2023-09-28T13:40:49.119Z, 898.7819476000001, 405.56071320000007
1695908449135, 2023-09-28T13:40:49.135Z, 900.7191938, 402.3880356
1695908449150, 2023-09-28T13:40:49.150Z, 900.1144314, 402.1747966
1695908449173, 2023-09-28T13:40:49.173Z, 898.4729111999999, 404.0290744
1695908449196, 2023-09-28T13:40:49.196Z, 899.2528236, 403.66591660000006
1695908449212, 2023-09-28T13:40:49.212Z, 899.2141696000001, 404.4640708
1695908449227, 2023-09-28T13:40:49.227Z, 898.4480188000001, 406.73848720000007
1695908449243, 2023-09-28T13:40:49.243Z, 900.2053760000001, 404.8368916
1695908449258, 2023-09-28T13:40:49.258Z, 903.2803924, 400.64265600000004
1695908449274, 2023-09-28T13:40:49.274Z, 903.7173511999999, 399.1834802
1695908449289, 2023-09-28T13:40:49.289Z, 906.7224582000001, 395.4876644
1695908449305, 2023-09-28T13:40:49.305Z, 908.06365, 393.5811262
1695908449327, 2023-09-28T13:40:49.327Z, 912.4707780000001, 396.6083284
1695908449352, 2023-09-28T13:40:49.352Z, 923.1865208000002, 408.0805584
1695908449368, 2023-09-28T13:40:49.368Z, 939.1657520000001, 423.23757320000004
1695908449384, 2023-09-28T13:40:49.384Z, 1051.7697636, 471.68142180000007
1695908449399, 2023-09-28T13:40:49.399Z, 1177.4026827999999, 523.4444374
1695908449416, 2023-09-28T13:40:49.416Z, 1331.3457882, 585.2440696
1695908449431, 2023-09-28T13:40:49.431Z, 1476.5310026, 636.7710331999999
1695908449447, 2023-09-28T13:40:49.447Z, 1622.5222582000001, 685.8680548
1695908449480, 2023-09-28T13:40:49.480Z, 1672.2385644, 702.3208367999999
1695908449495, 2023-09-28T13:40:49.495Z, 1715.7897802, 714.7449128000001
1695908449511, 2023-09-28T13:40:49.511Z, 1728.761097, 712.9386410000001
1695908449525, 2023-09-28T13:40:49.525Z, 1750.6575512, 719.6660406
1695908449544, 2023-09-28T13:40:49.544Z, 1771.7729342000002, 730.3176894000001
1695908449557, 2023-09-28T13:40:49.557Z, 1785.6822138, 740.9108618
1695908449573, 2023-09-28T13:40:49.573Z, 1786.3659116, 750.6166575999999
1695908449589, 2023-09-28T13:40:49.589Z, 1776.2529234, 763.339295
1695908449603, 2023-09-28T13:40:49.603Z, 1755.4379595999999, 770.4466194
1695908449623, 2023-09-28T13:40:49.623Z, 1734.7880109999999, 767.5234681999999
1695908449652, 2023-09-28T13:40:49.652Z, 1735.3116878, 758.7499424
1695908449668, 2023-09-28T13:40:49.668Z, 1723.4158486000001, 766.2722644000002
1695908449686, 2023-09-28T13:40:49.686Z, 1753.8264812000002, 773.8786718
1695908449702, 2023-09-28T13:40:49.702Z, 1786.7759786, 777.0076916
1695908449715, 2023-09-28T13:40:49.715Z, 1815.9190590000003, 781.2950072
1695908449746, 2023-09-28T13:40:49.746Z, 1829.0867899999998, 794.7670767999999
1695908449761, 2023-09-28T13:40:49.761Z, 1862.710269, 796.5923913999999
1695908449792, 2023-09-28T13:40:49.792Z, 1865.8930398, 798.8173828
1695908449807, 2023-09-28T13:40:49.807Z, 1869.6033654000003, 801.1982272
1695908449823, 2023-09-28T13:40:49.823Z, 1872.5894428, 809.7228542
1695908449838, 2023-09-28T13:40:49.838Z, 1868.2866880000001, 818.9387338
1695908449854, 2023-09-28T13:40:49.854Z, 1863.3688366, 821.3052554000002
1695908449871, 2023-09-28T13:40:49.871Z, 1852.8877796000002, 818.9065796000001
1695908449885, 2023-09-28T13:40:49.885Z, 1841.9210022, 819.9680664
1695908449925, 2023-09-28T13:40:49.925Z, 1828.2302276000003, 823.0411185999999
1695908449948, 2023-09-28T13:40:49.948Z, 1822.4827752, 818.116003
1695908449963, 2023-09-28T13:40:49.963Z, 1812.4529124, 827.6442124000001
1695908449979, 2023-09-28T13:40:49.979Z, 1806.7716858, 829.2743272
1695908449994, 2023-09-28T13:40:49.994Z, 1802.6713778, 817.9562894000001
1695908450010, 2023-09-28T13:40:50.010Z, 1800.7634401999999, 804.0740108
1695908450026, 2023-09-28T13:40:50.026Z, 1797.6789808, 792.7586672
1695908450042, 2023-09-28T13:40:50.042Z, 1798.7329485999999, 764.3491408000002
1695908450073, 2023-09-28T13:40:50.073Z, 1799.1692658, 748.2865912000001
1695908450104, 2023-09-28T13:40:50.104Z, 1796.4613921999996, 743.1907826
1695908450118, 2023-09-28T13:40:50.118Z, 1793.7187344, 740.4027684
1695908450137, 2023-09-28T13:40:50.137Z, 1790.3852450000002, 740.3761022000001
1695908450164, 2023-09-28T13:40:50.164Z, 1787.1917517999998, 751.2531084
1695908450164, 2023-09-28T13:40:50.164Z, 1784.4824993999998, 758.1204260000001
1695908450182, 2023-09-28T13:40:50.182Z, 1785.1281344, 769.9691280000001
1695908450211, 2023-09-28T13:40:50.211Z, 1785.7249266000003, 777.1945269999999
1695908450241, 2023-09-28T13:40:50.241Z, 1787.4382689999998, 778.7806364
1695908450258, 2023-09-28T13:40:50.258Z, 1786.8637912, 775.9260628
1695908450273, 2023-09-28T13:40:50.273Z, 1786.8315512000001, 766.5396290000001
1695908450291, 2023-09-28T13:40:50.291Z, 1786.0292714, 757.3944036
1695908450305, 2023-09-28T13:40:50.305Z, 1785.0660476, 750.4943316
1695908450321, 2023-09-28T13:40:50.321Z, 1783.0492564, 750.9376077999999
1695908450336, 2023-09-28T13:40:50.336Z, 1782.8136608, 751.1094547999999
1695908450352, 2023-09-28T13:40:50.352Z, 1780.9699148, 757.6461826
1695908450376, 2023-09-28T13:40:50.376Z, 1778.1722569999997, 770.030931
1695908450399, 2023-09-28T13:40:50.399Z, 1775.4612706, 780.1487746
1695908450414, 2023-09-28T13:40:50.414Z, 1772.8946661999998, 788.4282324
1695908450430, 2023-09-28T13:40:50.430Z, 1770.5999248, 796.0444914
1695908450447, 2023-09-28T13:40:50.447Z, 1769.4546324000003, 805.4180168
1695908450461, 2023-09-28T13:40:50.461Z, 1769.9534958, 806.0190862000001
1695908450478, 2023-09-28T13:40:50.478Z, 1770.5147208000003, 806.5758512
1695908450497, 2023-09-28T13:40:50.497Z, 1772.9477014, 807.375092
1695908450553, 2023-09-28T13:40:50.553Z, 1776.0327008, 793.7308014
1695908450568, 2023-09-28T13:40:50.568Z, 1778.5427708, 779.8210966
1695908450586, 2023-09-28T13:40:50.586Z, 1778.0740443999998, 776.2948328
1695908450616, 2023-09-28T13:40:50.616Z, 1778.1418936000002, 773.4489603999999
1695908450631, 2023-09-28T13:40:50.631Z, 1774.8291278000002, 769.6172234
1695908450646, 2023-09-28T13:40:50.646Z, 1771.0933725999998, 781.4864574000001
1695908450677, 2023-09-28T13:40:50.677Z, 1766.6130362, 785.5058246
1695908450693, 2023-09-28T13:40:50.693Z, 1764.4732221999998, 782.7265617999999
1695908450708, 2023-09-28T13:40:50.708Z, 1761.5618173999999, 781.6332937999999
1695908450723, 2023-09-28T13:40:50.723Z, 1757.8014589999998, 780.7741045999999
1695908450739, 2023-09-28T13:40:50.739Z, 1736.8741765999998, 770.6344
1695908450754, 2023-09-28T13:40:50.754Z, 1631.9840608, 759.3735502000001
1695908450770, 2023-09-28T13:40:50.770Z, 1513.7060168, 743.350785
1695908450786, 2023-09-28T13:40:50.786Z, 1363.0216526, 726.521975
1695908450801, 2023-09-28T13:40:50.801Z, 1211.5462751999999, 709.7318336000001
1695908450826, 2023-09-28T13:40:50.826Z, 1050.6337125999999, 698.1064754
1695908450864, 2023-09-28T13:40:50.864Z, 941.0781172, 703.8658722
1695908450880, 2023-09-28T13:40:50.880Z, 841.6944790000001, 711.4552908
1695908450895, 2023-09-28T13:40:50.895Z, 709.354402, 719.3454454
1695908450911, 2023-09-28T13:40:50.911Z, 578.49305, 728.9593656
1695908450928, 2023-09-28T13:40:50.928Z, 463.2300682000001, 740.5502920000001
1695908450946, 2023-09-28T13:40:50.946Z, 364.9915480000001, 744.4551672
1695908450974, 2023-09-28T13:40:50.974Z, 270.5875726, 747.9309682
1695908450990, 2023-09-28T13:40:50.990Z, 233.1578784, 749.6660600000001
1695908451007, 2023-09-28T13:40:51.007Z, 196.90880739999997, 750.6424008
1695908451036, 2023-09-28T13:40:51.036Z, 175.66796960000002, 750.1262692
1695908451052, 2023-09-28T13:40:51.052Z, 166.28622239999999, 739.4037552
1695908451067, 2023-09-28T13:40:51.067Z, 157.06283000000002, 732.984363
1695908451084, 2023-09-28T13:40:51.084Z, 156.297076, 727.1841828
1695908451098, 2023-09-28T13:40:51.098Z, 156.28687159999998, 720.7958344000001
1695908451127, 2023-09-28T13:40:51.127Z, 151.12457039999998, 720.4237426
1695908451145, 2023-09-28T13:40:51.145Z, 149.470122, 732.0446173999999
1695908451161, 2023-09-28T13:40:51.161Z, 146.148776, 738.0198005999999
1695908451176, 2023-09-28T13:40:51.176Z, 138.610588, 750.9155755999999
1695908451191, 2023-09-28T13:40:51.191Z, 127.40360640000002, 767.6101564
1695908451223, 2023-09-28T13:40:51.223Z, 117.7360688, 783.8091942000001
1695908451239, 2023-09-28T13:40:51.239Z, 107.449326, 796.4323850000001
1695908451278, 2023-09-28T13:40:51.278Z, 101.44476019999999, 812.5948078000001
1695908451316, 2023-09-28T13:40:51.316Z, 101.34340560000001, 817.1538043999999
1695908451331, 2023-09-28T13:40:51.331Z, 103.60338759999999, 818.7482706000001
1695908451363, 2023-09-28T13:40:51.363Z, 106.68475760000001, 817.9694588
1695908451378, 2023-09-28T13:40:51.378Z, 111.2230152, 817.9227652
1695908451396, 2023-09-28T13:40:51.396Z, 113.03539500000002, 815.2563062
1695908451426, 2023-09-28T13:40:51.426Z, 114.48281260000002, 817.7366750000001
1695908451442, 2023-09-28T13:40:51.442Z, 133.085441, 816.9680127999999
1695908451458, 2023-09-28T13:40:51.458Z, 140.6312234, 816.648621
1695908451473, 2023-09-28T13:40:51.473Z, 137.18459360000003, 817.430669
1695908451490, 2023-09-28T13:40:51.490Z, 140.7582514, 817.397292
1695908451506, 2023-09-28T13:40:51.506Z, 134.99679840000002, 817.2560152
1695908451536, 2023-09-28T13:40:51.536Z, 116.83506080000002, 818.8957152
1695908451551, 2023-09-28T13:40:51.551Z, 109.5239736, 819.8704594000001
1695908451576, 2023-09-28T13:40:51.576Z, 113.36681779999999, 819.1546224
1695908451599, 2023-09-28T13:40:51.599Z, 110.3303226, 819.6912157999999
1695908451615, 2023-09-28T13:40:51.615Z, 112.275678, 819.3573288
1695908451632, 2023-09-28T13:40:51.632Z, 106.72635679999999, 820.140387
1695908451646, 2023-09-28T13:40:51.646Z, 98.7342388, 820.2292206
1695908451663, 2023-09-28T13:40:51.663Z, 90.362718, 821.0047218
1695908451678, 2023-09-28T13:40:51.678Z, 86.7117398, 821.2435692000001
1695908451694, 2023-09-28T13:40:51.694Z, 85.5528144, 822.14179
1695908451727, 2023-09-28T13:40:51.727Z, 87.40403380000001, 824.5447829999999
1695908451741, 2023-09-28T13:40:51.741Z, 90.5405372, 828.2521542000001
1695908451757, 2023-09-28T13:40:51.757Z, 94.5754314, 832.7557380000001
1695908451772, 2023-09-28T13:40:51.772Z, 94.1271536, 837.7236884
1695908451788, 2023-09-28T13:40:51.788Z, 94.8777066, 841.0963932000001
1695908451803, 2023-09-28T13:40:51.803Z, 97.74704899999999, 841.3641791999999
1695908451819, 2023-09-28T13:40:51.819Z, 101.1022928, 840.193835
1695908451834, 2023-09-28T13:40:51.834Z, 102.89310760000001, 839.3203974
1695908451850, 2023-09-28T13:40:51.850Z, 106.1990258, 836.2803538000001
1695908451872, 2023-09-28T13:40:51.872Z, 110.92795959999998, 830.9908148000001
1695908451891, 2023-09-28T13:40:51.891Z, 115.528322, 827.9404289999999
1695908451907, 2023-09-28T13:40:51.907Z, 119.8923576, 824.8349306
1695908451945, 2023-09-28T13:40:51.945Z, 126.16332059999999, 818.1576756
1695908451960, 2023-09-28T13:40:51.960Z, 130.25726319999998, 814.3610292
1695908451991, 2023-09-28T13:40:51.991Z, 132.826102, 815.7707495999999
1695908452007, 2023-09-28T13:40:52.007Z, 134.40493099999998, 815.0467238
1695908452027, 2023-09-28T13:40:52.027Z, 135.7987526, 815.6870101999999
1695908452054, 2023-09-28T13:40:52.054Z, 136.6690738, 819.2671928
1695908452084, 2023-09-28T13:40:52.084Z, 137.84517939999998, 821.0322389999999
1695908452100, 2023-09-28T13:40:52.100Z, 139.09840279999997, 820.8461626000001
1695908452117, 2023-09-28T13:40:52.117Z, 139.960397, 822.4299370000001
1695908452147, 2023-09-28T13:40:52.147Z, 140.1707784, 823.2586454
1695908452178, 2023-09-28T13:40:52.178Z, 139.295886, 823.7621637999998
1695908452208, 2023-09-28T13:40:52.208Z, 137.5256632, 824.9218154
1695908452224, 2023-09-28T13:40:52.224Z, 134.47237360000003, 826.1364398
1695908452240, 2023-09-28T13:40:52.240Z, 126.9617004, 829.1299786
1695908452256, 2023-09-28T13:40:52.256Z, 123.16470720000002, 829.6321202000001
1695908452272, 2023-09-28T13:40:52.272Z, 123.3639338, 828.649692
1695908452287, 2023-09-28T13:40:52.287Z, 214.39183899999998, 798.2563055999999
1695908452302, 2023-09-28T13:40:52.302Z, 342.479793, 752.988666
1695908452325, 2023-09-28T13:40:52.325Z, 506.01213079999997, 688.8724156000001
1695908452351, 2023-09-28T13:40:52.351Z, 671.7852494000001, 624.7738091999998
1695908452367, 2023-09-28T13:40:52.367Z, 845.4044778, 553.0228788000001
1695908452381, 2023-09-28T13:40:52.381Z, 930.6240099999999, 509.0799976
1695908452412, 2023-09-28T13:40:52.412Z, 990.5136038, 470.5172404
1695908452431, 2023-09-28T13:40:52.431Z, 1064.8728773999999, 419.9052774
1695908452460, 2023-09-28T13:40:52.460Z, 1136.7237652, 370.29227119999996
1695908452477, 2023-09-28T13:40:52.477Z, 1210.4614216, 322.5641424
1695908452506, 2023-09-28T13:40:52.506Z, 1291.0327616, 272.604216
1695908452521, 2023-09-28T13:40:52.521Z, 1399.7574438, 212.95310719999998
1695908452537, 2023-09-28T13:40:52.537Z, 1461.0106756, 182.6109622
1695908452567, 2023-09-28T13:40:52.567Z, 1518.6906054000003, 154.2660566
1695908452583, 2023-09-28T13:40:52.583Z, 1563.2163874000003, 132.97353719999998
1695908452626, 2023-09-28T13:40:52.626Z, 1596.7139286000001, 117.53574859999999
1695908452636, 2023-09-28T13:40:52.636Z, 1591.9804446, 119.6898302
1695908452655, 2023-09-28T13:40:52.655Z, 1599.6469593999998, 116.28269660000001
1695908452677, 2023-09-28T13:40:52.677Z, 1612.531331, 110.72714700000002
1695908452707, 2023-09-28T13:40:52.707Z, 1634.1587806, 105.59813239999998
1695908452722, 2023-09-28T13:40:52.722Z, 1655.5264474, 99.54569
1695908452755, 2023-09-28T13:40:52.755Z, 1691.3164888, 84.06794299999999
1695908452790, 2023-09-28T13:40:52.790Z, 1716.9874078, 74.73908299999998
1695908452816, 2023-09-28T13:40:52.816Z, 1739.6917414, 63.331302400000006
1695908452848, 2023-09-28T13:40:52.848Z, 1755.9065036, 50.443782000000006
1695908452863, 2023-09-28T13:40:52.863Z, 1774.9158364, 36.5284066
1695908452895, 2023-09-28T13:40:52.895Z, 1779.3135438000002, 32.37415320000001
1695908452913, 2023-09-28T13:40:52.913Z, 1785.1621489999998, 25.0384108
1695908452928, 2023-09-28T13:40:52.928Z, 1790.8310038, 18.8646654
1695908452988, 2023-09-28T13:40:52.988Z, 1794.880138, 16.061487800000002
1695908453020, 2023-09-28T13:40:53.020Z, 1796.2588778000002, 22.4404802
1695908453036, 2023-09-28T13:40:53.036Z, 1796.821787, 30.2644492
1695908453076, 2023-09-28T13:40:53.076Z, 1802.252631, 33.53009659999999
1695908453105, 2023-09-28T13:40:53.105Z, 1805.9406119999999, 39.4453488
1695908453130, 2023-09-28T13:40:53.130Z, 1803.6275173999998, 49.784720400000005
1695908453161, 2023-09-28T13:40:53.161Z, 1804.1975658, 50.6500568
1695908453176, 2023-09-28T13:40:53.176Z, 1805.9554644, 49.964888
1695908453207, 2023-09-28T13:40:53.207Z, 1801.7831642, 55.4628836
1695908453255, 2023-09-28T13:40:53.255Z, 1798.4255024000001, 58.2251166
1695908453302, 2023-09-28T13:40:53.302Z, 1802.9841256, 47.918271
1695908453317, 2023-09-28T13:40:53.317Z, 1806.8454838000002, 40.225626399999996
1695908453332, 2023-09-28T13:40:53.332Z, 1810.7373760000003, 29.1365672
1695908453457, 2023-09-28T13:40:53.457Z, 1800.529418, 31.1798626
1695908453472, 2023-09-28T13:40:53.472Z, 1789.0986388000001, 41.0521958
1695908453488, 2023-09-28T13:40:53.488Z, 1780.4780316000001, 55.455225199999994
1695908453527, 2023-09-28T13:40:53.527Z, 1780.0044045999998, 64.1710106
1695908453550, 2023-09-28T13:40:53.550Z, 1779.9306342, 75.877148
1695908453567, 2023-09-28T13:40:53.567Z, 1795.4926268, 65.28371239999998
1695908453581, 2023-09-28T13:40:53.581Z, 1814.6650777999998, 50.445758
1695908453597, 2023-09-28T13:40:53.597Z, 1829.7917554, 37.443005400000004
1695908453675, 2023-09-28T13:40:53.675Z, 1841.870372, 23.7429076
1695908453691, 2023-09-28T13:40:53.691Z, 1847.5586984000001, 11.5601574
1695908453706, 2023-09-28T13:40:53.706Z, 1819.7383816000001, 9.641283399999999
1695908453738, 2023-09-28T13:40:53.738Z, 1705.915308, 16.154142
1695908453753, 2023-09-28T13:40:53.753Z, 1579.9310644, 32.130305
1695908453783, 2023-09-28T13:40:53.783Z, 1437.3247106, 35.926570399999996
1695908453799, 2023-09-28T13:40:53.799Z, 1284.3466152, 49.0154398
1695908453825, 2023-09-28T13:40:53.825Z, 1144.560543, 65.46767
1695908453840, 2023-09-28T13:40:53.840Z, 1088.2224676, 71.49183680000002
1695908453878, 2023-09-28T13:40:53.878Z, 1022.8356176, 59.242319800000004
1695908453894, 2023-09-28T13:40:53.894Z, 961.1210122, 58.778791
1695908454254, 2023-09-28T13:40:54.254Z, 757.948435, 57.2763178
1695908454278, 2023-09-28T13:40:54.278Z, 578.4508516, 64.1470782
1695908454301, 2023-09-28T13:40:54.301Z, 399.8401946, 79.2108582
1695908454316, 2023-09-28T13:40:54.316Z, 244.86496780000002, 100.798093
1695908454331, 2023-09-28T13:40:54.331Z, 101.13074079999998, 124.7340502
1695908454346, 2023-09-28T13:40:54.346Z, 109.74198700000002, 145.1314198
1695908454362, 2023-09-28T13:40:54.362Z, 113.0451374, 153.6247852
1695908454378, 2023-09-28T13:40:54.378Z, 115.5275668, 154.0262952
1695908454393, 2023-09-28T13:40:54.393Z, 112.5979896, 156.3921966
1695908454428, 2023-09-28T13:40:54.428Z, 108.0930754, 157.7596352
1695908454440, 2023-09-28T13:40:54.440Z, 108.797697, 154.3218926
1695908454471, 2023-09-28T13:40:54.471Z, 110.16039559999999, 149.5990774
1695908454502, 2023-09-28T13:40:54.502Z, 108.7790984, 136.9401394
1695908454518, 2023-09-28T13:40:54.518Z, 108.57567080000001, 127.13029320000001
1695908454533, 2023-09-28T13:40:54.533Z, 108.9218074, 122.6560634
1695908454549, 2023-09-28T13:40:54.549Z, 108.18721359999999, 118.0134842
1695908454573, 2023-09-28T13:40:54.573Z, 108.2788634, 111.22357600000001
1695908454590, 2023-09-28T13:40:54.590Z, 111.53362139999999, 117.41389020000001
1695908454607, 2023-09-28T13:40:54.607Z, 114.8095482, 121.88097239999999
1695908454625, 2023-09-28T13:40:54.625Z, 115.10590859999999, 125.69384400000001
1695908454642, 2023-09-28T13:40:54.642Z, 117.0240828, 131.0734856
1695908454656, 2023-09-28T13:40:54.656Z, 113.42946299999998, 141.74599540000003
1695908454673, 2023-09-28T13:40:54.673Z, 112.35045519999998, 147.4389756
1695908454688, 2023-09-28T13:40:54.688Z, 112.3839086, 152.09208400000003
1695908454704, 2023-09-28T13:40:54.704Z, 110.7907324, 156.01195040000002
1695908454728, 2023-09-28T13:40:54.728Z, 109.06259279999999, 157.1890758
1695908454751, 2023-09-28T13:40:54.751Z, 110.9462308, 156.198231
1695908454767, 2023-09-28T13:40:54.767Z, 109.35697339999999, 154.5526022
1695908454782, 2023-09-28T13:40:54.782Z, 107.59691240000002, 152.1183852
1695908454797, 2023-09-28T13:40:54.797Z, 106.2622844, 148.8787624
1695908454813, 2023-09-28T13:40:54.813Z, 104.506878, 146.042179
1695908454844, 2023-09-28T13:40:54.844Z, 101.175802, 145.7130956
1695908454876, 2023-09-28T13:40:54.876Z, 100.119533, 138.6238958
1695908454891, 2023-09-28T13:40:54.891Z, 100.89267760000001, 128.1020418
1695908454921, 2023-09-28T13:40:54.921Z, 102.70914579999999, 124.29180960000001
1695908454937, 2023-09-28T13:40:54.937Z, 103.4023964, 121.5083268
1695908454953, 2023-09-28T13:40:54.953Z, 104.790058, 124.0906244
1695908454968, 2023-09-28T13:40:54.968Z, 102.9330256, 133.1916936
1695908454999, 2023-09-28T13:40:54.999Z, 99.326739, 138.81920840000004
1695908455021, 2023-09-28T13:40:55.021Z, 97.1201868, 136.1029798
1695908455040, 2023-09-28T13:40:55.040Z, 96.6308568, 133.025691
1695908455055, 2023-09-28T13:40:55.055Z, 126.3222446, 139.04989840000002
1695908455065, 2023-09-28T13:40:55.065Z, 182.1334872, 173.9671866
1695908455086, 2023-09-28T13:40:55.086Z, 246.27130300000005, 213.01638160000002
1695908455107, 2023-09-28T13:40:55.107Z, 312.5472554, 254.38894639999998
1695908455139, 2023-09-28T13:40:55.139Z, 378.8180826, 294.7787832
1695908455152, 2023-09-28T13:40:55.152Z, 416.72170659999995, 315.5585226
1695908455176, 2023-09-28T13:40:55.176Z, 430.94999399999995, 302.1673588
1695908455190, 2023-09-28T13:40:55.190Z, 436.28016879999996, 294.42469520000003
1695908455215, 2023-09-28T13:40:55.215Z, 436.66674759999995, 289.92107000000004
1695908455231, 2023-09-28T13:40:55.231Z, 434.1568326, 289.0459614
1695908455246, 2023-09-28T13:40:55.246Z, 438.40404019999994, 290.5963294
1695908455262, 2023-09-28T13:40:55.262Z, 445.88550999999995, 295.3336192
1695908455278, 2023-09-28T13:40:55.278Z, 454.2262014, 297.1957074
1695908455294, 2023-09-28T13:40:55.294Z, 473.6263954, 299.1153916
1695908455341, 2023-09-28T13:40:55.341Z, 552.3168662, 327.8661422
1695908455357, 2023-09-28T13:40:55.357Z, 653.2163195999999, 372.19405800000004
1695908455372, 2023-09-28T13:40:55.372Z, 749.0273244, 419.90792380000005
1695908455387, 2023-09-28T13:40:55.387Z, 841.5240424, 468.35674980000005
1695908455403, 2023-09-28T13:40:55.403Z, 940.0932034000001, 512.1920332000001
1695908455419, 2023-09-28T13:40:55.419Z, 980.9178304000001, 528.0624836000001
1695908455435, 2023-09-28T13:40:55.435Z, 988.1720916, 527.3341848
1695908455450, 2023-09-28T13:40:55.450Z, 999.3702049999999, 527.3793368
1695908455472, 2023-09-28T13:40:55.472Z, 1013.4014136, 528.3596964000001
1695908455496, 2023-09-28T13:40:55.496Z, 1013.5688809999999, 531.1094034
1695908455510, 2023-09-28T13:40:55.510Z, 1014.0919872000001, 531.8516394000001
1695908455526, 2023-09-28T13:40:55.526Z, 1018.9934135999999, 533.3694996
1695908455541, 2023-09-28T13:40:55.541Z, 1020.4901222000001, 534.0477800000001
1695908455556, 2023-09-28T13:40:55.556Z, 1022.8949829999999, 532.5517196000001
1695908455572, 2023-09-28T13:40:55.572Z, 1024.0719244, 530.7211331999999
1695908455588, 2023-09-28T13:40:55.588Z, 1025.6240762, 526.4252172
1695908455603, 2023-09-28T13:40:55.603Z, 1025.1743887999999, 521.2356888
1695908455628, 2023-09-28T13:40:55.628Z, 1024.9184986, 513.6179182000001
1695908455642, 2023-09-28T13:40:55.642Z, 1023.3170663999999, 506.2099418000001
1695908455651, 2023-09-28T13:40:55.651Z, 1022.0179922, 497.4407914
1695908455681, 2023-09-28T13:40:55.681Z, 1021.1851074, 484.64014299999997
1695908455697, 2023-09-28T13:40:55.697Z, 1021.3421474, 473.0821244
1695908455712, 2023-09-28T13:40:55.712Z, 1019.7869962000001, 466.0475608
1695908455728, 2023-09-28T13:40:55.728Z, 1018.54282, 459.96756619999996
1695908455743, 2023-09-28T13:40:55.743Z, 1016.9478316000001, 454.37229800000006
1695908455759, 2023-09-28T13:40:55.759Z, 1014.476626, 455.58359279999996
1695908455777, 2023-09-28T13:40:55.777Z, 1011.4188396, 458.44112379999996
1695908455789, 2023-09-28T13:40:55.789Z, 1010.1292046000001, 459.24330019999996
1695908455805, 2023-09-28T13:40:55.805Z, 1010.2007664, 457.84435699999995
1695908455821, 2023-09-28T13:40:55.821Z, 1010.9175804, 457.27308039999997
1695908455836, 2023-09-28T13:40:55.836Z, 1012.0952322, 457.41520099999997
1695908455851, 2023-09-28T13:40:55.851Z, 1017.057177, 452.4056198
1695908455867, 2023-09-28T13:40:55.867Z, 1021.2305180000001, 448.5235268
1695908455883, 2023-09-28T13:40:55.883Z, 1023.6534045999999, 447.59002200000003
1695908455899, 2023-09-28T13:40:55.899Z, 1024.6597918, 447.12590179999995
1695908455921, 2023-09-28T13:40:55.921Z, 1022.2318241999999, 449.39939919999995
1695908455941, 2023-09-28T13:40:55.941Z, 1017.7919029999999, 454.5546096
1695908455955, 2023-09-28T13:40:55.955Z, 1014.1516784000002, 458.51209179999995
1695908455977, 2023-09-28T13:40:55.977Z, 1010.1760102000001, 463.0567526
1695908455992, 2023-09-28T13:40:55.992Z, 1007.2401460000001, 466.68004
1695908456007, 2023-09-28T13:40:56.007Z, 1007.2286105999999, 468.36476380000005
1695908456023, 2023-09-28T13:40:56.023Z, 1005.674063, 470.48843939999995
1695908456038, 2023-09-28T13:40:56.038Z, 1003.8119140000001, 472.29180340000005
1695908456054, 2023-09-28T13:40:56.054Z, 1002.642683, 472.54921620000005
1695908456076, 2023-09-28T13:40:56.076Z, 1004.0910778, 462.8459952
1695908456093, 2023-09-28T13:40:56.093Z, 1004.5718547999999, 454.36037259999995
1695908456101, 2023-09-28T13:40:56.101Z, 1006.3933792, 447.1580754
1695908456122, 2023-09-28T13:40:56.122Z, 1008.9853817999999, 440.36509839999997
1695908456147, 2023-09-28T13:40:56.147Z, 1011.1941786, 434.9294644
1695908456166, 2023-09-28T13:40:56.166Z, 1010.7457898, 444.56843899999996
1695908456196, 2023-09-28T13:40:56.196Z, 1012.5559652, 449.3144076
1695908456226, 2023-09-28T13:40:56.226Z, 1013.260642, 453.63878080000006
1695908456241, 2023-09-28T13:40:56.241Z, 1012.6684578, 458.60347060000004
1695908456257, 2023-09-28T13:40:56.257Z, 1014.570357, 455.68378839999997
1695908456273, 2023-09-28T13:40:56.273Z, 1015.220442, 448.8803019999999
1695908456289, 2023-09-28T13:40:56.289Z, 1013.791758, 447.1626948
1695908456305, 2023-09-28T13:40:56.305Z, 1011.1626601999999, 447.6682336
1695908456320, 2023-09-28T13:40:56.320Z, 1009.9841294, 443.7911212
1695908456336, 2023-09-28T13:40:56.336Z, 1006.6133890000001, 443.55063559999996
1695908456350, 2023-09-28T13:40:56.350Z, 1006.265993, 435.24092039999994
1695908456372, 2023-09-28T13:40:56.372Z, 1005.6165709999999, 426.96402560000007
1695908456406, 2023-09-28T13:40:56.406Z, 1008.5155344000001, 412.07180420000003
1695908456413, 2023-09-28T13:40:56.413Z, 1011.0269447999999, 399.1834728
1695908456430, 2023-09-28T13:40:56.430Z, 1015.0087494000002, 387.1166678
1695908456445, 2023-09-28T13:40:56.445Z, 1019.7791216000002, 375.4537374
1695908456461, 2023-09-28T13:40:56.461Z, 1023.0151960000001, 366.73948160000003
1695908456477, 2023-09-28T13:40:56.477Z, 1024.7669262, 360.44557679999997
1695908456493, 2023-09-28T13:40:56.493Z, 1023.0849234, 350.34211099999993
1695908456509, 2023-09-28T13:40:56.509Z, 1019.781138, 344.93083579999995
1695908456527, 2023-09-28T13:40:56.527Z, 1008.7374148000001, 329.3566608
1695908456557, 2023-09-28T13:40:56.557Z, 996.2229258, 297.88636180000003
1695908456572, 2023-09-28T13:40:56.572Z, 980.0340400000001, 254.68673179999996
1695908456588, 2023-09-28T13:40:56.588Z, 966.3815360000001, 215.5836166
1695908456618, 2023-09-28T13:40:56.618Z, 953.7051114, 174.938785
1695908456634, 2023-09-28T13:40:56.634Z, 946.7744562, 147.56629999999998
1695908456677, 2023-09-28T13:40:56.677Z, 940.2821769999998, 138.8412778
1695908456710, 2023-09-28T13:40:56.710Z, 937.4000176, 142.74988779999998
1695908456726, 2023-09-28T13:40:56.726Z, 936.3983281999999, 140.37839179999997
1695908456756, 2023-09-28T13:40:56.756Z, 935.1777778, 136.04481099999998
1695908456772, 2023-09-28T13:40:56.772Z, 933.8617715999999, 139.9325974
1695908456804, 2023-09-28T13:40:56.804Z, 936.6191203999999, 134.3882898
1695908456841, 2023-09-28T13:40:56.841Z, 940.9815302, 125.01581059999998
1695908456854, 2023-09-28T13:40:56.854Z, 943.0629059999999, 126.9629262
1695908456895, 2023-09-28T13:40:56.895Z, 944.2036034, 127.109025
1695908456911, 2023-09-28T13:40:56.911Z, 943.4830705999999, 130.5338662
1695908456943, 2023-09-28T13:40:56.943Z, 942.0809353999999, 130.8002954
1695908456958, 2023-09-28T13:40:56.958Z, 939.362867, 140.0061666
1695908456980, 2023-09-28T13:40:56.980Z, 948.6305638, 167.0877374
1695908457006, 2023-09-28T13:40:57.006Z, 955.7257207999999, 194.60913599999998
1695908457023, 2023-09-28T13:40:57.023Z, 970.6574418, 238.7124116
1695908457037, 2023-09-28T13:40:57.037Z, 988.1905290000001, 297.39405079999995
1695908457052, 2023-09-28T13:40:57.052Z, 1005.1882276, 355.63185680000004
1695908457069, 2023-09-28T13:40:57.069Z, 1016.8225049999999, 397.3806754
1695908457083, 2023-09-28T13:40:57.083Z, 1029.7559808, 443.892608
1695908457099, 2023-09-28T13:40:57.099Z, 1028.0728976, 473.2147358
1695908457133, 2023-09-28T13:40:57.133Z, 1020.6112557999999, 491.26880620000003
1695908457147, 2023-09-28T13:40:57.147Z, 1014.546234, 504.05284199999994
1695908457164, 2023-09-28T13:40:57.164Z, 1003.0330262, 511.83610799999997
1695908457203, 2023-09-28T13:40:57.203Z, 996.7393076000001, 519.4545422
1695908457211, 2023-09-28T13:40:57.211Z, 1000.5675004000001, 520.1223958
1695908457225, 2023-09-28T13:40:57.225Z, 1006.9614634, 522.7975646000001
1695908457241, 2023-09-28T13:40:57.241Z, 1012.6973389999999, 526.0174272000002
1695908457257, 2023-09-28T13:40:57.257Z, 1015.8941177999999, 527.987727
1695908457275, 2023-09-28T13:40:57.275Z, 1016.0003224, 528.6110688
1695908457304, 2023-09-28T13:40:57.304Z, 1012.8828915999999, 527.5227904
1695908457318, 2023-09-28T13:40:57.318Z, 1010.2111560000001, 525.0429449999999
1695908457334, 2023-09-28T13:40:57.334Z, 1006.7864784, 521.7923185999999
1695908457349, 2023-09-28T13:40:57.349Z, 1006.1437794, 517.4106787999999
1695908457364, 2023-09-28T13:40:57.364Z, 1004.3551736, 512.3313746
1695908457382, 2023-09-28T13:40:57.382Z, 1003.6473233999999, 508.16790920000005
1695908457412, 2023-09-28T13:40:57.412Z, 1001.0623636, 506.3126298
1695908457430, 2023-09-28T13:40:57.430Z, 998.308354, 506.57454939999997
1695908457444, 2023-09-28T13:40:57.444Z, 995.0674744, 510.07128620000003
1695908457459, 2023-09-28T13:40:57.459Z, 992.3420502000001, 513.9053848
1695908457474, 2023-09-28T13:40:57.474Z, 989.8160271999999, 518.1453034
1695908457489, 2023-09-28T13:40:57.489Z, 989.1095440000001, 520.5535425999999
1695908457505, 2023-09-28T13:40:57.505Z, 989.1743893999999, 521.1056132
1695908457521, 2023-09-28T13:40:57.521Z, 989.0881482000001, 520.6465404
1695908457536, 2023-09-28T13:40:57.536Z, 988.7600669999999, 519.9475706000001
1695908457552, 2023-09-28T13:40:57.552Z, 988.6373719999999, 518.5058432
1695908457585, 2023-09-28T13:40:57.585Z, 988.7576349999999, 516.5518669999999
1695908457599, 2023-09-28T13:40:57.599Z, 987.0324870000001, 514.3890191999999
1695908457615, 2023-09-28T13:40:57.615Z, 981.5360042, 510.04236720000006
1695908457630, 2023-09-28T13:40:57.630Z, 976.6534940000001, 503.43641820000005
1695908457646, 2023-09-28T13:40:57.646Z, 966.7003116, 495.015086
1695908457663, 2023-09-28T13:40:57.663Z, 956.767771, 486.80557120000003
1695908457677, 2023-09-28T13:40:57.677Z, 947.9484521999999, 479.8911084
1695908457695, 2023-09-28T13:40:57.695Z, 942.1886994, 475.04282299999994
1695908457722, 2023-09-28T13:40:57.722Z, 935.3819864000001, 473.1405764
1695908457755, 2023-09-28T13:40:57.755Z, 931.1025883999998, 478.16259440000005
1695908457771, 2023-09-28T13:40:57.771Z, 926.0406929999999, 486.2156107999999
1695908457787, 2023-09-28T13:40:57.787Z, 921.2372439999999, 495.5595826
1695908457802, 2023-09-28T13:40:57.802Z, 916.2332326, 506.91168500000003
1695908457818, 2023-09-28T13:40:57.818Z, 911.5453530000001, 518.1959876
1695908457833, 2023-09-28T13:40:57.833Z, 909.7225386, 524.3042955999999
1695908457849, 2023-09-28T13:40:57.849Z, 908.5091349999999, 528.4513078
1695908457878, 2023-09-28T13:40:57.878Z, 914.0218344000001, 516.3006238
1695908457896, 2023-09-28T13:40:57.898Z, 921.2319586, 503.19599600000004
1695908457912, 2023-09-28T13:40:57.912Z, 928.3849602, 489.6683644000001
1695908457928, 2023-09-28T13:40:57.928Z, 935.5932402000001, 477.796649
1695908457943, 2023-09-28T13:40:57.943Z, 942.9669895999999, 466.87660179999995
1695908457959, 2023-09-28T13:40:57.959Z, 944.2170122, 471.02754459999994
1695908457975, 2023-09-28T13:40:57.975Z, 944.8540114, 475.01751679999995
1695908457991, 2023-09-28T13:40:57.991Z, 945.6046997999999, 478.94775419999996
1695908458007, 2023-09-28T13:40:58.007Z, 945.8454707999999, 481.16921160000004
1695908458028, 2023-09-28T13:40:58.028Z, 946.1164751999999, 481.8442046
1695908458054, 2023-09-28T13:40:58.054Z, 946.2345454, 481.81282300000004
1695908458070, 2023-09-28T13:40:58.070Z, 945.9761437999999, 481.41869740000004
1695908458085, 2023-09-28T13:40:58.085Z, 946.7692778, 480.321912
1695908458132, 2023-09-28T13:40:58.132Z, 947.833206, 478.3908728
1695908458175, 2023-09-28T13:40:58.175Z, 949.0268858, 474.65380860000005
1695908458197, 2023-09-28T13:40:58.197Z, 950.9727581999999, 470.21727819999995
1695908458212, 2023-09-28T13:40:58.212Z, 954.5994672, 464.54700620000006
1695908458227, 2023-09-28T13:40:58.227Z, 956.409728, 459.337809
1695908458243, 2023-09-28T13:40:58.243Z, 956.8643322, 455.43746780000004
1695908458258, 2023-09-28T13:40:58.258Z, 955.9978254, 453.72596219999997
1695908458273, 2023-09-28T13:40:58.273Z, 954.0748108, 453.2024392
1695908458289, 2023-09-28T13:40:58.289Z, 950.6659089999999, 454.093556
1695908458305, 2023-09-28T13:40:58.305Z, 948.5815264, 455.00744860000003
1695908458328, 2023-09-28T13:40:58.328Z, 948.5394708, 455.8014736
1695908458352, 2023-09-28T13:40:58.352Z, 950.6679641999999, 455.68346360000004
1695908458366, 2023-09-28T13:40:58.366Z, 951.7086508, 456.88083860000006
1695908458382, 2023-09-28T13:40:58.382Z, 948.5402802000001, 455.6535408
1695908458397, 2023-09-28T13:40:58.397Z, 944.9764410000001, 454.293296
1695908458414, 2023-09-28T13:40:58.414Z, 938.0818224000001, 451.8981252
1695908458430, 2023-09-28T13:40:58.430Z, 920.7497602, 442.83102900000006
1695908458445, 2023-09-28T13:40:58.445Z, 897.9880926, 425.9435774
1695908458477, 2023-09-28T13:40:58.477Z, 869.4524971999999, 404.84624240000005
1695908458490, 2023-09-28T13:40:58.490Z, 841.4589774, 381.7372986
1695908458507, 2023-09-28T13:40:58.507Z, 817.1416326000001, 361.38282819999995
1695908458522, 2023-09-28T13:40:58.522Z, 801.0104898000001, 348.92790019999995
1695908458538, 2023-09-28T13:40:58.538Z, 792.5815092, 342.70997320000004
1695908458553, 2023-09-28T13:40:58.553Z, 793.6900036, 343.3795922
1695908458571, 2023-09-28T13:40:58.571Z, 791.9583964000001, 350.02349979999997
1695908458585, 2023-09-28T13:40:58.585Z, 789.7237094, 353.809487
1695908458601, 2023-09-28T13:40:58.601Z, 787.6148678000001, 358.12884440000005
1695908458622, 2023-09-28T13:40:58.622Z, 786.1329294, 361.0592498
1695908458647, 2023-09-28T13:40:58.647Z, 785.1508203999999, 362.287512
1695908458663, 2023-09-28T13:40:58.663Z, 786.1710132000001, 360.1411184
1695908458681, 2023-09-28T13:40:58.681Z, 784.7042291999999, 361.17407000000003
1695908458695, 2023-09-28T13:40:58.695Z, 784.0856236, 361.4287426
1695908458710, 2023-09-28T13:40:58.710Z, 781.6565762, 363.1486328
1695908458726, 2023-09-28T13:40:58.726Z, 779.8733380000001, 365.399367
1695908458741, 2023-09-28T13:40:58.741Z, 779.5793467999999, 367.4974082
1695908458758, 2023-09-28T13:40:58.758Z, 781.8006343999999, 367.6445046
1695908458778, 2023-09-28T13:40:58.778Z, 783.9700811999999, 367.132845
1695908458803, 2023-09-28T13:40:58.803Z, 785.8628812, 365.98755960000005
1695908458821, 2023-09-28T13:40:58.821Z, 775.2660506, 367.10150260000006
1695908458839, 2023-09-28T13:40:58.839Z, 756.0019077999999, 363.5634648
1695908458852, 2023-09-28T13:40:58.852Z, 722.4554805999999, 344.54830920000006
1695908458867, 2023-09-28T13:40:58.867Z, 687.3188641999999, 328.366933
1695908458883, 2023-09-28T13:40:58.883Z, 644.2443178000001, 311.2307328
1695908458898, 2023-09-28T13:40:58.898Z, 611.9223526, 292.02258739999996
1695908458928, 2023-09-28T13:40:58.928Z, 580.1270118, 277.3314766
1695908458944, 2023-09-28T13:40:58.944Z, 557.1772943999999, 260.20738960000006
1695908458960, 2023-09-28T13:40:58.960Z, 530.0189088, 240.65283680000002
1695908458976, 2023-09-28T13:40:58.976Z, 507.84883020000007, 228.78905519999998
1695908458992, 2023-09-28T13:40:58.992Z, 482.26186859999996, 213.31567919999998
1695908459008, 2023-09-28T13:40:59.008Z, 461.4181583999999, 193.263193
1695908459022, 2023-09-28T13:40:59.022Z, 442.56827860000004, 187.5336306
1695908459037, 2023-09-28T13:40:59.037Z, 427.6192774, 180.0886314
1695908459054, 2023-09-28T13:40:59.054Z, 414.5848368, 165.5699998
1695908459075, 2023-09-28T13:40:59.075Z, 397.3658684, 143.7415666
1695908459100, 2023-09-28T13:40:59.100Z, 355.7585022, 109.40620980000001
1695908459116, 2023-09-28T13:40:59.116Z, 317.0936304, 79.10751459999999
1695908459241, 2023-09-28T13:40:59.241Z, 277.69589379999996, 50.45165659999999
1695908459257, 2023-09-28T13:40:59.257Z, 240.3730112, 21.7228918
1695908459273, 2023-09-28T13:40:59.273Z, 212.62232479999997, 5.5127302
1695908459289, 2023-09-28T13:40:59.289Z, 209.5601512, 11.548024799999999
1695908459304, 2023-09-28T13:40:59.304Z, 210.2582862, 20.679651
1695908459336, 2023-09-28T13:40:59.336Z, 213.704983, 30.162489600000004
1695908459352, 2023-09-28T13:40:59.352Z, 216.59803700000003, 41.7871448
1695908459377, 2023-09-28T13:40:59.377Z, 215.85706019999998, 53.1989334
1695908459399, 2023-09-28T13:40:59.399Z, 217.6055832, 56.985375
1695908459430, 2023-09-28T13:40:59.430Z, 211.7272434, 62.98120999999999
1695908459447, 2023-09-28T13:40:59.447Z, 206.474523, 68.0726394
1695908459461, 2023-09-28T13:40:59.461Z, 203.77317820000002, 66.6798144
1695908459477, 2023-09-28T13:40:59.477Z, 203.1297542, 64.19872520000001
1695908459508, 2023-09-28T13:40:59.508Z, 202.6226304, 60.6492946
1695908459525, 2023-09-28T13:40:59.525Z, 205.55405960000002, 50.7443764
1695908459542, 2023-09-28T13:40:59.542Z, 208.3983644, 37.9255868
1695908459571, 2023-09-28T13:40:59.571Z, 206.8263716, 31.4732064
1695908459618, 2023-09-28T13:40:59.618Z, 202.01372139999998, 28.1191286
1695908459650, 2023-09-28T13:40:59.650Z, 195.2069376, 28.322325799999998
1695908459699, 2023-09-28T13:40:59.699Z, 181.218657, 37.9513414
1695908459712, 2023-09-28T13:40:59.712Z, 169.2513546, 48.6484124
1695908459742, 2023-09-28T13:40:59.742Z, 159.04523740000002, 60.2613022
1695908459759, 2023-09-28T13:40:59.759Z, 152.6405866, 68.9932394
1695908459791, 2023-09-28T13:40:59.791Z, 155.8697486, 73.3462126
1695908459806, 2023-09-28T13:40:59.806Z, 170.1165688, 66.54791159999999
1695908459828, 2023-09-28T13:40:59.828Z, 179.00981080000003, 61.839952600000004
1695908459853, 2023-09-28T13:40:59.853Z, 189.2542034, 55.2707956
1695908459869, 2023-09-28T13:40:59.869Z, 201.90444479999996, 51.5508966
1695908459884, 2023-09-28T13:40:59.884Z, 199.423696, 48.64162460000001
1695908459902, 2023-09-28T13:40:59.902Z, 192.8726484, 45.4712164
1695908459918, 2023-09-28T13:40:59.918Z, 189.082339, 42.1663216
1695908459931, 2023-09-28T13:40:59.931Z, 185.6247084, 38.0748598
1695908459950, 2023-09-28T13:40:59.950Z, 177.9066698, 31.3647362
1695908459978, 2023-09-28T13:40:59.978Z, 177.3599974, 27.989570800000003
1695908460011, 2023-09-28T13:41:00.011Z, 174.6257498, 27.3264028
1695908460027, 2023-09-28T13:41:00.027Z, 171.33217280000002, 27.3760534
1695908460045, 2023-09-28T13:41:00.045Z, 165.0385376, 28.475194199999997
1695908460058, 2023-09-28T13:41:00.058Z, 158.9821252, 29.036541
1695908460074, 2023-09-28T13:41:00.074Z, 150.4318722, 30.421214
1695908460105, 2023-09-28T13:41:00.105Z, 145.392685, 31.8147222
1695908460129, 2023-09-28T13:41:00.129Z, 142.3548482, 37.2395976
1695908460143, 2023-09-28T13:41:00.143Z, 141.4630484, 41.411005
1695908460151, 2023-09-28T13:41:00.151Z, 142.1440312, 45.773228
1695908460200, 2023-09-28T13:41:00.200Z, 143.2741966, 51.33239
1695908460248, 2023-09-28T13:41:00.248Z, 148.6635302, 49.5869442
1695908460277, 2023-09-28T13:41:00.277Z, 153.0304486, 44.7938736
1695908460293, 2023-09-28T13:41:00.293Z, 155.47114679999999, 38.6950574
1695908460324, 2023-09-28T13:41:00.324Z, 156.583237, 31.795507000000004
1695908460340, 2023-09-28T13:41:00.340Z, 159.4127852, 22.7277292
1695908460371, 2023-09-28T13:41:00.371Z, 162.97049159999997, 22.0520438
1695908460387, 2023-09-28T13:41:00.387Z, 165.1859088, 19.5255144
1695908460424, 2023-09-28T13:41:00.424Z, 169.8909038, 19.1703904
1695908460464, 2023-09-28T13:41:00.464Z, 173.9800258, 20.0890652
1695908460480, 2023-09-28T13:41:00.480Z, 178.00558499999997, 21.0782152
1695908460512, 2023-09-28T13:41:00.512Z, 175.61125199999998, 22.523789
1695908460560, 2023-09-28T13:41:00.560Z, 175.18614879999996, 23.5598462
1695908460590, 2023-09-28T13:41:00.590Z, 171.61570160000002, 23.197943599999995
1695908460604, 2023-09-28T13:41:00.604Z, 170.6594622, 22.2941508